Position	CountMatch	CountA	CountT	CountG	CountC	Depth
1  2479  0  0  0  0  2375
2  2444  0  0  0  0  2444
3  2404  12  0  6  95  2515
4  5772  6  0  4  22  5748
5  5848  14  46  5  0  5911
6  5595  335  92  8  0  6028
7  6479  0  27  17  15  6533
8  6610  0  23  9  3  6642
9  6663  0  23  13  6  6704
10  6410  49  0  270  19  6748
11  6184  500  139  0  28  6851
12  6746  73  43  0  20  6882
13  6690  88  121  0  23  6922
14  3046  164  0  41  3694  6945
15  6797  49  289  51  0  7186
16  6530  661  61  0  36  7289
17  6423  449  449  0  63  7384
18  7464  0  12  29  23  7528
19  5706  1708  143  30  0  7587
20  8007  0  64  397  17  8485
21  8055  0  42  492  12  8601
22  6645  235  1895  0  38  8813
23  8471  265  232  21  0  8989
24  8415  88  561  69  0  9133
25  8789  337  188  0  55  9369
26  9343  37  0  24  63  9467
27  9360  114  136  0  38  9648
28  8953  0  39  757  15  9765
29  9284  55  0  449  42  9830
30  9658  177  151  0  20  10006
31  9629  160  266  0  45  10100
32  9528  556  103  37  0  10224
33  9612  563  131  37  0  10343
34  10364  0  47  29  36  10476
35  10326  0  42  97  92  10557
36  10032  140  450  54  0  10676
37  10034  87  577  42  0  10741
38  9859  650  201  0  81  10791
39  9735  188  0  832  73  10828
40  10923  0  73  49  50  11095
41  11014  49  0  21  71  11155
42  10903  139  160  0  57  11259
43  11003  161  126  27  0  11317
44  11156  0  72  69  28  11325
45  11144  123  0  9  77  11353
46  10971  0  199  65  45  11280
47  10398  315  505  0  107  11325
48  11141  0  105  93  67  11407
49  10411  737  187  135  0  11470
50  11413  0  32  40  26  11511
51  11219  0  110  49  27  11405
52  10110  137  272  0  873  11392
53  11046  119  272  0  44  11481
54  11177  63  0  75  48  11363
55  10988  182  138  61  0  11369
56  11180  114  0  19  49  11362
57  11268  94  0  29  49  11440
58  10834  195  225  0  148  11402
59  10857  0  60  259  104  11280
60  9612  725  845  90  0  11272
61  9993  1081  175  0  45  11294
62  10744  430  126  0  45  11345
63  11183  0  52  30  18  11283
64  9952  83  1232  25  0  11292
65  10650  422  189  0  66  11327
66  11174  71  0  20  60  11325
67  11121  67  179  75  0  11442
68  10903  122  368  86  0  11478
69  11229  0  81  51  51  11412
70  9919  290  1090  63  0  11363
71  8489  2575  176  0  93  11333
72  10885  0  50  88  423  11446
73  11314  0  120  36  35  11506
74  8485  0  259  60  2623  11428
75  11271  0  279  27  38  11614
76  10439  0  547  59  583  11629
77  10824  0  691  115  57  11687
78  11049  637  0  49  36  11771
79  11657  123  0  54  13  11847
80  11674  94  0  40  42  11850
81  10629  354  835  0  29  11847
82  11510  247  111  0  44  11912
83  11346  270  290  44  0  11950
84  11802  0  138  29  32  12000
85  11844  99  0  27  45  12015
86  11974  42  0  15  32  12063
87  11982  64  0  20  25  12091
88  11945  66  0  22  62  12095
89  11887  77  0  59  32  12055
90  11175  323  453  0  55  12007
91  11819  0  78  39  19  11955
92  11156  120  664  22  0  11962
93  10642  1053  211  0  36  11942
94  11652  94  0  30  135  11911
95  10876  86  914  47  0  11923
96  10714  984  164  0  51  11913
97  10825  851  197  0  61  11934
98  11904  0  57  23  17  12003
99  11877  0  102  38  15  12032
100  11912  42  0  28  50  12032
101  11072  241  584  102  0  11999
102  9545  165  2152  93  0  11955
103  10609  631  183  0  569  11992
104  10938  999  142  0  35  12114
105  12113  0  37  38  9  12197
106  12107  59  0  16  41  12223
107  11910  202  134  30  0  12276
108  12049  0  100  65  26  12240
109  11077  798  407  29  0  12311
110  11970  123  242  18  0  12353
111  11842  286  236  55  0  12419
112  12202  0  121  143  64  12530
113  12463  0  66  52  22  12604
114  12481  0  119  19  42  12659
115  12566  0  74  31  23  12694
116  12553  0  80  24  31  12688
117  12362  0  160  42  39  12603
118  12342  173  0  53  38  12605
119  11416  470  364  0  291  12539
120  11857  565  99  0  23  12542
121  12337  73  0  63  31  12499
122  10311  105  2059  0  30  12502
123  12358  81  0  28  46  12508
124  11986  239  203  0  113  12537
125  11313  100  1056  69  0  12532
126  10616  1607  0  32  174  12424
127  12496  0  85  95  20  12674
128  12453  70  0  66  83  12670
129  12204  0  256  150  33  12635
130  12425  165  60  0  34  12677
131  12353  163  126  72  0  12711
132  12487  0  90  55  28  12653
133  12332  119  199  36  0  12682
134  12423  0  73  64  40  12599
135  11650  139  720  77  0  12585
136  11669  783  65  0  30  12544
137  12581  0  31  51  21  12674
138  12624  0  26  15  17  12679
139  12480  0  102  11  15  12608
140  12457  0  54  30  18  12558
141  12396  48  0  15  24  12483
142  11634  139  578  19  0  12370
143  9286  2514  87  0  264  12150
144  11717  317  0  19  47  12100
145  10987  326  708  55  0  12076
146  11046  801  164  0  78  12082
147  11940  0  54  24  12  12026
148  11849  0  59  46  22  11974
149  11732  0  76  64  35  11906
150  11680  61  0  42  70  11853
151  10739  509  168  0  257  11670
152  11149  0  88  186  35  11458
153  10868  204  47  0  272  11390
154  11025  224  45  0  39  11333
155  3128  108  353  0  7435  11024
156  10460  332  141  0  33  10966
157  10768  45  0  22  55  10890
158  10709  0  44  68  19  10840
159  10665  41  0  22  57  10785
160  10430  136  56  0  36  10658
161  10278  65  140  41  0  10524
162  10029  70  0  208  55  10362
163  9777  89  360  15  0  10241
164  9273  616  140  0  52  10081
165  9005  750  144  28  0  9927
166  9711  76  0  12  17  9816
167  9453  138  0  38  47  9676
168  8859  80  506  52  0  9497
169  8307  839  125  0  51  9322
170  8820  270  63  0  37  9190
171  8678  274  84  0  34  9070
172  8642  175  66  0  40  8923
173  8424  194  102  22  0  8742
174  8530  74  0  10  14  8628
175  7812  30  576  17  0  8435
176  7737  284  61  0  56  8138
177  7918  26  0  46  26  8016
178  7900  20  0  10  14  7944
179  7768  5  0  6  10  7789
180  7207  7  8  0  2  7224
181  6914  0  0  0  0  6914
182  0  0  0  0  0  0
183  0  0  0  0  0  0
