Position	CountMatch	CountA	CountT	CountG	CountC	Depth
1  19  0  0  0  0  19
2  21  0  0  0  0  21
3  177  0  0  0  0  177
4  180  0  0  1  0  181
5  186  0  1  0  0  187
6  197  0  0  0  0  197
7  174  24  0  0  0  198
8  206  0  0  0  0  206
9  207  0  0  0  0  207
10  208  0  0  0  0  208
11  210  1  0  0  0  211
12  186  0  27  0  0  213
13  223  0  0  0  0  223
14  227  0  0  0  0  227
15  232  1  0  0  0  233
16  233  0  0  0  0  233
17  237  0  0  0  0  237
18  237  0  0  0  1  238
19  241  0  0  0  0  241
20  241  0  0  0  0  241
21  238  0  10  0  1  249
22  223  33  0  0  0  256
23  263  0  0  0  1  264
24  271  0  0  0  0  271
25  273  0  0  0  0  273
26  277  2  0  0  0  279
27  282  0  0  0  0  282
28  283  0  0  0  2  285
29  267  2  20  0  0  289
30  288  4  2  0  1  295
31  300  0  0  2  0  302
32  305  2  0  1  0  308
33  309  1  0  0  0  310
34  317  0  0  0  0  317
35  322  0  0  0  1  323
36  324  0  0  0  0  324
37  326  0  0  0  0  326
38  289  26  15  0  0  330
39  337  0  0  0  0  337
40  330  10  0  0  0  340
41  331  0  0  10  1  342
42  329  0  11  0  1  341
43  341  0  12  0  0  353
44  354  0  0  1  0  355
45  206  139  0  0  0  345
46  349  0  0  0  0  349
47  241  1  0  1  109  352
48  368  0  0  0  0  368
49  371  0  0  0  2  373
50  377  0  0  0  0  377
51  377  0  0  0  1  378
52  374  1  0  0  0  375
53  251  120  0  1  1  373
54  382  0  0  0  0  382
55  328  0  63  0  0  391
56  395  0  0  0  0  395
57  399  0  0  0  0  399
58  386  0  16  0  0  402
59  364  43  0  0  0  407
60  406  0  0  1  3  410
61  413  0  0  0  0  413
62  412  0  0  0  0  412
63  422  0  0  0  0  422
64  423  0  0  0  0  423
65  393  0  0  0  31  424
66  433  0  0  0  2  435
67  433  0  0  1  1  435
68  443  0  0  0  0  443
69  447  0  1  0  0  448
70  432  0  0  1  14  447
71  451  1  0  0  0  452
72  369  0  76  0  0  445
73  446  1  0  0  0  447
74  441  0  0  1  0  442
75  445  0  0  0  0  445
76  443  0  0  0  0  443
77  402  35  0  1  0  438
78  443  0  0  0  0  443
79  440  0  2  0  0  442
80  403  34  1  0  0  438
81  438  0  0  0  0  438
82  441  0  0  1  0  442
83  419  0  25  0  0  444
84  378  75  0  0  0  453
85  461  0  0  0  0  461
86  407  19  22  0  15  463
87  469  0  0  0  0  469
88  456  1  0  2  1  460
89  461  0  1  0  0  462
90  342  0  0  0  121  463
91  465  0  0  0  1  466
92  468  1  0  0  0  469
93  468  0  0  0  0  468
94  463  0  0  1  1  465
95  472  0  0  0  0  472
96  476  0  1  0  0  477
97  473  0  0  2  2  477
98  480  0  0  0  0  480
99  478  1  0  0  0  479
100  471  1  0  0  0  472
101  472  0  0  0  0  472
102  473  0  0  0  0  473
103  468  7  0  0  0  475
104  461  8  2  3  0  474
105  476  0  2  0  0  478
106  480  0  0  0  0  480
107  478  0  0  3  1  482
108  484  0  0  1  1  486
109  488  0  0  0  1  489
110  487  0  0  0  0  487
111  482  1  0  0  0  483
112  476  0  0  0  1  477
113  479  0  0  0  0  479
114  485  0  0  0  0  485
115  486  0  1  0  0  487
116  488  1  0  0  0  489
117  490  0  0  0  1  491
118  489  0  0  0  0  489
119  484  0  1  0  0  485
120  482  0  0  1  0  483
121  486  1  0  0  0  487
122  483  0  1  0  0  484
123  473  0  0  0  0  473
124  302  0  159  0  0  461
125  445  21  0  0  0  466
126  463  1  0  1  0  465
127  463  0  0  0  0  463
128  463  0  2  0  0  465
129  463  0  0  0  0  463
130  458  1  0  0  0  459
131  461  0  0  0  0  461
132  424  19  2  0  1  446
133  447  0  0  1  0  448
134  449  0  0  0  0  449
135  438  7  1  0  1  447
136  453  0  0  0  0  453
137  459  1  0  0  0  460
138  459  0  0  0  0  459
139  459  0  0  0  0  459
140  462  0  1  0  0  463
141  458  0  0  0  0  458
142  454  0  0  0  0  454
143  324  0  137  0  0  461
144  462  0  0  0  1  463
145  461  0  1  0  1  463
146  446  0  0  0  17  463
147  460  0  0  0  0  460
148  465  0  0  0  0  465
149  468  0  2  0  0  470
150  464  1  0  0  0  465
151  468  0  0  1  0  469
152  471  0  0  0  0  471
153  399  70  0  0  0  469
154  467  0  1  0  0  468
155  468  0  0  1  0  469
156  441  30  4  0  1  476
157  474  0  0  0  0  474
158  478  0  0  0  0  478
159  478  0  0  0  0  478
160  478  0  0  2  0  480
161  476  0  0  1  0  477
162  470  0  0  0  0  470
163  464  0  0  2  0  466
164  466  0  0  0  0  466
165  452  0  4  0  0  456
166  448  0  0  0  0  448
167  442  0  3  0  0  445
168  322  116  0  1  0  439
169  395  0  0  48  0  443
170  432  1  10  0  0  443
171  444  0  0  1  0  445
172  442  0  0  0  0  442
173  428  10  2  0  0  440
174  436  0  0  1  0  437
175  435  0  0  1  2  438
176  435  0  0  0  0  435
177  431  0  0  0  0  431
178  432  0  0  2  0  434
179  431  1  0  0  0  432
180  428  0  0  0  0  428
181  424  0  0  0  0  424
182  402  9  0  0  0  411
183  409  1  0  0  0  410
184  278  0  1  123  0  402
185  400  1  3  0  0  404
186  402  1  0  2  0  405
187  405  1  1  0  0  407
188  406  0  0  1  0  407
189  409  1  0  0  0  410
190  410  0  0  0  1  411
191  411  0  0  0  1  412
192  403  0  0  10  1  414
193  406  0  0  0  11  417
194  378  0  27  0  0  405
195  403  1  1  0  0  405
196  400  2  0  2  0  404
197  403  0  0  1  0  404
198  400  0  0  0  1  401
199  393  0  0  2  1  396
200  394  1  1  0  0  396
201  395  0  1  0  0  396
202  391  0  0  0  0  391
203  264  119  0  0  1  384
204  389  0  0  0  0  389
205  386  1  0  0  0  387
206  381  0  0  0  0  381
207  380  1  1  0  0  382
208  374  0  0  0  3  377
209  375  0  0  0  0  375
210  371  0  0  0  0  371
211  369  0  0  1  0  370
212  368  0  5  0  0  373
213  353  20  0  0  0  373
214  376  0  0  0  0  376
215  375  0  0  1  2  378
216  377  0  0  0  1  378
217  374  0  0  0  2  376
218  380  0  0  0  1  381
219  379  1  0  0  0  380
220  379  1  0  0  0  380
221  385  0  0  0  0  385
222  379  0  2  0  0  381
223  378  1  5  0  0  384
224  385  0  1  0  1  387
225  388  0  0  0  1  389
226  385  0  0  1  0  386
227  386  2  0  0  0  388
228  346  0  0  36  0  382
229  359  0  0  2  16  377
230  309  61  1  0  0  371
231  368  0  0  0  0  368
232  354  0  0  1  0  355
233  356  0  1  0  0  357
234  356  0  0  1  2  359
235  356  0  0  0  0  356
236  349  0  0  1  1  351
237  354  0  0  0  0  354
238  356  0  1  0  0  357
239  352  0  0  0  0  352
240  352  0  0  0  0  352
241  332  0  1  0  18  351
242  344  0  5  0  0  349
243  342  1  0  0  0  343
244  335  0  0  0  0  335
245  337  0  0  0  0  337
246  333  1  0  1  0  335
247  332  0  0  1  0  333
248  326  0  0  2  1  329
249  320  8  0  0  0  328
250  322  0  0  0  0  322
251  322  0  0  0  0  322
252  317  0  0  4  0  321
253  318  0  0  1  0  319
254  317  0  0  3  0  320
255  324  0  0  0  0  324
256  319  0  4  0  0  323
257  324  1  0  0  0  325
258  319  0  0  1  0  320
259  319  0  0  0  0  319
260  329  0  0  0  0  329
261  329  0  0  0  0  329
262  324  0  0  0  1  325
263  329  0  0  0  0  329
264  329  0  0  0  0  329
265  323  0  7  0  0  330
266  316  0  1  0  12  329
267  329  0  0  0  0  329
268  216  1  102  1  0  320
269  319  5  3  0  0  327
270  324  0  0  1  0  325
271  324  0  0  0  0  324
272  220  3  0  96  0  319
273  320  0  3  0  0  323
274  321  0  3  0  0  324
275  320  0  0  6  0  326
276  327  0  0  0  0  327
277  332  0  0  1  0  333
278  329  7  0  0  0  336
279  337  0  0  0  0  337
280  335  0  0  0  0  335
281  338  0  0  0  0  338
282  340  0  1  0  0  341
283  338  0  1  0  0  339
284  332  0  0  1  1  334
285  333  1  1  0  0  335
286  331  0  0  2  0  333
287  324  5  0  0  0  329
288  292  36  0  0  0  328
289  217  1  0  100  0  318
290  317  0  0  2  0  319
291  321  0  0  0  0  321
292  321  0  0  0  0  321
293  320  0  0  1  1  322
294  262  0  60  0  0  322
295  320  0  0  2  0  322
296  309  13  0  0  1  323
297  322  0  0  0  0  322
298  321  2  0  0  0  323
299  326  0  0  0  0  326
300  323  0  0  0  0  323
301  316  0  7  0  0  323
302  327  0  0  0  0  327
303  322  0  0  0  3  325
304  325  0  0  0  0  325
305  288  39  0  0  0  327
306  326  0  0  0  0  326
307  326  0  0  0  1  327
308  328  0  1  0  0  329
309  330  0  0  0  0  330
310  331  0  0  2  0  333
311  290  1  41  0  0  332
312  335  0  0  0  0  335
313  333  0  0  0  1  334
314  335  0  0  0  4  339
315  342  0  0  0  0  342
316  340  0  0  0  0  340
317  338  1  1  0  0  340
318  339  0  0  0  0  339
319  311  2  0  17  0  330
320  331  0  0  0  0  331
321  329  0  0  0  0  329
322  330  0  0  0  1  331
323  330  0  4  0  0  334
324  322  8  0  0  0  330
325  333  0  0  3  0  336
326  336  0  2  0  4  342
327  352  0  0  0  0  352
328  325  0  0  27  0  352
329  358  0  0  0  0  358
330  359  0  0  0  0  359
331  362  0  0  0  0  362
332  370  0  0  0  0  370
333  372  0  0  0  0  372
334  313  58  0  0  0  371
335  371  7  0  0  0  378
336  364  1  0  9  0  374
337  379  0  0  0  0  379
338  380  0  0  0  1  381
339  386  0  0  0  1  387
340  387  3  0  0  0  390
341  393  0  0  1  1  395
342  392  4  0  0  0  396
343  360  0  0  0  33  393
344  370  0  0  19  0  389
345  392  0  0  0  0  392
346  394  0  1  0  0  395
347  389  0  1  0  0  390
348  378  7  1  0  1  387
349  383  4  2  0  0  389
350  372  20  0  0  0  392
351  389  0  0  0  1  390
352  396  1  0  0  0  397
353  399  1  0  0  0  400
354  401  0  0  0  0  401
355  397  1  0  1  0  399
356  394  0  0  1  0  395
357  395  0  0  0  0  395
358  393  4  0  0  0  397
359  397  0  0  0  0  397
360  369  0  18  4  0  391
361  397  0  0  0  0  397
362  391  0  0  1  0  392
363  389  0  0  2  1  392
364  119  1  40  0  219  379
365  392  2  0  0  0  394
366  394  0  0  1  1  396
367  398  0  0  0  0  398
368  398  0  0  0  0  398
369  382  19  1  0  0  401
370  404  0  0  0  0  404
371  403  0  0  0  0  403
372  400  0  2  0  2  404
373  398  0  2  0  0  400
374  383  0  19  0  0  402
375  402  0  0  0  0  402
376  401  0  0  0  0  400
377  397  1  0  1  0  399
378  401  2  0  0  0  403
379  400  0  1  0  2  401
380  392  3  0  5  1  401
381  402  0  2  0  2  406
382  405  0  0  0  0  405
383  408  0  0  0  0  406
384  407  3  0  0  0  410
385  406  1  2  0  0  409
386  407  0  1  0  0  408
387  408  0  0  0  0  408
388  406  0  0  0  1  406
389  403  2  2  0  1  408
390  392  0  6  2  4  404
391  407  1  0  1  0  409
392  405  3  1  0  0  409
393  288  9  0  0  111  407
394  420  0  0  0  0  420
395  419  0  1  0  0  420
396  350  69  0  1  0  420
397  424  1  1  1  0  425
398  424  0  1  0  2  425
399  406  2  0  20  0  427
400  430  0  0  0  0  428
401  418  3  1  0  0  422
402  417  0  2  0  0  419
403  425  0  0  0  0  425
404  428  0  0  0  0  428
405  424  0  0  1  0  425
406  425  2  0  0  0  427
407  413  0  16  0  0  429
408  421  0  0  0  1  422
409  418  0  0  0  0  418
410  423  0  0  0  0  423
411  417  0  0  0  0  417
412  420  0  0  0  1  421
413  422  0  0  0  0  422
414  418  1  1  0  0  420
415  406  2  0  3  2  413
416  411  0  0  1  1  413
417  403  1  19  0  0  422
418  418  0  0  0  0  418
419  410  0  2  0  0  412
420  406  0  0  0  2  408
421  408  0  0  0  0  408
422  386  20  0  0  1  407
423  402  0  0  0  0  402
424  407  0  0  0  0  407
425  386  17  1  0  0  404
426  391  0  0  8  0  399
427  396  0  0  1  1  398
428  373  0  27  0  0  400
429  389  0  6  0  0  395
430  385  0  6  0  0  391
431  385  0  0  4  0  389
432  389  0  0  0  0  389
433  382  0  0  0  1  383
434  377  0  7  0  0  384
435  264  11  0  97  0  372
436  380  0  0  2  0  382
437  381  0  0  0  0  381
438  377  0  0  1  1  379
439  373  0  0  5  1  379
440  384  0  0  0  0  384
441  379  0  0  0  1  380
442  371  0  0  0  1  372
443  369  0  0  0  0  369
444  342  0  24  1  0  367
445  365  0  0  0  0  365
446  363  0  0  0  0  363
447  357  6  0  0  0  363
448  360  0  0  0  0  360
449  302  52  0  0  0  354
450  265  0  89  0  0  354
451  210  0  143  0  0  353
452  366  0  0  0  0  366
453  366  0  1  0  1  368
454  363  0  0  0  2  365
455  365  0  0  0  0  365
456  280  87  0  0  0  367
457  370  0  0  1  0  371
458  374  0  0  1  0  375
459  374  0  0  1  0  375
460  384  0  0  0  0  384
461  379  0  1  0  0  380
462  377  1  2  0  0  380
463  378  0  1  0  0  379
464  376  0  0  0  0  376
465  374  0  0  0  0  374
466  340  0  38  0  0  378
467  362  9  0  0  0  371
468  367  0  0  2  0  369
469  370  0  0  1  1  372
470  369  0  0  0  0  369
471  361  0  0  0  0  361
472  361  0  0  1  1  363
473  358  7  1  0  0  366
474  333  32  0  0  0  365
475  359  0  2  0  2  363
476  358  0  1  0  0  359
477  357  0  0  0  0  357
478  345  0  1  2  0  348
479  293  0  51  1  0  345
480  342  0  2  0  0  344
481  341  0  0  1  1  343
482  341  0  0  4  0  345
483  190  0  149  2  0  341
484  347  0  0  0  0  347
485  339  0  8  0  0  347
486  344  0  0  1  0  345
487  334  0  0  0  0  334
488  331  1  2  0  0  334
489  332  0  0  1  0  333
490  330  0  0  1  0  331
491  329  1  0  1  0  331
492  328  3  1  0  0  332
493  282  49  0  0  0  331
494  301  0  0  27  0  328
495  328  0  0  0  0  328
496  280  0  45  1  0  326
497  322  0  6  0  0  328
498  321  0  0  0  1  322
499  327  0  0  0  0  327
500  334  0  0  0  0  334
501  336  0  0  0  0  336
502  332  0  0  1  0  333
503  332  0  1  0  0  333
504  336  0  0  0  0  336
505  308  8  0  6  0  322
506  321  1  1  1  0  324
507  110  0  0  207  0  317
508  333  0  0  0  0  333
509  334  0  0  0  0  334
510  332  0  0  1  1  334
511  330  5  0  0  0  335
512  336  0  0  0  1  337
513  330  1  0  1  0  332
514  333  0  0  0  0  333
515  336  0  0  0  0  336
516  330  0  0  0  0  330
517  288  0  45  0  0  333
518  341  1  0  0  0  342
519  351  0  0  0  0  351
520  349  0  0  0  0  349
521  343  13  0  0  0  356
522  358  0  0  0  0  358
523  328  33  0  0  0  361
524  363  0  2  0  0  365
525  362  1  4  0  0  367
526  364  0  0  1  0  365
527  369  0  0  0  0  369
528  368  0  0  0  0  368
529  368  0  0  0  0  368
530  353  0  15  0  0  368
531  370  0  1  0  0  371
532  365  0  0  1  2  368
533  376  0  0  0  1  377
534  382  0  1  0  0  383
535  385  0  0  0  0  385
536  385  0  1  0  0  386
537  380  0  0  0  0  380
538  346  0  28  1  1  376
539  377  0  0  0  2  379
540  378  0  0  0  0  378
541  379  0  0  1  1  381
542  377  1  0  0  0  378
543  270  0  103  0  0  373
544  357  20  0  0  0  377
545  373  0  0  0  0  373
546  370  0  3  0  0  373
547  363  3  0  5  0  371
548  367  0  0  1  1  369
549  339  1  30  0  0  370
550  366  0  0  0  0  366
551  370  0  0  1  0  371
552  375  0  0  0  0  375
553  376  0  0  0  0  376
554  378  0  1  0  0  379
555  376  1  0  1  0  378
556  377  0  0  1  0  378
557  382  0  0  0  0  382
558  378  0  0  0  0  378
559  375  0  0  1  2  378
560  380  0  0  0  0  380
561  381  0  0  0  0  381
562  378  1  0  1  0  380
563  367  4  20  0  0  391
564  385  5  0  0  0  390
565  391  0  0  0  0  391
566  395  0  1  0  0  396
567  392  0  0  0  0  392
568  394  0  0  0  0  394
569  389  12  0  0  0  401
570  399  0  0  0  0  399
571  396  0  0  0  1  397
572  327  1  66  0  0  394
573  397  0  0  0  0  397
574  394  0  0  0  1  395
575  394  2  0  0  0  396
576  396  0  0  0  1  397
577  398  1  0  0  0  399
578  400  0  0  0  0  400
579  396  0  0  0  0  396
580  395  1  0  0  0  396
581  367  25  0  0  0  392
582  284  0  103  0  0  387
583  301  0  84  0  0  385
584  313  73  4  0  0  390
585  396  0  0  0  2  398
586  403  0  0  0  0  403
587  406  0  0  0  0  406
588  409  1  1  0  0  411
589  410  2  0  0  0  412
590  404  4  0  0  0  408
591  402  0  0  0  0  402
592  350  0  0  0  51  401
593  402  0  0  0  0  402
594  335  67  0  0  0  402
595  407  0  0  0  0  408
596  397  0  1  0  2  400
597  400  0  0  2  0  402
598  403  0  0  0  0  403
599  401  2  0  0  0  403
600  401  0  0  0  0  401
601  397  0  0  0  0  397
602  179  29  0  0  183  391
603  394  0  0  0  1  395
604  394  1  1  0  0  396
605  402  1  0  0  0  403
606  397  0  1  0  0  398
607  369  8  0  4  0  381
608  388  2  0  0  0  390
609  361  0  31  0  0  392
610  387  0  0  1  0  388
611  305  1  82  4  0  392
612  381  19  0  0  0  400
613  391  13  0  0  0  404
614  404  0  0  0  1  405
615  404  0  0  0  0  404
616  406  0  0  3  0  409
617  404  0  0  0  0  404
618  399  0  0  2  1  402
619  404  0  0  0  0  404
620  398  0  0  3  1  402
621  401  3  0  0  0  404
622  406  0  0  0  0  406
623  388  1  0  3  4  396
624  401  0  0  0  0  401
625  401  0  1  0  0  402
626  401  0  0  0  0  401
627  395  0  0  0  0  395
628  389  0  0  0  0  389
629  370  0  0  3  0  373
630  362  12  1  0  0  375
631  376  0  0  1  1  378
632  382  0  0  1  0  383
633  558  0  0  1  0  559
634  572  0  1  0  0  573
635  574  0  0  0  0  574
636  572  2  0  1  0  575
637  574  0  0  0  2  576
638  509  1  65  0  0  575
639  583  3  0  0  0  586
640  581  0  0  0  4  585
641  601  1  0  0  0  602
642  609  0  0  0  0  609
643  612  0  0  0  0  612
644  590  0  14  0  9  613
645  614  1  2  0  0  617
646  478  3  140  0  0  621
647  620  0  10  0  5  635
648  615  0  0  0  25  640
649  650  0  0  0  0  650
650  653  1  0  0  0  654
651  644  0  0  0  6  650
652  642  19  0  0  0  661
653  655  5  0  0  0  660
654  650  0  12  1  0  663
655  622  0  32  0  5  659
656  630  32  0  0  0  662
657  662  0  0  0  0  662
658  341  1  0  1  310  653
659  654  0  0  1  0  655
660  657  0  0  0  0  657
661  649  0  6  0  5  660
662  662  0  0  0  1  663
663  654  3  9  0  0  666
664  654  16  0  0  0  670
665  657  2  19  0  0  678
666  659  3  25  0  0  687
667  680  0  0  0  5  685
668  680  10  4  0  0  694
669  666  28  0  0  0  694
670  664  1  28  1  0  694
671  615  82  0  0  0  697
672  680  0  0  0  13  693
673  690  11  0  0  0  701
674  696  2  0  1  3  702
675  702  0  0  0  3  705
676  696  1  0  0  14  711
677  715  0  0  0  0  715
678  707  10  0  0  0  717
679  707  0  0  1  1  709
680  711  0  0  0  0  711
681  708  6  0  0  0  714
682  697  2  16  0  0  715
683  697  0  0  0  2  699
684  652  43  0  0  0  695
685  669  31  0  2  0  702
686  690  0  0  0  1  691
687  645  46  0  0  0  691
688  675  4  16  0  0  695
689  643  15  29  0  0  687
690  632  20  0  26  1  679
691  428  27  1  0  228  684
692  674  1  0  3  16  694
693  664  34  1  0  0  699
694  699  0  0  5  0  704
695  704  0  0  0  2  706
696  699  0  0  1  2  702
697  706  2  0  0  2  710
698  714  0  0  0  1  715
699  710  0  1  0  0  711
700  620  74  0  0  1  695
701  687  0  0  0  0  687
702  664  0  3  1  1  669
703  384  0  278  0  0  662
704  663  0  0  5  1  669
705  642  30  0  0  0  672
706  663  0  0  21  1  685
707  693  1  0  0  0  694
708  678  0  2  0  0  680
709  625  34  6  0  11  676
710  677  3  0  0  0  680
711  620  0  54  0  0  674
712  613  0  57  9  0  679
713  677  0  0  0  1  678
714  672  0  0  0  9  681
715  670  0  0  2  0  672
716  650  0  0  0  13  663
717  449  2  206  1  0  658
718  670  4  0  0  1  675
719  671  0  0  0  1  672
720  656  0  20  0  0  676
721  650  8  17  0  0  675
722  678  0  0  1  0  679
723  683  2  0  0  0  685
724  654  0  35  0  0  689
725  682  0  0  0  0  682
726  682  2  0  0  3  687
727  662  24  0  0  0  686
728  685  0  0  0  0  685
729  673  0  0  0  11  684
730  678  0  1  1  1  681
731  677  0  0  1  1  679
732  674  10  0  0  0  684
733  686  0  0  0  0  686
734  669  1  10  0  0  680
735  658  0  5  0  5  668
736  593  8  52  0  0  653
737  644  0  0  0  0  644
738  630  0  10  0  0  640
739  637  4  1  0  0  642
740  624  2  2  1  0  629
741  604  29  1  0  0  634
742  604  2  0  6  12  624
743  572  48  15  0  0  635
744  636  1  1  5  0  643
745  641  0  1  0  0  642
746  628  0  0  0  1  629
747  626  0  0  0  7  633
748  553  7  75  0  0  635
749  628  0  0  0  0  628
750  629  0  2  0  1  632
751  631  0  1  0  0  632
752  627  2  0  1  0  629
753  611  0  0  0  2  613
754  596  12  0  0  0  607
755  495  4  1  109  0  608
756  595  0  20  1  2  613
757  618  0  1  0  0  617
758  596  0  5  4  1  606
759  558  37  7  6  0  608
760  584  0  0  5  20  608
761  540  40  0  0  31  608
762  622  0  0  1  1  617
763  622  2  1  0  2  624
764  632  0  0  0  0  629
765  566  61  1  0  0  625
766  590  1  0  23  0  613
767  628  0  26  0  0  650
768  646  0  1  1  3  649
769  649  3  0  0  0  651
770  609  0  12  0  28  649
771  776  2  1  0  0  771
772  782  28  2  0  1  811
773  827  0  0  3  1  829
774  830  2  0  1  0  833
775  823  5  0  0  2  830
776  818  1  8  1  0  828
777  813  0  0  0  0  813
778  568  4  232  0  0  804
779  798  0  5  0  0  803
780  554  233  13  0  0  800
781  728  148  0  0  0  870
782  862  0  0  1  0  863
783  861  0  0  0  0  861
784  853  0  4  0  2  859
785  856  0  0  0  0  856
786  827  0  12  0  1  840
787  856  15  1  0  2  873
788  751  115  0  0  0  866
789  773  76  3  0  0  852
790  467  0  91  0  283  841
791  900  2  1  0  0  901
792  908  1  0  3  0  912
793  909  1  0  1  2  913
794  900  13  0  1  0  914
795  885  2  25  0  0  912
796  897  0  0  1  2  900
797  870  22  1  0  0  893
798  885  12  1  1  0  899
799  881  0  0  1  7  889
800  890  2  0  0  0  892
801  890  0  0  0  0  890
802  889  0  0  0  0  889
803  876  0  1  1  1  879
804  837  48  0  0  0  885
805  876  0  0  0  2  878
806  571  42  0  0  0  613
807  605  0  0  0  0  605
808  503  0  1  0  2  506
809  507  0  0  0  0  507
810  512  0  0  0  0  512
811  514  0  0  2  0  516
812  523  1  0  0  0  524
813  525  0  0  0  0  525
814  527  0  0  0  0  527
815  528  1  0  0  0  529
816  525  0  3  1  1  530
817  532  0  0  0  0  532
818  520  7  5  0  0  532
819  453  1  77  4  0  535
820  540  0  0  0  0  540
821  538  0  0  0  0  538
822  517  2  14  0  0  533
823  532  0  0  0  1  533
824  538  0  0  0  0  538
825  539  0  2  0  0  541
826  515  3  0  13  2  533
827  535  0  0  0  0  535
828  535  0  0  0  0  535
829  534  2  0  0  0  536
830  539  0  0  0  0  539
831  404  119  5  0  0  528
832  539  0  0  0  0  539
833  538  1  0  0  0  539
834  533  0  0  0  0  533
835  532  0  0  1  0  533
836  515  18  2  0  0  535
837  535  0  0  0  0  535
838  501  0  13  0  4  518
839  519  0  0  0  0  519
840  478  42  1  0  0  521
841  503  0  12  0  0  515
842  509  0  0  0  0  509
843  453  0  17  0  0  470
844  458  1  0  0  0  459
845  455  0  0  0  0  455
846  391  0  30  0  0  421
847  401  0  0  2  18  421
848  399  0  26  0  0  425
849  422  1  0  0  0  423
850  415  0  0  1  8  424
851  404  27  0  0  0  431
852  438  0  0  0  1  439
853  437  0  0  0  0  437
854  427  0  0  5  0  432
855  430  0  0  0  0  430
856  424  0  0  1  0  425
857  426  0  0  0  0  426
858  423  0  0  0  0  423
859  383  42  0  0  0  425
860  431  0  0  0  0  431
861  411  0  0  13  1  425
862  417  0  0  8  0  425
863  406  0  30  0  0  436
864  424  10  0  0  0  434
865  429  1  0  5  0  435
866  361  76  0  0  0  437
867  395  46  1  0  0  442
868  445  0  1  0  0  446
869  444  0  1  0  0  445
870  410  16  1  6  0  433
871  430  0  0  0  0  430
872  433  0  0  0  0  433
873  431  0  0  1  2  434
874  437  0  0  0  0  437
875  438  0  0  0  0  438
876  446  0  0  0  1  447
877  418  29  0  0  0  447
878  419  0  28  0  1  448
879  339  82  0  0  29  450
880  433  0  0  2  1  436
881  444  0  0  0  0  444
882  393  15  2  36  0  446
883  445  0  0  3  0  448
884  455  0  2  0  0  457
885  455  1  0  0  0  456
886  462  0  0  0  0  462
887  463  0  0  0  0  463
888  460  0  2  0  0  462
889  432  26  1  0  0  459
890  424  0  0  21  0  445
891  453  0  0  0  0  453
892  447  1  0  5  0  453
893  453  2  3  2  0  460
894  464  0  1  0  0  465
895  433  2  5  25  0  465
896  467  0  0  0  0  467
897  459  0  0  0  14  473
898  470  0  0  0  0  470
899  470  0  0  0  0  470
900  451  1  0  13  0  465
901  460  0  6  0  0  466
902  454  8  1  0  0  463
903  463  0  0  0  1  464
904  442  0  0  23  0  465
905  446  21  0  0  3  470
906  471  0  1  0  1  473
907  456  0  0  21  0  477
908  477  0  0  1  0  478
909  482  1  0  0  0  483
910  486  0  0  0  1  487
911  487  0  1  0  0  488
912  494  0  0  0  0  494
913  423  0  5  61  0  489
914  496  0  0  0  0  496
915  483  0  0  14  0  497
916  494  0  0  0  0  494
917  494  0  0  1  1  496
918  437  0  0  0  60  497
919  495  0  0  0  0  495
920  222  0  0  0  271  493
921  503  0  0  1  0  504
922  503  0  0  0  12  515
923  520  0  0  0  0  520
924  518  0  0  1  0  519
925  529  1  0  0  0  530
926  532  0  2  0  0  534
927  534  0  1  0  0  535
928  525  13  0  1  0  539
929  541  0  1  0  1  543
930  545  0  0  0  0  545
931  557  0  1  0  0  558
932  560  0  2  0  0  562
933  499  0  46  7  3  555
934  556  0  0  0  0  556
935  262  291  0  0  0  553
936  571  0  0  0  0  571
937  574  0  0  0  0  574
938  588  0  0  0  0  588
939  594  1  0  0  1  596
940  588  1  2  0  0  591
941  530  64  2  0  0  596
942  582  0  0  14  0  596
943  596  0  0  0  0  596
944  605  0  0  0  0  605
945  590  16  1  0  0  607
946  605  0  0  3  0  608
947  609  0  1  9  0  619
948  543  71  0  0  0  614
949  609  0  0  19  0  628
950  630  0  0  0  0  630
951  561  0  46  25  1  633
952  636  1  2  0  0  639
953  630  0  0  4  1  635
954  571  0  0  65  0  636
955  633  8  0  0  0  641
956  647  0  1  0  0  648
957  648  3  1  0  2  654
958  586  1  0  0  66  653
959  670  0  0  0  1  671
960  674  0  0  3  0  677
961  682  0  0  0  0  682
962  684  0  0  1  0  685
963  652  0  36  0  0  688
964  693  0  0  0  0  693
965  698  0  0  0  0  698
966  702  0  0  0  0  702
967  693  0  8  3  1  705
968  695  0  0  14  0  709
969  711  0  0  0  0  711
970  720  0  0  0  0  720
971  724  0  0  0  0  724
972  704  37  0  0  1  742
973  750  0  1  0  0  750
974  750  0  0  0  0  750
975  748  2  0  0  0  750
976  641  0  100  0  13  754
977  737  14  0  2  1  754
978  757  0  0  3  0  760
979  766  0  0  2  0  768
980  739  0  35  0  0  774
981  770  0  11  0  0  781
982  776  0  0  0  1  777
983  783  0  3  0  0  786
984  783  2  0  1  0  786
985  778  0  14  0  0  792
986  795  0  0  0  0  795
987  790  0  0  11  0  801
988  822  0  0  0  1  823
989  825  0  0  0  0  825
990  839  0  0  0  0  839
991  841  0  0  0  0  841
992  838  0  0  0  0  838
993  835  0  0  0  0  835
994  835  0  0  0  0  835
995  829  1  6  0  0  836
996  711  122  2  0  0  835
997  753  1  0  0  76  830
998  835  0  0  1  0  836
999  745  2  92  0  0  839
1000  838  0  0  2  0  840
1001  835  2  16  0  0  853
1002  842  0  9  9  1  861
1003  845  16  0  1  0  862
1004  864  0  0  0  0  864
1005  859  2  3  0  0  864
1006  860  1  0  1  0  862
1007  871  0  0  0  0  871
1008  879  0  0  0  1  880
1009  881  0  0  3  0  884
1010  888  0  0  1  0  889
1011  884  0  0  0  0  884
1012  881  1  0  0  0  882
1013  891  0  1  0  1  893
1014  890  0  0  0  1  891
1015  892  1  0  0  1  894
1016  892  0  1  0  0  893
1017  897  3  0  0  0  900
1018  900  0  1  1  0  902
1019  896  2  0  0  1  899
1020  896  3  1  0  0  900
1021  850  42  5  0  0  897
1022  861  0  3  0  34  898
1023  911  0  1  0  0  912
1024  911  1  1  0  0  912
1025  913  0  0  0  1  914
1026  903  0  0  3  2  908
1027  897  1  11  0  0  909
1028  898  0  0  7  1  906
1029  899  2  0  0  1  902
1030  875  23  0  1  0  899
1031  893  0  0  0  0  893
1032  830  1  1  0  56  888
1033  901  0  0  0  0  901
1034  903  0  0  0  0  903
1035  877  22  0  0  0  899
1036  892  0  0  1  2  895
1037  848  1  0  44  0  893
1038  896  0  1  0  1  898
1039  872  0  15  0  2  889
1040  836  1  0  0  49  886
1041  871  7  0  2  0  880
1042  823  50  0  2  0  875
1043  844  29  0  0  1  874
1044  878  0  0  0  0  878
1045  874  0  0  0  0  874
1046  863  0  0  0  0  863
1047  632  49  157  0  0  838
1048  840  1  0  0  0  841
1049  803  39  0  3  0  845
1050  835  2  2  2  0  841
1051  837  1  1  1  0  840
1052  843  0  0  1  0  843
1053  834  0  1  0  4  839
1054  837  0  0  0  0  837
1055  758  0  48  1  2  809
1056  771  5  27  0  0  803
1057  650  0  140  0  0  790
1058  753  33  3  0  0  789
1059  787  1  0  1  0  789
1060  761  26  0  0  0  787
1061  783  0  0  0  0  783
1062  786  2  0  1  1  790
1063  789  0  0  0  0  789
1064  779  5  0  2  1  787
1065  738  31  10  0  0  779
1066  770  0  0  2  0  772
1067  713  2  50  0  0  765
1068  752  0  0  0  13  765
1069  739  1  0  0  27  767
1070  765  0  0  0  0  765
1071  749  1  8  1  0  759
1072  668  16  70  1  0  755
1073  760  0  0  0  0  759
1074  763  2  0  1  1  767
1075  760  0  0  0  0  760
1076  738  19  0  0  0  757
1077  734  0  12  10  0  755
1078  702  12  0  37  1  752
1079  768  0  0  2  0  770
1080  763  0  0  1  2  765
1081  512  0  230  2  0  744
1082  761  0  0  2  0  762
1083  767  0  0  0  0  767
1084  769  0  0  2  1  771
1085  774  1  0  3  0  776
1086  759  0  8  0  1  768
1087  767  0  0  0  0  767
1088  749  14  2  0  0  765
1089  768  0  2  0  0  769
1090  761  0  1  0  0  762
1091  758  0  0  0  1  759
1092  773  1  0  0  0  770
1093  773  0  0  0  0  772
1094  769  0  1  1  1  769
1095  749  0  2  15  1  767
1096  711  0  21  25  1  757
1097  760  0  1  0  0  761
1098  758  1  0  1  1  761
1099  761  0  0  1  1  760
1100  720  39  0  0  0  756
1101  643  68  0  0  39  750
1102  759  0  0  0  2  758
1103  694  0  0  68  0  761
1104  764  0  0  1  1  766
1105  762  0  0  0  0  761
1106  752  0  9  0  0  761
1107  756  4  4  0  0  763
1108  749  3  1  3  0  756
1109  739  20  0  0  0  758
1110  768  1  0  0  0  766
1111  760  0  2  1  0  763
1112  758  0  1  0  0  759
1113  687  62  0  1  0  750
1114  758  0  0  3  0  760
1115  762  0  1  0  2  764
1116  750  0  0  0  2  752
1117  754  0  1  0  0  755
1118  744  1  0  2  1  748
1119  684  1  0  1  49  735
1120  738  0  0  0  0  738
1121  701  48  0  0  1  747
1122  672  0  0  7  62  741
1123  692  49  0  0  0  741
1124  742  0  0  0  1  743
1125  638  94  8  0  1  740
1126  745  0  0  0  0  745
1127  741  1  0  1  0  743
1128  750  0  0  0  0  750
1129  737  13  1  0  0  751
1130  750  1  0  1  0  752
1131  744  0  12  0  1  757
1132  689  0  0  2  63  754
1133  692  0  55  0  2  749
1134  700  0  0  0  43  743
1135  731  7  0  0  2  740
1136  747  0  0  1  0  748
1137  755  0  0  1  1  757
1138  751  0  0  2  1  754
1139  684  4  71  1  0  760
1140  678  82  0  0  0  760
1141  749  0  0  0  0  749
1142  701  19  28  0  1  749
1143  759  0  0  0  0  759
1144  755  1  0  0  2  758
1145  688  4  68  1  0  760
1146  759  0  0  0  0  759
1147  689  0  0  66  3  758
1148  755  0  2  1  0  758
1149  755  9  0  0  0  764
1150  654  1  106  0  0  761
1151  714  44  1  0  1  760
1152  752  1  0  2  0  755
1153  763  0  0  0  0  763
1154  761  0  0  1  1  763
1155  701  0  0  53  0  754
1156  758  0  0  0  0  758
1157  754  0  0  0  0  754
1158  751  1  1  0  0  753
1159  686  60  0  0  0  746
1160  682  0  60  2  0  744
1161  721  21  1  0  0  743
1162  670  72  3  0  0  745
1163  741  0  1  0  1  743
1164  709  2  32  0  0  743
1165  747  2  1  0  0  750
1166  737  1  3  0  0  741
1167  719  0  0  0  1  720
1168  717  1  1  0  0  719
1169  701  4  0  5  2  712
1170  703  0  0  0  9  712
1171  709  0  0  1  0  710
1172  706  0  0  0  0  706
1173  679  0  25  0  0  704
1174  691  6  0  2  0  699
1175  694  1  2  0  0  697
1176  659  1  34  0  0  694
1177  618  79  1  0  0  698
1178  693  0  0  3  0  696
1179  648  0  43  0  2  693
1180  690  0  0  0  1  691
1181  630  0  0  3  54  687
1182  639  23  30  0  0  692
1183  695  0  0  0  0  695
1184  695  0  0  0  0  695
1185  693  0  0  0  0  693
1186  681  0  0  1  1  683
1187  674  0  1  0  0  675
1188  661  1  0  10  0  672
1189  640  0  26  0  0  666
1190  251  339  57  2  0  649
1191  642  16  0  0  0  658
1192  653  2  0  1  0  656
1193  654  0  0  0  1  655
1194  643  0  0  8  0  651
1195  644  0  0  0  0  644
1196  643  0  0  0  1  644
1197  637  0  0  1  3  641
1198  470  0  0  9  0  479
1199  480  0  0  0  0  480
1200  475  1  0  0  0  476
1201  475  3  0  0  0  478
1202  471  1  0  1  1  474
1203  475  0  0  0  0  475
1204  474  0  0  1  0  475
1205  397  1  72  0  0  470
1206  475  0  0  0  0  475
1207  411  60  1  0  0  472
1208  473  0  0  0  1  474
1209  474  0  0  0  0  474
1210  475  1  0  0  0  476
1211  465  0  0  0  4  469
1212  474  0  0  0  0  474
1213  472  0  0  0  0  472
1214  464  0  0  1  1  466
1215  463  0  0  1  0  464
1216  342  0  113  0  0  455
1217  460  0  0  1  1  462
1218  462  1  0  1  0  464
1219  467  0  0  0  0  467
1220  458  11  0  0  0  469
1221  456  0  0  0  10  466
1222  408  0  56  0  1  465
1223  468  0  0  0  1  469
1224  467  0  1  0  0  468
1225  465  0  0  0  1  466
1226  465  1  0  0  0  466
1227  460  0  0  0  1  461
1228  458  0  0  0  0  458
1229  458  0  0  1  0  459
1230  456  0  1  0  0  457
1231  443  0  0  0  0  443
1232  431  0  14  0  0  445
1233  425  17  1  0  0  443
1234  443  0  0  0  0  443
1235  436  0  0  6  1  443
1236  365  1  78  0  0  444
1237  441  0  1  0  0  442
1238  435  0  0  0  0  435
1239  427  0  0  0  1  428
1240  406  10  1  0  15  432
1241  437  0  0  0  0  437
1242  419  0  8  0  0  427
1243  333  0  0  74  16  423
1244  418  0  0  0  0  418
1245  409  0  10  0  0  419
1246  417  0  0  0  0  417
1247  416  0  0  0  0  416
1248  405  3  0  0  0  408
1249  328  78  2  0  0  408
1250  407  1  0  0  0  408
1251  403  0  0  1  0  404
1252  410  0  0  0  0  410
1253  413  0  0  0  0  413
1254  413  1  1  0  0  415
1255  403  0  8  0  0  411
1256  410  0  1  0  0  411
1257  411  3  0  0  0  414
1258  408  0  1  0  2  411
1259  418  1  0  0  0  419
1260  422  2  0  0  0  424
1261  414  15  0  0  0  429
1262  428  0  0  0  0  428
1263  425  0  0  0  0  425
1264  417  0  0  0  3  420
1265  419  0  0  0  0  419
1266  422  1  0  0  0  423
1267  424  1  0  0  0  425
1268  418  3  0  2  0  423
1269  423  0  1  0  0  424
1270  429  0  1  0  0  430
1271  350  76  1  0  0  427
1272  429  1  0  0  0  430
1273  437  0  0  0  0  437
1274  378  0  43  14  0  435
1275  436  0  0  1  0  437
1276  439  1  1  0  0  441
1277  433  0  0  0  0  433
1278  435  0  0  0  0  435
1279  435  0  0  0  0  435
1280  311  120  0  0  0  431
1281  435  1  0  1  0  437
1282  425  1  9  0  0  435
1283  429  0  1  0  0  430
1284  418  11  0  0  0  429
1285  419  0  0  11  0  430
1286  430  0  0  1  0  431
1287  434  0  0  0  0  434
1288  439  0  0  0  0  439
1289  435  0  0  0  0  435
1290  427  0  12  0  0  439
1291  441  0  1  0  0  442
1292  439  0  1  0  2  442
1293  447  2  0  0  0  449
1294  450  0  0  0  0  450
1295  455  0  0  0  0  455
1296  438  0  13  0  0  451
1297  454  0  0  0  0  454
1298  456  0  0  0  0  456
1299  440  0  0  14  0  454
1300  452  0  0  0  0  452
1301  452  0  2  0  0  454
1302  443  9  0  0  1  453
1303  448  0  0  0  0  448
1304  440  0  0  1  0  441
1305  434  4  0  0  0  438
1306  438  0  0  0  0  438
1307  413  0  0  0  11  424
1308  411  0  2  0  8  421
1309  358  1  0  3  55  417
1310  408  0  0  0  12  420
1311  413  1  7  0  0  421
1312  317  1  99  0  0  417
1313  425  0  0  0  0  425
1314  416  11  0  0  0  427
1315  429  0  1  0  0  430
1316  433  1  0  0  0  434
1317  422  7  0  0  1  430
1318  412  19  0  0  0  431
1319  434  0  1  0  0  435
1320  419  2  0  5  1  427
1321  429  0  0  0  0  429
1322  427  0  0  0  0  427
1323  426  1  0  0  0  427
1324  429  0  0  0  0  429
1325  430  0  0  0  0  430
1326  424  0  0  0  4  428
1327  440  3  0  0  0  443
1328  440  1  1  0  0  442
1329  442  2  0  0  0  444
1330  439  0  9  0  1  449
1331  446  0  0  0  0  446
1332  446  0  0  2  0  448
1333  444  0  0  0  0  444
1334  437  0  0  0  0  437
1335  431  0  7  0  0  438
1336  434  1  0  0  0  435
1337  431  1  0  0  0  432
1338  152  0  0  0  261  413
1339  332  1  97  0  0  430
1340  410  28  1  0  2  441
1341  442  8  0  1  0  451
1342  451  2  0  0  0  453
1343  440  14  0  0  0  454
1344  466  1  0  3  0  470
1345  464  1  11  0  0  476
1346  476  0  1  0  0  477
1347  466  0  0  0  10  476
1348  479  0  0  0  0  479
1349  461  16  0  0  0  477
1350  480  0  1  0  1  482
1351  484  0  0  0  0  484
1352  448  0  0  31  2  481
1353  487  1  0  0  0  488
1354  480  8  3  0  0  491
1355  487  0  0  1  1  489
1356  482  0  0  4  2  488
1357  494  1  0  0  0  495
1358  478  1  16  0  0  495
1359  493  0  0  0  0  493
1360  501  1  0  0  0  502
1361  483  1  16  0  0  500
1362  480  0  20  1  0  501
1363  485  0  20  0  0  505
1364  314  0  23  0  159  496
1365  466  0  31  0  0  497
1366  503  0  0  0  1  504
1367  509  2  0  0  0  511
1368  513  2  0  1  2  518
1369  515  0  3  0  0  518
1370  516  0  0  0  0  516
1371  519  0  0  4  1  524
1372  527  1  1  0  0  529
1373  525  0  1  0  0  526
1374  523  0  0  0  0  523
1375  512  0  2  2  2  518
1376  176  1  0  1  330  508
1377  448  76  0  0  0  524
1378  540  0  0  0  0  540
1379  544  0  0  0  0  544
1380  537  0  0  0  0  537
1381  536  0  0  0  0  536
1382  535  0  1  0  0  536
1383  504  35  0  0  0  539
1384  505  35  0  0  0  540
1385  555  0  0  0  2  557
1386  561  0  0  0  0  561
1387  560  1  4  0  0  565
1388  568  0  1  0  0  569
1389  569  0  7  0  1  577
1390  582  1  0  0  0  583
1391  567  0  1  14  0  582
1392  579  0  0  1  1  581
1393  576  0  0  2  1  579
1394  587  0  0  0  0  587
1395  475  0  0  101  0  576
1396  580  1  0  1  0  582
1397  580  5  0  0  0  585
1398  550  1  0  0  33  584
1399  591  0  0  0  0  591
1400  587  0  0  1  1  589
1401  604  1  0  0  0  605
1402  607  0  1  0  0  608
1403  610  0  0  0  0  610
1404  601  0  0  4  2  607
1405  623  0  0  0  0  623
1406  604  12  0  10  0  626
1407  629  0  4  0  0  633
1408  561  37  25  0  0  623
1409  569  0  44  1  0  614
1410  577  14  28  0  0  619
1411  621  0  0  0  1  622
1412  623  0  0  1  0  624
1413  624  0  0  1  0  625
1414  610  2  2  0  1  615
1415  611  0  0  1  0  612
1416  618  0  0  0  0  618
1417  611  0  16  0  0  627
1418  618  0  0  1  0  619
1419  620  1  0  0  0  621
1420  624  0  1  0  0  625
1421  634  0  0  0  0  634
1422  625  0  0  0  1  626
1423  623  0  0  0  0  623
1424  625  0  0  0  0  625
1425  621  1  0  2  0  624
1426  626  0  2  0  0  628
1427  619  0  0  0  3  622
1428  620  1  1  0  0  622
1429  600  18  0  0  0  618
1430  474  0  142  0  0  616
1431  606  0  0  1  1  608
1432  608  0  0  0  0  608
1433  600  0  0  0  2  602
1434  605  0  0  0  0  605
1435  600  0  0  0  1  601
1436  592  0  4  0  0  596
1437  566  1  25  0  0  592
1438  564  26  1  0  0  591
1439  464  123  0  0  1  588
1440  597  0  2  0  0  599
1441  553  53  0  0  0  606
1442  609  0  0  0  0  609
1443  581  0  32  0  0  613
1444  607  9  1  0  0  617
1445  610  0  0  0  0  610
1446  613  0  0  0  0  613
1447  583  2  0  6  18  609
1448  598  0  2  18  0  618
1449  588  4  29  0  0  621
1450  611  8  1  0  0  620
1451  626  0  0  1  0  627
1452  636  0  0  0  0  636
1453  631  0  0  0  0  631
1454  627  0  1  0  1  629
1455  638  0  1  0  0  639
1456  549  90  0  0  0  639
1457  639  3  0  1  0  643
1458  645  0  0  0  0  645
1459  640  0  0  0  2  642
1460  471  0  162  0  0  633
1461  548  79  0  3  0  630
1462  630  1  0  0  0  631
1463  484  0  0  2  138  624
1464  638  0  0  0  0  638
1465  616  22  0  0  0  638
1466  604  33  1  0  0  638
1467  626  0  0  1  0  627
1468  612  0  20  0  0  632
1469  602  19  11  2  0  634
1470  634  2  0  0  0  636
1471  619  0  11  0  0  630
1472  610  0  0  0  3  613
1473  615  0  2  0  0  617
1474  610  0  0  6  0  616
1475  621  0  2  0  0  623
1476  623  0  2  0  0  625
1477  610  0  0  0  0  610
1478  608  1  0  1  0  610
1479  611  0  0  1  0  612
1480  608  1  0  0  0  609
1481  609  0  0  0  0  609
1482  614  0  0  0  1  615
1483  607  0  0  1  0  608
1484  613  0  0  0  0  613
1485  616  0  1  0  0  617
1486  611  0  2  0  0  613
1487  588  1  0  3  3  595
1488  572  1  26  0  0  599
1489  570  20  14  0  0  604
1490  610  0  0  0  0  610
1491  612  0  0  0  0  612
1492  608  0  0  1  0  609
1493  602  0  0  8  0  610
1494  613  0  0  0  0  613
1495  604  0  0  0  0  604
1496  595  1  5  0  0  601
1497  595  1  0  0  0  596
1498  585  0  0  0  0  585
1499  411  0  169  0  0  580
1500  565  17  0  0  0  582
1501  427  135  14  1  0  577
1502  600  0  0  1  0  601
1503  610  0  0  0  0  610
1504  613  0  0  0  0  613
1505  610  2  0  0  0  612
1506  312  0  290  1  0  603
1507  590  18  0  0  0  608
1508  611  0  0  2  0  613
1509  542  74  0  1  0  617
1510  576  0  52  0  1  629
1511  632  0  0  0  0  632
1512  637  0  0  0  0  637
1513  639  0  0  0  1  640
1514  638  0  0  0  0  638
1515  645  0  1  0  0  646
1516  614  0  32  0  1  647
1517  632  0  0  0  17  649
1518  659  0  0  0  0  659
1519  602  0  59  0  0  661
1520  663  0  0  0  0  663
1521  653  3  4  1  0  661
1522  623  0  37  1  0  661
1523  656  0  0  0  3  659
1524  624  33  0  0  0  657
1525  655  0  1  0  0  656
1526  634  20  1  0  0  655
1527  652  1  2  0  0  655
1528  658  0  0  1  0  659
1529  664  0  0  0  0  664
1530  666  0  0  0  1  667
1531  669  0  1  0  1  671
1532  671  0  0  0  0  671
1533  437  0  225  0  0  662
1534  647  0  0  19  0  666
1535  658  10  0  0  0  668
1536  670  0  0  0  0  670
1537  661  0  0  0  0  661
1538  632  2  25  0  0  659
1539  646  0  3  0  0  649
1540  623  0  1  0  18  642
1541  468  0  0  155  1  624
1542  607  19  0  0  0  626
1543  625  0  0  0  1  626
1544  590  30  2  0  0  622
1545  611  0  0  5  1  617
1546  434  0  1  179  1  615
1547  614  0  1  0  0  615
1548  612  1  0  1  0  614
1549  607  3  0  0  0  610
1550  607  0  0  1  0  608
1551  608  1  0  0  0  609
1552  607  0  0  0  3  610
1553  608  0  0  0  2  610
1554  602  0  0  0  2  604
1555  417  0  3  168  2  590
1556  513  73  1  0  0  587
1557  586  0  0  0  0  586
1558  590  0  0  0  0  590
1559  584  0  0  0  0  584
1560  591  0  0  0  0  591
1561  588  0  0  0  0  588
1562  586  0  0  0  0  586
1563  570  0  0  0  0  570
1564  568  0  1  0  0  569
1565  560  0  0  0  0  560
1566  560  0  2  0  0  562
1567  553  4  0  3  0  560
1568  553  0  4  2  2  561
1569  562  1  0  0  0  563
1570  564  0  0  0  0  564
1571  548  5  21  1  0  575
1572  565  0  6  0  0  571
1573  564  1  1  0  0  566
1574  560  0  0  1  0  561
1575  557  0  0  5  0  562
1576  545  15  0  0  0  560
1577  540  0  0  0  3  543
1578  545  0  1  0  0  546
1579  539  4  0  0  1  544
1580  505  0  14  1  2  522
1581  401  0  0  107  0  508
1582  516  0  2  0  0  518
1583  518  0  0  0  0  518
1584  521  0  0  2  0  523
1585  517  1  0  0  8  526
1586  508  0  0  1  1  510
1587  507  0  2  0  0  509
1588  477  0  0  8  1  486
1589  427  48  1  0  0  476
1590  458  21  0  0  0  479
1591  469  14  1  0  0  484
1592  479  2  0  1  1  483
1593  471  6  4  0  0  481
1594  478  1  1  0  0  480
1595  459  22  0  0  1  482
1596  352  0  0  118  4  474
1597  492  0  0  0  1  493
1598  469  0  24  0  0  493
1599  498  0  0  0  0  498
1600  499  0  0  0  0  499
1601  487  0  0  1  1  489
1602  487  0  2  0  0  489
1603  483  2  0  2  1  488
1604  486  0  0  6  1  493
1605  479  0  15  0  3  497
1606  497  0  1  0  0  498
1607  489  0  0  1  0  490
1608  490  0  0  0  0  490
1609  490  0  0  0  0  490
1610  442  20  0  21  0  483
1611  480  0  0  0  0  480
1612  480  1  1  0  0  482
1613  484  1  0  0  0  485
1614  460  0  18  0  0  478
1615  479  0  0  0  0  479
1616  471  0  0  0  1  472
1617  466  0  0  0  0  466
1618  394  2  75  1  0  472
1619  475  3  0  0  0  478
1620  470  0  0  1  2  473
1621  444  0  28  0  0  472
1622  478  0  0  0  0  478
1623  476  0  5  0  0  481
1624  469  14  0  0  0  483
1625  482  0  0  0  4  486
1626  477  0  0  0  15  492
1627  490  4  0  3  2  499
1628  503  0  1  0  0  504
1629  511  0  0  0  0  511
1630  518  0  0  0  0  518
1631  511  0  0  0  1  512
1632  510  0  1  0  1  512
1633  515  0  0  0  0  515
1634  519  1  1  0  0  521
1635  517  0  0  1  0  518
1636  516  0  0  0  0  516
1637  520  0  0  0  0  520
1638  505  2  14  0  0  521
1639  527  1  0  0  0  528
1640  525  0  0  0  0  525
1641  525  1  0  0  0  526
1642  527  0  3  0  0  530
1643  520  6  0  0  0  526
1644  527  1  0  0  0  528
1645  528  0  0  0  2  530
1646  533  0  0  0  0  533
1647  534  0  0  0  1  535
1648  533  0  2  2  1  538
1649  538  1  0  0  0  539
1650  535  0  0  0  0  535
1651  541  0  0  0  0  541
1652  447  2  0  1  91  541
1653  539  0  0  0  0  539
1654  535  0  0  1  0  536
1655  540  0  0  2  1  543
1656  542  0  0  0  0  542
1657  545  0  0  0  0  545
1658  536  0  0  0  2  538
1659  515  20  0  0  0  535
1660  477  34  0  1  21  533
1661  531  1  0  2  0  534
1662  536  3  0  2  0  541
1663  492  0  1  46  1  540
1664  523  19  0  0  0  542
1665  491  50  3  0  1  545
1666  493  1  52  0  0  546
1667  548  0  0  0  0  548
1668  547  0  0  2  0  549
1669  549  0  0  0  0  549
1670  548  0  0  0  0  548
1671  552  0  0  0  0  552
1672  523  1  29  0  0  553
1673  550  0  0  1  0  551
1674  551  0  0  0  0  551
1675  555  0  0  0  0  555
1676  554  0  0  0  0  554
1677  551  0  2  0  0  553
1678  553  1  0  0  0  554
1679  546  0  0  0  0  546
1680  533  2  0  0  0  535
1681  537  1  0  0  0  538
1682  535  0  0  0  0  535
1683  500  0  31  0  0  531
1684  481  42  0  0  0  523
1685  481  1  38  1  0  521
1686  519  0  0  0  0  519
1687  495  24  1  0  0  520
1688  520  1  0  1  0  522
1689  500  0  0  0  24  524
1690  474  53  0  0  0  527
1691  522  0  0  0  1  523
1692  521  0  0  0  0  521
1693  522  1  0  1  0  524
1694  338  2  180  0  0  520
1695  515  2  1  0  0  518
1696  517  1  0  0  0  518
1697  515  0  0  1  0  516
1698  519  0  0  1  1  521
1699  519  0  0  0  2  521
1700  505  0  0  1  0  506
1701  358  134  0  0  2  494
1702  498  1  0  0  0  499
1703  483  12  1  0  0  496
1704  493  0  0  0  0  493
1705  442  49  0  0  0  491
1706  488  0  1  0  0  489
1707  465  0  0  26  0  491
1708  470  23  0  0  0  493
1709  488  2  0  3  1  494
1710  494  0  0  0  0  494
1711  490  0  1  0  0  491
1712  462  2  0  18  0  482
1713  478  0  0  1  0  479
1714  479  0  0  0  0  479
1715  481  0  0  0  0  481
1716  475  0  1  0  0  476
1717  449  0  28  0  0  477
1718  475  0  0  0  0  475
1719  477  0  0  0  0  477
1720  438  1  17  26  0  482
1721  410  0  52  1  1  464
1722  434  33  0  0  0  467
1723  406  67  0  0  0  473
1724  460  0  0  0  2  462
1725  433  29  0  0  0  462
1726  466  0  1  0  0  467
1727  456  0  0  0  1  457
1728  437  0  0  19  0  456
1729  450  0  1  0  0  451
1730  451  0  0  0  0  451
1731  444  0  0  1  1  446
1732  449  0  0  0  0  449
1733  447  0  0  3  1  451
1734  454  0  4  0  0  458
1735  455  0  1  0  0  456
1736  435  0  0  9  0  444
1737  450  0  0  0  1  451
1738  456  0  0  0  0  456
1739  433  0  20  0  0  453
1740  441  1  0  8  0  450
1741  451  0  3  0  1  455
1742  411  39  1  0  0  451
1743  445  0  0  1  1  447
1744  427  16  0  1  2  446
1745  441  2  1  0  0  444
1746  444  0  0  0  0  444
1747  443  0  0  1  0  444
1748  445  0  0  0  0  445
1749  415  0  0  30  0  445
1750  441  0  0  2  0  443
1751  448  0  0  0  0  448
1752  443  0  0  0  1  444
1753  445  0  1  0  0  446
1754  354  83  0  0  0  437
1755  436  0  0  1  0  437
1756  396  0  0  40  0  436
1757  431  0  0  0  2  433
1758  134  0  0  0  286  420
1759  370  0  66  1  0  437
1760  441  14  0  0  0  455
1761  458  3  0  0  0  461
1762  460  1  0  0  0  461
1763  459  0  0  0  1  460
1764  464  0  0  0  1  465
1765  459  0  0  0  1  460
1766  461  0  0  0  0  461
1767  461  1  1  0  0  463
1768  462  0  0  0  0  462
1769  454  0  0  0  1  455
1770  432  0  19  0  0  451
1771  435  0  15  0  0  450
1772  449  1  0  1  0  451
1773  410  24  13  0  0  447
1774  438  0  0  2  0  440
1775  442  0  0  0  0  442
1776  440  0  0  1  0  441
1777  440  0  2  0  0  442
1778  440  1  0  2  0  443
1779  439  0  0  3  1  443
1780  379  66  0  0  0  445
1781  451  0  1  0  0  452
1782  451  0  0  0  0  451
1783  445  3  0  0  1  449
1784  441  3  0  1  0  445
1785  418  0  24  0  2  444
1786  380  0  67  0  0  447
1787  451  0  0  1  0  452
1788  453  0  0  1  0  454
1789  452  0  0  0  4  456
1790  453  0  0  0  1  454
1791  454  0  1  0  0  455
1792  456  0  0  1  0  457
1793  373  79  0  0  0  452
1794  448  0  0  0  2  450
1795  450  1  0  0  0  451
1796  431  0  0  17  0  448
1797  366  76  0  0  0  442
1798  384  9  0  0  50  443
1799  194  1  0  1  235  431
1800  326  1  111  6  0  444
1801  452  0  0  0  0  452
1802  433  21  0  1  0  455
1803  445  1  13  0  0  459
1804  465  0  0  0  0  465
1805  401  0  60  0  1  462
1806  464  0  0  6  0  470
1807  475  0  0  0  0  475
1808  475  0  0  0  0  475
1809  469  7  0  0  0  476
1810  458  14  0  0  0  472
1811  470  0  0  0  1  471
1812  471  0  1  0  0  472
1813  468  0  6  0  0  474
1814  387  84  0  0  0  471
1815  421  1  0  1  50  473
1816  364  108  1  0  1  474
1817  481  0  0  0  1  482
1818  475  0  14  0  0  489
1819  490  0  2  0  0  492
1820  471  1  16  0  0  488
1821  421  65  2  0  0  488
1822  480  0  15  0  0  495
1823  496  0  0  0  0  496
1824  495  0  1  0  1  497
1825  498  0  0  0  0  498
1826  384  0  0  5  102  491
1827  292  3  67  127  0  489
1828  519  2  0  0  0  521
1829  520  1  0  5  4  530
1830  543  0  1  0  0  544
1831  545  0  0  0  0  545
1832  545  0  0  2  2  549
1833  548  0  0  9  0  557
1834  568  0  0  0  0  568
1835  579  0  1  0  0  580
1836  575  0  0  2  9  586
1837  589  0  0  0  0  589
1838  592  0  0  0  0  592
1839  450  0  142  0  0  592
1840  598  0  9  0  0  607
1841  591  17  0  0  0  608
1842  605  8  0  1  0  614
1843  610  0  0  1  8  619
1844  624  1  0  0  0  625
1845  629  0  1  0  0  630
1846  632  4  0  0  0  636
1847  633  0  0  0  1  634
1848  635  0  0  0  0  635
1849  629  0  0  0  0  629
1850  634  0  0  1  0  635
1851  621  15  1  0  0  637
1852  600  0  0  0  31  631
1853  627  0  0  1  1  629
1854  395  0  0  230  0  625
1855  637  0  0  0  1  638
1856  640  0  0  1  0  641
1857  631  1  0  1  8  641
1858  641  0  0  0  1  642
1859  630  0  1  1  0  632
1860  377  1  252  0  0  630
1861  638  0  0  2  0  640
1862  636  9  0  0  0  645
1863  652  0  0  0  0  652
1864  650  0  0  0  0  650
1865  646  0  0  2  0  648
1866  655  1  1  0  0  657
1867  654  2  0  1  0  657
1868  666  0  1  0  0  667
1869  668  0  0  0  0  668
1870  671  0  0  0  1  672
1871  663  0  0  9  0  672
1872  647  0  23  0  1  671
1873  555  41  74  0  0  670
1874  666  14  2  0  0  682
1875  685  0  1  0  0  686
1876  685  0  0  0  0  685
1877  676  2  0  1  0  679
1878  264  0  400  6  0  670
1879  683  6  1  0  0  690
1880  695  0  2  0  0  697
1881  692  6  0  1  0  699
1882  715  0  0  0  1  716
1883  724  0  0  0  0  724
1884  726  1  0  0  0  727
1885  664  1  61  0  0  726
1886  730  0  1  1  0  732
1887  720  0  0  2  11  733
1888  738  0  2  0  0  740
1889  730  12  0  0  0  742
1890  739  12  1  0  0  752
1891  752  0  0  0  0  752
1892  751  0  1  0  2  754
1893  678  1  72  0  0  751
1894  753  0  0  0  0  753
1895  747  0  0  0  0  747
1896  746  0  0  0  0  746
1897  741  0  0  0  0  741
1898  742  0  0  0  0  742
1899  742  2  0  0  0  744
1900  740  0  0  1  0  741
1901  733  0  0  0  1  734
1902  713  21  0  0  0  734
1903  723  0  0  1  0  724
1904  706  0  5  0  0  711
1905  343  116  0  235  0  694
1906  643  60  0  0  0  703
1907  683  37  0  1  0  721
1908  730  0  0  0  0  730
1909  671  64  1  0  0  736
1910  736  0  0  0  2  738
1911  743  0  0  0  0  743
1912  736  0  0  0  2  738
1913  740  0  0  1  0  741
1914  745  0  0  0  0  745
1915  742  0  0  1  1  744
1916  738  0  0  1  1  740
1917  740  0  0  1  0  741
1918  678  61  0  0  0  739
1919  735  0  0  1  0  736
1920  735  1  0  0  0  736
1921  728  0  0  0  0  728
1922  704  2  0  0  0  706
1923  268  0  21  391  0  680
1924  680  0  0  0  0  680
1925  670  0  0  1  2  673
1926  636  34  0  0  0  670
1927  654  10  0  1  1  666
1928  270  0  0  0  358  628
1929  258  0  358  0  0  616
1930  582  73  0  0  1  656
1931  678  1  0  0  0  679
1932  674  2  0  2  0  678
1933  672  0  0  0  1  673
1934  672  0  0  0  0  672
1935  654  16  1  0  0  671
1936  655  1  9  0  0  665
1937  658  0  0  1  0  659
1938  660  0  1  0  0  661
1939  659  0  0  0  0  659
1940  663  0  0  0  1  664
1941  651  0  0  0  0  651
1942  637  0  0  3  1  641
1943  615  20  1  0  0  636
1944  634  0  2  0  0  636
1945  621  0  0  1  1  623
1946  602  0  0  6  0  608
1947  607  0  0  0  0  607
1948  581  24  2  0  0  607
1949  456  141  0  0  0  597
1950  594  1  0  0  0  595
1951  585  0  0  11  0  596
1952  598  0  0  0  0  598
1953  586  0  0  0  0  586
1954  588  0  0  0  0  588
1955  588  0  0  0  0  588
1956  587  1  1  0  0  589
1957  578  1  0  6  2  587
1958  584  1  2  0  0  587
1959  583  0  0  0  6  589
1960  575  20  0  0  0  595
1961  594  0  0  1  0  595
1962  583  0  9  0  0  592
1963  587  0  0  0  0  587
1964  587  0  0  0  1  588
1965  581  2  0  0  0  583
1966  543  16  3  0  13  575
1967  563  0  0  2  0  565
1968  563  0  1  1  1  566
1969  561  0  0  0  1  562
1970  565  0  0  0  0  565
1971  575  0  1  0  0  576
1972  581  0  0  0  0  581
1973  576  1  0  0  0  577
1974  573  0  0  0  0  573
1975  489  0  61  1  1  552
1976  558  0  0  0  0  558
1977  486  0  0  62  2  550
1978  556  0  0  1  0  557
1979  559  0  0  0  0  559
1980  534  0  15  0  0  549
1981  541  1  0  0  0  542
1982  438  0  90  0  0  528
1983  458  75  0  0  0  533
1984  531  0  0  1  0  532
1985  537  0  0  0  0  537
1986  515  6  15  0  0  536
1987  539  0  0  1  0  540
1988  532  0  2  0  0  534
1989  535  0  0  0  0  535
1990  533  0  0  0  0  533
1991  538  0  0  0  0  538
1992  533  0  0  0  1  534
1993  535  0  0  2  0  537
1994  505  0  0  0  32  537
1995  539  0  0  0  0  539
1996  538  0  0  0  0  538
1997  528  0  0  0  0  528
1998  535  0  0  0  0  535
1999  411  116  1  0  0  528
2000  442  0  0  4  74  520
2001  530  0  1  0  0  531
2002  531  0  0  1  0  532
2003  529  0  0  3  0  532
2004  442  0  0  1  86  529
2005  371  0  161  0  0  532
2006  507  34  2  0  0  543
2007  545  1  0  0  0  546
2008  555  0  0  0  0  555
2009  551  0  0  1  0  552
2010  543  8  2  0  0  553
2011  550  1  2  0  0  553
2012  540  0  0  2  1  543
2013  547  0  0  0  0  547
2014  540  1  0  4  0  545
2015  538  0  0  4  0  542
2016  531  13  0  0  0  544
2017  544  0  0  0  1  545
2018  540  0  0  2  0  542
2019  542  0  0  0  0  542
2020  543  0  0  0  0  543
2021  537  0  0  0  1  538
2022  533  0  2  0  0  535
2023  470  0  60  0  0  530
2024  527  1  0  1  0  529
2025  523  12  1  0  0  536
2026  537  0  0  1  0  538
2027  539  0  0  0  0  539
2028  539  0  0  0  0  539
2029  473  0  0  0  64  537
2030  542  0  0  0  0  542
2031  545  0  1  0  0  546
2032  547  0  0  0  0  547
2033  547  0  0  0  0  547
2034  545  1  0  1  0  547
2035  531  0  0  14  0  545
2036  542  0  1  0  0  543
2037  459  8  70  0  0  537
2038  539  0  0  1  1  541
2039  540  0  2  0  0  542
2040  547  0  0  0  0  547
2041  481  58  2  0  0  541
2042  549  0  0  1  0  550
2043  547  0  0  3  0  550
2044  555  1  0  0  0  556
2045  550  0  0  1  1  552
2046  454  30  3  0  64  551
2047  548  0  0  1  1  550
2048  553  0  1  0  1  555
2049  552  0  0  3  0  555
2050  562  0  1  0  0  563
2051  563  0  0  2  0  565
2052  565  0  0  0  1  566
2053  544  14  1  0  0  559
2054  538  1  13  1  0  553
2055  557  0  0  0  1  558
2056  555  0  0  1  1  557
2057  548  0  0  0  0  548
2058  547  0  0  0  0  547
2059  391  14  139  2  0  546
2060  487  58  0  0  0  545
2061  487  0  0  0  59  546
2062  548  0  0  0  0  548
2063  542  0  1  0  0  543
2064  544  0  1  0  0  545
2065  545  0  0  0  0  545
2066  540  0  0  2  1  543
2067  540  0  0  0  0  540
2068  524  14  0  0  0  538
2069  539  0  1  0  0  540
2070  459  73  1  0  0  533
2071  535  0  1  0  0  536
2072  525  0  0  2  0  527
2073  527  0  3  0  0  530
2074  524  1  0  2  1  528
2075  527  2  0  1  0  530
2076  531  0  0  0  0  531
2077  527  0  0  0  0  527
2078  511  9  1  0  0  521
2079  515  0  0  0  2  517
2080  163  0  345  1  0  509
2081  523  0  0  0  0  523
2082  401  47  0  0  73  521
2083  533  0  0  1  0  534
2084  533  0  0  0  2  535
2085  534  1  1  0  0  536
2086  537  0  0  0  0  537
2087  535  1  1  0  0  537
2088  533  1  0  0  0  534
2089  531  0  0  0  1  532
2090  527  0  0  0  0  527
2091  520  3  0  0  0  523
2092  521  0  0  0  0  521
2093  519  0  0  0  0  519
2094  519  0  2  1  0  522
2095  497  0  21  0  0  518
2096  512  1  1  0  0  514
2097  508  0  3  0  0  511
2098  502  0  2  0  0  504
2099  491  0  3  7  0  501
2100  467  11  1  0  21  500
2101  497  0  0  1  2  500
2102  503  0  0  0  1  504
2103  504  0  0  0  0  504
2104  507  0  0  0  0  507
2105  500  0  0  0  0  500
2106  502  0  1  0  0  503
2107  494  4  0  0  0  498
2108  500  1  0  0  0  501
2109  506  1  0  0  0  507
2110  503  0  1  0  0  504
2111  493  0  1  0  0  494
2112  484  12  1  0  0  497
2113  492  1  0  4  0  497
2114  496  0  0  0  0  496
2115  495  0  0  0  1  496
2116  486  0  2  0  2  490
2117  488  4  1  0  0  493
2118  461  28  0  0  0  489
2119  491  0  1  0  0  492
2120  492  0  4  0  0  496
2121  492  3  0  0  0  495
2122  492  0  0  0  0  492
2123  493  0  0  0  0  493
2124  497  0  0  0  0  497
2125  492  0  0  0  0  492
2126  493  0  0  0  0  493
2127  486  0  0  2  3  491
2128  488  0  0  0  2  490
2129  491  0  0  0  0  491
2130  493  0  0  0  0  493
2131  494  0  0  0  0  494
2132  484  0  0  0  0  484
2133  454  29  1  0  0  484
2134  485  0  0  1  0  486
2135  488  0  0  0  1  489
2136  486  0  0  1  2  489
2137  483  3  0  0  0  486
2138  483  1  0  0  0  484
2139  457  0  21  0  0  478
2140  432  0  0  41  1  474
2141  470  0  1  0  1  472
2142  480  0  0  0  0  480
2143  479  0  0  0  0  479
2144  475  0  0  0  0  475
2145  454  0  24  0  0  478
2146  468  0  0  0  1  469
2147  403  19  25  0  21  468
2148  469  0  1  0  0  470
2149  470  0  0  0  0  470
2150  463  0  0  0  0  463
2151  463  0  3  0  0  466
2152  463  1  2  0  0  466
2153  460  0  0  0  0  460
2154  398  3  60  0  0  461
2155  451  0  0  0  0  451
2156  450  0  1  0  0  451
2157  439  0  20  0  0  459
2158  453  3  1  0  0  457
2159  448  1  3  1  0  453
2160  446  0  0  3  1  450
2161  452  0  0  1  0  453
2162  458  0  0  0  0  458
2163  457  1  1  0  0  459
2164  457  1  0  0  0  458
2165  449  11  0  0  0  460
2166  464  0  0  0  0  464
2167  455  0  0  0  6  461
2168  455  0  1  1  4  461
2169  442  2  18  0  0  462
2170  459  0  0  0  0  459
2171  465  0  0  2  0  467
2172  472  0  0  1  0  473
2173  456  0  11  0  0  467
2174  468  0  0  1  0  469
2175  468  0  1  0  0  469
2176  460  0  1  0  0  461
2177  462  0  0  0  0  462
2178  443  10  0  0  8  461
2179  467  0  2  0  1  470
2180  386  76  0  0  0  462
2181  453  0  1  0  0  454
2182  444  0  10  0  0  454
2183  452  0  0  0  0  452
2184  452  0  0  0  0  452
2185  448  1  0  0  0  449
2186  409  0  1  43  2  455
2187  459  0  1  0  2  462
2188  464  0  0  0  0  464
2189  462  0  0  0  0  462
2190  459  0  0  2  0  461
2191  460  0  0  0  0  460
2192  450  15  0  0  0  465
2193  467  0  0  0  0  467
2194  465  0  2  0  0  467
2195  467  2  0  0  0  469
2196  467  0  1  0  0  468
2197  456  0  1  0  0  457
2198  458  0  2  0  0  460
2199  453  0  0  8  2  463
2200  458  0  0  1  1  460
2201  355  0  9  91  0  455
2202  432  22  2  0  8  464
2203  450  19  0  0  0  469
2204  466  0  0  0  0  466
2205  324  1  148  0  0  473
2206  476  0  0  3  0  479
2207  495  0  0  2  0  497
2208  507  0  1  0  0  508
2209  517  0  0  0  0  517
2210  513  0  0  1  0  514
2211  503  0  3  0  0  506
2212  487  6  11  0  0  504
2213  174  0  0  312  0  486
2214  388  104  0  0  7  499
2215  510  0  4  0  0  514
2216  520  0  0  0  0  520
2217  517  7  0  0  0  524
2218  504  27  0  0  0  531
2219  536  0  0  0  1  537
2220  527  0  0  7  0  534
2221  540  0  1  0  0  541
2222  537  1  0  4  0  542
2223  521  7  20  0  0  548
2224  553  0  0  1  0  554
2225  486  0  66  0  0  552
2226  550  9  2  0  0  561
2227  562  0  0  0  1  563
2228  563  0  0  0  0  563
2229  547  0  0  7  0  554
2230  558  0  0  1  1  560
2231  488  0  0  1  68  557
2232  480  0  47  20  4  551
2233  556  0  0  0  0  556
2234  550  0  0  0  3  553
2235  487  0  68  1  0  556
2236  559  0  0  0  0  559
2237  554  0  1  1  1  557
2238  534  6  20  0  0  560
2239  399  0  2  155  0  556
2240  567  0  1  0  0  568
2241  566  3  3  0  0  572
2242  573  0  0  0  0  573
2243  573  0  0  0  1  574
2244  455  0  126  0  0  581
2245  583  0  0  1  1  585
2246  559  0  35  0  0  594
2247  590  9  0  0  1  600
2248  605  0  0  0  0  605
2249  594  0  0  0  3  597
2250  600  0  0  0  0  600
2251  319  0  0  278  0  597
2252  578  0  22  0  0  600
2253  591  0  0  1  9  601
2254  616  0  0  0  0  616
2255  620  0  0  1  1  622
2256  618  0  0  0  2  620
2257  612  10  0  0  0  622
2258  626  0  0  1  0  627
2259  632  0  0  0  0  632
2260  632  0  0  0  0  632
2261  633  0  0  3  0  636
2262  631  1  0  0  0  632
2263  630  0  0  0  2  632
2264  627  0  9  0  0  636
2265  632  0  0  0  2  634
2266  578  0  53  0  0  631
2267  630  0  4  0  1  635
2268  635  0  0  0  0  635
2269  577  52  0  2  0  631
2270  629  1  0  4  0  634
2271  559  0  75  0  0  634
2272  635  0  0  0  1  636
2273  638  0  0  0  0  638
2274  637  0  0  0  0  637
2275  562  5  61  0  0  628
2276  488  0  0  126  0  614
2277  271  0  1  325  0  597
2278  611  0  4  0  0  615
2279  622  0  0  0  0  622
2280  628  0  0  0  1  629
2281  631  0  0  0  1  632
2282  625  0  0  0  0  625
2283  629  0  1  0  0  630
2284  595  1  0  5  26  627
2285  624  0  0  1  0  625
2286  622  0  0  0  0  622
2287  469  129  0  0  26  624
2288  601  9  0  1  13  624
2289  618  0  0  2  10  630
2290  630  0  0  0  1  631
2291  605  24  1  0  0  630
2292  625  1  0  1  0  627
2293  625  0  1  0  0  626
2294  624  0  0  0  0  624
2295  628  1  0  2  0  631
2296  617  7  2  0  0  626
2297  614  0  0  10  0  624
2298  444  9  0  163  0  616
2299  633  0  0  0  0  633
2300  613  0  7  9  0  629
2301  633  0  0  0  0  633
2302  627  0  0  0  0  627
2303  616  0  0  0  1  617
2304  590  0  25  1  0  616
2305  598  3  0  0  1  602
2306  585  0  1  0  0  586
2307  411  0  173  1  0  585
2308  599  0  0  0  0  599
2309  592  0  1  0  2  595
2310  590  7  0  0  0  597
2311  589  0  9  0  0  598
2312  584  3  0  7  2  596
2313  601  0  0  1  0  602
2314  597  0  0  0  0  597
2315  589  0  0  0  0  589
2316  570  0  7  17  0  594
2317  587  0  0  2  0  589
2318  576  0  13  0  0  589
2319  571  0  0  1  15  587
2320  590  1  0  0  0  591
2321  587  0  0  0  1  588
2322  587  0  0  1  0  588
2323  593  0  0  0  0  593
2324  588  0  0  0  0  588
2325  584  0  0  3  0  587
2326  582  0  0  0  0  582
2327  548  0  0  19  0  567
2328  564  1  0  3  0  568
2329  557  0  0  0  0  557
2330  557  4  0  0  0  561
2331  558  0  0  4  0  562
2332  570  1  0  0  0  571
2333  565  0  1  0  0  566
2334  565  0  0  0  0  565
2335  556  0  0  0  0  556
2336  542  0  0  0  2  544
2337  345  0  129  62  0  536
2338  544  0  1  0  0  545
2339  546  0  0  0  0  546
2340  536  0  8  0  0  544
2341  528  0  0  0  0  528
2342  513  9  0  0  0  522
2343  518  0  0  3  0  521
2344  276  123  0  0  103  502
2345  512  0  0  0  0  512
2346  512  0  0  0  0  512
2347  507  4  0  0  0  511
2348  511  0  0  0  0  511
2349  514  0  0  0  1  515
2350  515  0  0  0  0  515
2351  511  1  0  0  0  512
2352  508  0  1  2  0  511
2353  403  100  0  0  0  503
2354  499  0  0  0  0  499
2355  460  44  0  0  0  504
2356  497  10  0  0  0  507
2357  499  0  0  1  1  501
2358  497  0  1  0  1  499
2359  466  31  0  0  0  497
2360  500  0  0  0  0  500
2361  498  0  0  0  0  498
2362  491  0  0  1  0  492
2363  358  1  0  0  131  490
2364  494  0  1  0  0  495
2365  491  2  2  0  0  495
2366  491  2  0  0  0  493
2367  485  0  0  0  1  486
2368  347  112  17  0  0  476
2369  477  0  0  0  0  477
2370  474  0  2  4  0  480
2371  486  0  0  0  0  486
2372  485  0  0  0  0  485
2373  451  0  34  0  0  485
2374  486  0  0  0  0  486
2375  469  0  0  0  1  470
2376  339  121  0  0  0  460
2377  458  0  0  1  1  460
2378  436  23  0  0  0  459
2379  451  4  0  0  0  455
2380  451  1  0  0  0  452
2381  454  0  0  0  0  454
2382  445  0  0  0  0  445
2383  429  0  18  0  0  447
2384  432  0  0  8  1  441
2385  434  1  0  0  0  435
2386  418  0  0  4  9  431
2387  434  0  0  0  0  434
2388  436  0  0  0  0  436
2389  437  0  0  0  0  437
2390  360  0  0  55  0  415
2391  414  0  1  0  0  415
2392  416  0  0  0  0  416
2393  360  55  0  0  0  415
2394  418  0  0  0  0  418
2395  410  0  0  1  0  411
2396  421  0  0  0  0  421
2397  422  0  0  0  0  422
2398  374  0  40  0  0  414
2399  419  0  0  0  0  419
2400  398  1  4  15  0  418
2401  401  0  12  0  0  413
2402  413  0  0  0  0  413
2403  412  1  0  0  0  413
2404  414  0  0  0  0  414
2405  410  0  0  0  0  410
2406  400  14  0  0  0  414
2407  416  0  0  0  0  416
2408  410  0  0  0  0  410
2409  408  0  0  0  0  408
2410  405  7  1  0  0  413
2411  366  6  37  0  0  409
2412  384  1  26  0  0  411
2413  405  0  0  0  0  405
2414  396  4  0  0  0  400
2415  265  125  0  2  0  392
2416  386  21  0  0  0  407
2417  411  0  0  0  0  411
2418  411  0  0  1  0  412
2419  344  0  70  0  0  414
2420  412  3  0  0  0  415
2421  405  2  0  2  0  409
2422  410  0  0  0  0  410
2423  405  0  2  0  1  408
2424  407  0  0  1  0  408
2425  391  0  0  14  2  407
2426  403  0  0  0  0  403
2427  406  1  1  0  0  408
2428  405  0  0  1  0  406
2429  406  0  0  0  0  406
2430  407  0  0  0  0  407
2431  404  1  0  0  0  405
2432  400  0  0  3  0  403
2433  405  0  0  0  0  405
2434  366  0  1  0  33  400
2435  137  0  0  256  0  393
2436  398  6  1  0  0  405
2437  408  0  1  0  0  409
2438  412  0  1  0  0  413
2439  413  0  0  1  0  414
2440  416  0  0  0  0  416
2441  416  0  2  0  0  418
2442  413  1  0  7  0  421
2443  422  0  0  0  1  423
2444  420  0  1  0  0  421
2445  415  7  0  0  0  422
2446  425  0  1  0  0  426
2447  423  0  0  0  0  423
2448  414  1  0  0  7  422
2449  421  1  4  0  0  426
2450  428  0  0  0  0  428
2451  422  0  0  1  0  423
2452  425  0  0  1  0  426
2453  436  0  0  0  0  436
2454  433  0  1  0  0  434
2455  429  0  0  2  0  431
2456  439  0  0  0  0  439
2457  451  0  0  0  0  451
2458  461  0  0  0  0  461
2459  461  0  0  0  0  461
2460  471  0  0  0  0  471
2461  471  0  0  0  0  471
2462  472  0  1  0  1  474
2463  470  0  0  3  0  473
2464  479  0  0  1  3  483
2465  483  0  0  0  0  483
2466  492  0  0  0  0  492
2467  493  0  0  0  1  494
2468  495  0  1  0  0  496
2469  492  3  1  0  0  496
2470  488  0  3  0  0  491
2471  436  1  0  1  51  489
2472  411  80  1  0  1  493
2473  475  0  25  0  0  500
2474  508  0  0  0  0  508
2475  506  0  0  2  0  508
2476  510  0  3  0  0  513
2477  512  0  1  0  0  513
2478  507  1  0  0  0  508
2479  508  1  0  1  0  510
2480  503  0  1  1  1  506
2481  482  0  15  13  0  510
2482  513  0  0  0  0  513
2483  512  0  0  0  1  513
2484  470  0  0  46  1  517
2485  512  0  0  0  0  512
2486  513  0  1  0  0  514
2487  517  0  0  0  0  517
2488  516  0  0  1  1  518
2489  516  1  0  0  0  517
2490  524  0  0  0  0  524
2491  525  0  2  0  0  527
2492  523  0  0  0  0  523
2493  525  0  0  1  0  526
2494  526  0  1  0  0  527
2495  522  0  0  0  0  522
2496  514  0  0  0  3  517
2497  521  0  0  0  0  521
2498  521  0  0  1  0  522
2499  440  82  0  0  0  522
2500  533  0  0  0  1  534
2501  537  0  0  0  0  537
2502  538  0  0  0  0  538
2503  522  0  5  0  0  527
2504  507  13  2  0  0  522
2505  518  1  0  0  1  520
2506  196  308  0  0  0  504
2507  507  0  0  1  0  508
2508  514  0  0  0  0  514
2509  385  126  1  0  0  512
2510  524  0  0  0  1  525
2511  518  0  0  0  0  518
2512  525  0  2  0  0  527
2513  530  1  0  0  0  531
2514  532  0  0  0  1  533
2515  532  0  0  0  2  534
2516  529  0  0  2  0  531
2517  483  46  0  0  0  529
2518  530  0  0  0  0  530
2519  530  0  0  1  0  531
2520  489  0  0  1  45  535
2521  543  0  0  0  0  543
2522  399  135  0  0  0  534
2523  533  2  0  0  0  535
2524  537  0  0  0  0  537
2525  532  0  0  0  1  533
2526  534  0  0  0  0  534
2527  536  0  0  0  0  536
2528  543  0  4  0  0  547
2529  551  0  0  0  0  551
2530  545  0  0  0  0  545
2531  518  0  23  0  1  542
2532  542  0  1  0  0  543
2533  541  0  1  0  0  542
2534  534  0  0  0  1  535
2535  534  0  0  1  1  536
2536  535  0  1  0  0  536
2537  533  0  0  1  0  534
2538  533  2  0  0  0  535
2539  535  0  1  0  1  537
2540  536  0  0  0  0  536
2541  528  0  0  7  0  535
2542  534  0  1  0  0  535
2543  533  2  0  0  0  535
2544  532  1  0  0  0  533
2545  528  6  4  0  0  538
2546  542  0  0  0  0  542
2547  541  0  0  0  0  541
2548  546  0  0  0  1  547
2549  543  0  0  0  0  543
2550  542  3  1  0  0  546
2551  516  33  2  0  0  551
2552  520  0  14  0  0  534
2553  530  0  0  0  0  531
2554  531  0  0  0  0  531
2555  521  3  0  2  0  526
2556  495  0  31  0  0  526
2557  533  0  1  0  1  535
2558  525  0  1  0  0  526
2559  522  0  1  0  0  523
2560  501  17  1  0  0  519
2561  505  0  0  0  1  506
2562  505  1  1  0  0  507
2563  504  0  1  0  0  505
2564  501  0  0  0  0  501
2565  482  13  0  1  0  496
2566  490  0  0  0  0  490
2567  484  0  0  1  1  486
2568  491  0  0  0  0  491
2569  487  1  0  0  0  488
2570  477  0  0  0  1  478
2571  475  0  3  0  0  478
2572  453  0  0  3  20  476
2573  474  1  0  0  0  475
2574  469  0  0  0  0  469
2575  462  0  2  0  0  464
2576  455  0  0  0  0  455
2577  449  2  0  1  0  452
2578  424  21  0  0  0  445
2579  444  0  0  1  0  445
2580  417  1  0  34  0  452
2581  460  0  1  0  1  462
2582  462  0  0  0  0  462
2583  463  0  0  0  1  464
2584  461  0  0  0  0  461
2585  465  0  0  0  0  465
2586  466  0  0  0  0  466
2587  463  1  1  0  0  465
2588  390  0  0  0  68  458
2589  466  0  0  1  0  467
2590  465  0  0  1  0  466
2591  462  0  0  0  0  462
2592  244  1  202  0  0  447
2593  451  4  0  0  1  456
2594  453  0  1  0  0  454
2595  440  0  0  5  0  445
2596  447  0  1  0  0  448
2597  412  1  35  0  0  448
2598  444  5  0  0  0  449
2599  452  0  1  0  0  453
2600  437  0  0  1  13  451
2601  443  0  2  0  6  451
2602  449  0  0  1  0  450
2603  450  0  0  1  0  451
2604  447  0  0  0  5  452
2605  454  0  1  0  0  455
2606  447  0  0  0  1  448
2607  448  0  0  0  0  448
2608  451  0  0  0  1  452
2609  448  0  2  1  2  453
2610  458  1  0  0  0  459
2611  456  0  0  0  0  456
2612  446  0  1  0  0  447
2613  440  0  0  2  1  443
2614  440  0  5  0  0  445
2615  443  0  2  0  0  445
2616  426  0  9  0  1  436
2617  412  0  24  0  0  436
2618  384  45  0  0  0  429
2619  431  0  0  0  0  431
2620  432  0  0  0  0  432
2621  432  0  0  0  0  432
2622  435  0  1  0  0  436
2623  433  2  0  1  0  436
2624  441  0  0  0  1  442
2625  438  0  0  0  2  440
2626  443  1  0  0  0  444
2627  408  0  0  33  0  441
2628  444  0  1  0  0  445
2629  445  0  0  0  0  445
2630  447  0  0  0  0  447
2631  446  0  1  0  0  447
2632  431  0  16  1  0  448
2633  437  1  0  1  10  449
2634  435  0  0  17  0  452
2635  443  0  0  5  2  450
2636  451  0  0  0  0  451
2637  451  0  0  0  0  451
2638  447  3  0  1  0  451
2639  406  0  0  0  39  445
2640  445  0  0  0  0  445
2641  446  1  0  0  0  447
2642  445  0  1  0  0  446
2643  378  60  0  0  0  438
2644  443  0  0  0  0  443
2645  437  0  0  0  0  437
2646  437  0  0  0  0  437
2647  439  1  0  0  0  440
2648  402  0  1  29  0  432
2649  430  0  0  0  0  430
2650  430  0  0  0  0  430
2651  425  1  1  0  0  427
2652  426  0  0  0  0  426
2653  421  0  6  0  0  427
2654  377  47  0  0  0  424
2655  427  0  0  1  0  428
2656  425  0  0  0  1  426
2657  304  0  0  0  120  424
2658  434  0  0  0  0  434
2659  434  0  0  0  0  434
2660  433  0  0  0  1  434
2661  428  6  1  0  0  435
2662  403  0  33  0  0  436
2663  302  125  0  0  0  427
2664  433  0  0  0  0  433
2665  426  0  0  0  0  426
2666  400  1  0  0  28  429
2667  439  0  1  0  1  441
2668  433  0  0  0  0  433
2669  439  0  1  0  0  440
2670  334  105  0  0  0  439
2671  439  1  3  0  0  443
2672  445  0  0  0  2  447
2673  447  0  0  0  0  447
2674  441  0  0  1  0  442
2675  447  0  0  1  0  448
2676  444  0  3  0  0  447
2677  442  0  8  0  0  450
2678  375  68  1  0  0  444
2679  448  0  0  0  2  450
2680  449  0  4  0  0  453
2681  463  0  0  0  1  464
2682  458  1  0  4  0  463
2683  463  0  0  0  0  463
2684  457  0  0  0  4  461
2685  463  0  0  1  0  464
2686  376  0  65  2  11  454
2687  466  1  0  0  0  467
2688  469  0  0  0  0  470
2689  464  0  2  0  0  466
2690  467  1  0  0  7  475
2691  467  0  0  3  1  471
2692  476  0  3  0  0  479
2693  458  0  1  0  19  478
2694  478  0  2  0  0  480
2695  472  1  0  1  0  474
2696  468  0  0  1  0  469
2697  471  0  0  0  0  471
2698  473  0  0  0  2  475
2699  476  0  0  0  0  476
2700  479  0  0  0  1  480
2701  466  18  1  0  0  485
2702  464  0  0  12  0  476
2703  477  0  0  0  0  477
2704  473  0  0  2  2  477
2705  472  0  10  0  0  482
2706  468  12  0  0  1  481
2707  479  0  0  0  1  480
2708  481  1  0  0  0  482
2709  478  0  0  0  0  478
2710  475  0  0  2  0  477
2711  468  11  0  0  0  479
2712  464  0  0  0  12  476
2713  464  10  1  0  0  475
2714  331  111  20  0  10  472
2715  465  11  0  0  0  476
2716  474  0  0  3  0  477
2717  481  0  0  0  0  481
2718  483  0  0  0  0  483
2719  477  0  0  0  1  478
2720  478  0  0  0  0  478
2721  465  13  0  0  0  478
2722  474  0  0  0  0  474
2723  390  79  0  0  0  469
2724  448  0  0  1  0  449
2725  445  0  1  1  0  447
2726  369  68  3  0  0  440
2727  369  0  0  1  69  439
2728  366  0  0  2  70  438
2729  441  0  0  1  0  442
2730  422  2  16  0  0  440
2731  439  0  0  0  0  439
2732  439  0  0  0  0  439
2733  425  0  15  1  0  441
2734  442  1  2  0  0  445
2735  437  0  0  0  0  437
2736  439  0  0  0  0  439
2737  439  0  0  0  0  439
2738  349  84  0  0  1  434
2739  434  0  0  0  0  434
2740  433  0  0  0  0  433
2741  400  0  34  0  0  434
2742  432  0  2  0  0  434
2743  431  0  0  0  0  431
2744  426  0  1  0  0  427
2745  423  0  0  0  0  423
2746  414  0  1  0  3  418
2747  413  0  5  0  0  418
2748  413  0  0  1  0  414
2749  412  0  0  1  0  413
2750  394  0  13  0  0  407
2751  400  14  0  0  0  414
2752  411  0  2  0  0  413
2753  403  0  0  0  2  405
2754  398  0  2  0  0  400
2755  396  0  3  0  0  399
2756  312  0  81  0  0  393
2757  388  0  0  0  0  388
2758  383  0  0  0  1  384
2759  365  1  16  0  0  382
2760  379  0  0  0  0  379
2761  367  2  0  5  0  374
2762  370  1  2  0  0  373
2763  368  0  0  0  0  368
2764  364  0  0  0  0  364
2765  362  0  0  0  0  362
2766  357  0  0  0  0  357
2767  348  1  0  1  0  350
2768  346  0  0  0  0  346
2769  321  0  0  12  0  333
2770  322  0  0  2  0  324
2771  314  1  1  0  0  316
2772  305  0  0  1  1  307
2773  300  0  1  0  0  301
2774  295  1  1  0  0  297
2775  291  0  0  0  1  292
2776  280  0  1  0  2  283
2777  278  0  0  0  0  278
2778  259  0  0  12  0  271
2779  180  1  84  0  0  265
2780  257  0  0  0  0  257
2781  243  0  2  0  0  245
2782  224  1  13  0  0  238
2783  229  0  0  0  0  229
2784  227  0  0  0  0  227
2785  226  0  0  0  0  226
2786  220  0  0  0  0  220
2787  213  0  0  0  0  213
2788  176  0  0  0  1  177
2789  173  0  0  0  0  173
2790  169  0  0  0  0  169
2791  0  0  0  0  0  0
2792  0  0  0  0  0  0
2793  0  0  0  0  0  0
2794  0  0  0  0  0  0
2795  0  0  0  0  0  0
2796  0  0  0  0  0  0
2797  0  0  0  0  0  0
2798  0  0  0  0  0  0
2799  0  0  0  0  0  0
2800  0  0  0  0  0  0
2801  0  0  0  0  0  0
2802  0  0  0  0  0  0
2803  0  0  0  0  0  0
2804  0  0  0  0  0  0
2805  0  0  0  0  0  0
2806  0  0  0  0  0  0
2807  0  0  0  0  0  0
2808  0  0  0  0  0  0
2809  0  0  0  0  0  0
2810  0  0  0  0  0  0
2811  0  0  0  0  0  0
2812  0  0  0  0  0  0
2813  0  0  0  0  0  0
2814  0  0  0  0  0  0
2815  0  0  0  0  0  0
2816  0  0  0  0  0  0
2817  0  0  0  0  0  0
2818  0  0  0  0  0  0
2819  0  0  0  0  0  0
2820  0  0  0  0  0  0
2821  0  0  0  0  0  0
2822  0  0  0  0  0  0
2823  0  0  0  0  0  0
2824  0  0  0  0  0  0
