Position	CountMatch	CountA	CountT	CountG	CountC	Depth
1  2014  0  0  0  0  1953
2  2021  0  0  0  0  2019
3  1996  17  0  9  110  2129
4  6383  2  0  0  13  6318
5  6507  10  30  2  0  6547
6  6313  292  71  12  0  6688
7  7131  0  38  39  19  7220
8  7266  0  35  31  9  7341
9  7330  0  39  28  10  7407
10  7056  51  0  323  32  7461
11  6734  625  196  0  29  7584
12  7424  138  39  0  19  7620
13  7351  109  159  0  26  7645
14  2926  148  0  36  4560  7670
15  7499  92  269  94  0  7954
16  7501  533  91  0  17  8141
17  7335  469  426  0  37  8265
18  8302  0  41  39  28  8409
19  7028  1213  192  54  0  8487
20  9001  0  92  378  29  9500
21  8997  0  112  511  12  9632
22  8623  479  748  0  21  9870
23  9458  323  219  41  0  10041
24  9219  143  749  99  0  10210
25  9673  416  268  0  110  10467
26  10369  61  0  69  83  10582
27  10472  127  152  0  19  10770
28  10820  0  52  41  17  10930
29  10487  81  0  350  75  10993
30  10688  204  237  0  42  11171
31  10776  196  291  0  36  11299
32  10498  679  183  52  0  11412
33  10619  732  132  55  0  11538
34  11509  0  77  42  61  11689
35  11535  0  77  70  81  11763
36  11213  140  472  55  0  11880
37  11024  142  722  47  0  11935
38  10870  729  263  0  106  11967
39  10801  149  0  973  70  11993
40  12153  0  65  45  35  12298
41  12117  91  0  37  113  12358
42  11960  219  210  0  72  12461
43  12095  199  155  67  0  12516
44  12312  0  59  130  41  12541
45  12232  188  0  15  138  12573
46  12143  0  270  52  60  12525
47  11691  283  444  0  153  12571
48  12448  0  50  128  44  12670
49  11418  947  251  111  0  12726
50  12595  0  63  68  36  12762
51  12391  0  151  59  51  12652
52  11991  177  266  0  250  12684
53  12388  171  152  0  67  12778
54  12329  106  0  97  82  12614
55  12118  215  195  73  0  12601
56  12321  172  0  38  45  12576
57  12482  130  0  35  53  12700
58  12124  211  232  0  116  12683
59  12283  0  100  100  46  12529
60  10222  897  1232  156  0  12507
61  11062  1313  121  0  34  12529
62  11979  443  118  0  35  12574
63  12378  0  86  58  30  12552
64  11007  159  1368  45  0  12579
65  11826  498  231  0  114  12669
66  12459  89  0  19  85  12652
67  12315  103  260  72  0  12750
68  12072  186  361  136  0  12755
69  12427  0  95  99  65  12686
70  10814  424  1340  90  0  12668
71  9424  2945  210  0  103  12681
72  12652  0  68  93  40  12853
73  12512  0  222  79  51  12864
74  10247  0  379  58  2127  12811
75  12561  0  273  48  83  12964
76  11334  0  509  83  1016  12942
77  12229  0  614  108  66  13016
78  12020  914  0  103  30  13066
79  12847  216  0  39  28  13129
80  12921  159  0  44  30  13154
81  11721  332  1034  0  48  13135
82  12746  236  177  0  39  13198
83  12518  322  337  29  0  13204
84  12936  0  174  44  69  13223
85  13011  106  0  66  48  13231
86  13128  93  0  16  23  13260
87  13123  100  0  28  33  13284
88  13150  46  0  17  63  13276
89  12968  75  0  91  90  13224
90  12103  372  616  0  87  13178
91  12946  0  115  38  30  13129
92  12223  150  736  42  0  13151
93  11656  1231  207  0  30  13124
94  12852  114  0  53  93  13112
95  11944  119  1007  50  0  13120
96  11804  1024  221  0  67  13116
97  11548  1224  266  0  87  13124
98  13140  0  43  35  18  13236
99  13047  0  120  60  24  13251
100  13120  47  0  16  49  13231
101  12174  183  729  88  0  13175
102  11039  249  1806  81  0  13173
103  12159  607  218  0  249  13233
104  12495  597  142  0  42  13276
105  13146  0  96  65  11  13318
106  13236  51  0  7  40  13334
107  12831  323  199  21  0  13372
108  13151  0  85  36  52  13322
109  12738  190  379  68  0  13374
110  12910  108  351  34  0  13401
111  12685  385  344  57  0  13469
112  13175  0  144  177  77  13570
113  13425  0  127  57  47  13655
114  13469  0  120  60  49  13697
115  13554  0  94  43  30  13718
116  13523  0  90  53  52  13718
117  13365  0  147  77  77  13664
118  13200  245  0  168  42  13652
119  12383  591  359  0  293  13620
120  13188  290  106  0  47  13627
121  13309  140  0  59  46  13551
122  11091  175  2219  0  44  13520
123  13310  122  0  19  114  13557
124  12900  393  249  0  96  13630
125  13075  116  341  67  0  13593
126  12546  747  0  35  226  13550
127  13371  0  123  166  16  13652
128  13361  86  0  52  169  13663
129  12880  0  435  217  56  13579
130  13220  207  122  0  76  13612
131  13210  282  116  67  0  13669
132  13351  0  98  108  44  13596
133  13125  200  282  53  0  13650
134  13397  0  76  52  61  13579
135  12686  136  678  84  0  13581
136  12563  886  81  0  47  13573
137  13587  0  22  59  31  13690
138  13612  0  40  22  18  13686
139  13504  0  103  22  21  13647
140  13435  0  78  47  13  13573
141  13323  92  0  14  65  13494
142  12652  157  566  31  0  13406
143  10558  2583  78  0  16  13235
144  13017  69  0  20  82  13188
145  12194  96  835  54  0  13177
146  12109  746  198  0  91  13138
147  12998  0  58  20  14  13090
148  12918  0  46  35  11  13009
149  12719  0  103  38  42  12903
150  12574  79  0  37  141  12831
151  11835  599  242  0  41  12715
152  12274  0  102  79  31  12486
153  12111  193  75  0  49  12428
154  11946  289  83  0  34  12352
155  3285  173  447  0  8056  11961
156  11264  438  132  0  61  11896
157  11596  71  0  34  110  11811
158  11602  0  72  64  20  11758
159  11494  56  0  33  105  11688
160  11251  146  113  0  55  11565
161  11123  81  154  50  0  11408
162  11032  54  0  80  80  11246
163  10550  181  318  35  0  11084
164  10018  626  191  0  60  10895
165  10280  98  288  68  0  10734
166  10484  78  0  12  27  10601
167  10320  92  0  7  59  10478
168  9688  68  487  52  0  10295
169  9376  501  156  0  69  10102
170  9391  392  136  0  31  9950
171  9189  446  129  0  43  9807
172  9224  208  100  0  37  9569
173  8989  269  127  21  0  9406
174  9137  77  0  11  36  9261
175  8521  44  507  16  0  9088
176  8266  313  109  0  51  8739
177  8428  47  0  61  48  8584
178  8448  27  0  10  9  8494
179  8289  6  0  7  14  8316
180  7746  2  23  0  3  7774
181  7354  0  0  0  0  7354
182  0  0  0  0  0  0
183  0  0  0  0  0  0
