Position	CountMatch	CountA	CountT	CountG	CountC	Depth
1  73  0  0  0  0  73
2  80  0  0  0  0  80
3  88  0  0  0  0  87
4  91  0  0  0  0  91
5  96  0  0  0  0  96
6  98  0  3  0  0  101
7  112  0  0  0  0  112
8  111  0  1  0  0  112
9  112  0  0  0  0  112
10  91  22  1  0  0  114
11  115  0  0  0  0  115
12  119  0  0  0  0  119
13  100  13  7  0  0  120
14  115  6  1  0  0  122
15  111  7  4  0  0  122
16  80  0  45  1  0  126
17  128  4  2  0  0  134
18  138  0  0  1  0  139
19  140  0  0  1  0  141
20  142  0  0  0  0  142
21  144  2  0  0  0  146
22  128  8  4  0  10  150
23  156  0  0  0  0  156
24  153  0  3  1  1  158
25  155  4  2  0  0  161
26  162  0  0  0  1  163
27  165  0  0  0  0  165
28  165  1  0  0  0  166
29  155  0  12  0  0  167
30  160  0  0  0  8  168
31  123  0  36  9  0  168
32  163  11  0  0  0  174
33  177  0  0  0  0  177
34  180  0  0  0  0  180
35  179  0  0  0  0  179
36  120  59  0  0  0  179
37  157  25  1  0  0  183
38  181  0  0  0  2  183
39  153  11  20  0  0  184
40  181  0  2  1  1  185
41  167  9  8  1  0  185
42  189  0  0  0  0  189
43  187  0  0  0  4  191
44  184  8  0  0  2  194
45  181  0  13  0  0  194
46  191  0  3  0  0  194
47  193  0  1  0  0  194
48  166  4  3  0  22  195
49  171  15  11  0  0  197
50  165  7  7  0  22  201
51  174  9  17  0  0  200
52  199  3  0  0  0  202
53  201  0  0  0  1  202
54  193  8  1  0  0  202
55  203  0  0  0  1  204
56  204  1  0  0  0  205
57  207  0  2  0  1  210
58  211  1  0  0  0  212
59  213  1  2  0  0  216
60  217  0  1  0  0  218
61  221  0  0  0  0  221
62  224  0  0  0  0  224
63  222  0  0  0  0  222
64  223  0  0  0  1  224
65  224  0  0  0  0  224
66  220  2  0  0  0  222
67  123  40  56  0  0  219
68  220  0  0  0  0  220
69  215  0  1  2  0  218
70  210  3  1  5  0  219
71  219  0  0  0  0  219
72  197  26  0  1  0  224
73  188  0  28  9  0  225
74  224  0  0  0  0  224
75  216  0  8  0  0  224
76  217  0  4  0  0  221
77  205  6  9  2  0  222
78  186  36  0  0  0  222
79  197  11  10  0  0  218
80  212  0  0  4  0  216
81  130  2  84  0  0  216
82  211  0  6  0  0  217
83  211  2  0  0  4  217
84  224  0  0  2  0  226
85  222  0  5  0  0  227
86  226  0  0  1  0  227
87  215  0  0  8  1  224
88  206  1  17  0  0  224
89  206  7  5  0  2  220
90  193  1  26  0  0  220
91  217  1  0  0  0  218
92  210  1  5  0  0  216
93  216  0  0  1  1  218
94  207  8  0  0  1  216
95  210  2  4  0  0  216
96  191  4  18  1  0  214
97  176  26  11  0  2  215
98  211  0  5  0  0  216
99  215  2  0  0  0  217
100  191  0  26  0  0  217
101  214  0  0  0  0  214
102  203  11  3  0  0  217
103  163  8  44  0  0  215
104  213  3  2  0  0  218
105  212  0  0  0  0  212
106  208  0  0  0  3  211
107  187  17  1  4  0  209
108  175  23  4  0  3  205
109  202  0  0  0  0  202
110  200  2  0  0  0  202
111  179  2  18  0  0  199
112  172  3  11  11  0  197
113  83  0  4  104  0  191
114  164  0  23  1  4  192
115  193  7  0  0  0  200
116  200  0  0  0  0  200
117  201  0  0  0  0  201
118  197  0  0  1  2  200
119  192  0  0  0  1  193
120  181  0  0  0  0  181
121  181  0  0  0  0  181
122  152  3  21  1  0  177
123  88  1  22  66  0  177
124  185  0  0  0  1  186
125  183  0  0  4  0  187
126  154  3  21  7  0  185
127  157  16  12  0  0  185
128  180  6  0  1  0  187
129  182  3  4  0  0  189
130  187  0  0  0  0  187
131  172  3  0  0  11  186
132  174  7  0  0  1  182
133  174  0  0  2  1  177
134  176  1  0  1  0  178
135  178  2  0  0  0  180
136  181  0  0  2  0  183
137  180  0  0  1  0  181
138  179  3  0  0  0  182
139  126  22  0  10  18  176
140  124  4  0  0  48  176
141  154  2  17  0  6  179
142  177  0  0  5  0  182
143  183  0  0  2  0  185
144  185  0  0  0  0  185
145  176  8  0  0  0  184
146  156  5  2  17  0  180
147  174  1  0  1  1  177
148  173  0  0  2  0  175
149  166  3  5  1  0  175
150  173  0  2  0  0  175
151  163  0  10  0  0  173
152  95  67  2  0  4  168
153  178  0  0  0  0  178
154  177  0  0  0  0  177
155  175  0  0  0  0  175
156  167  0  7  0  0  174
157  162  0  9  0  1  172
158  57  1  103  0  0  161
159  154  0  7  0  2  163
160  137  0  27  2  0  166
161  165  2  4  0  0  171
162  173  0  0  0  0  173
163  168  0  6  0  0  174
164  158  19  0  0  1  178
165  175  0  3  0  0  178
166  176  0  0  0  0  176
167  170  0  5  0  0  175
168  164  8  0  1  2  175
169  130  37  10  0  0  177
170  160  4  13  0  0  177
171  173  3  3  0  0  179
172  119  0  2  54  0  175
173  185  0  0  0  0  185
174  186  0  2  0  0  188
175  157  23  5  0  5  190
176  163  23  1  0  1  188
177  147  0  43  0  0  190
178  185  0  7  0  0  192
179  186  2  0  1  4  193
180  192  0  0  0  1  193
181  187  0  0  2  0  189
182  185  3  0  0  0  188
183  184  0  2  0  1  187
184  167  15  1  0  4  187
185  184  3  0  0  0  187
186  185  3  0  0  0  188
187  185  0  0  0  2  187
188  186  0  0  0  1  187
189  182  0  0  3  0  185
190  161  0  12  14  0  187
191  186  4  0  0  0  190
192  190  0  0  0  0  190
193  192  0  0  0  0  192
194  190  0  0  0  0  190
195  193  0  0  0  0  193
196  191  1  0  0  1  193
197  165  1  21  0  0  187
198  142  39  2  0  0  183
199  69  0  13  93  3  178
200  181  4  0  1  0  186
201  188  0  0  0  0  188
202  188  0  0  1  0  189
203  189  0  0  0  0  189
204  185  5  0  0  0  190
205  73  81  33  0  0  187
206  190  0  0  5  3  198
207  193  0  6  1  0  200
208  181  21  2  0  0  204
209  205  0  2  0  0  207
210  209  0  0  0  0  209
211  191  0  9  7  1  208
212  196  0  0  7  3  206
213  202  0  1  3  0  206
214  208  0  0  0  0  208
215  202  0  5  1  0  208
216  194  5  6  0  0  205
217  198  5  1  0  1  205
218  196  10  0  0  0  206
219  127  1  73  2  0  203
220  208  0  1  0  0  209
221  209  0  0  0  0  209
222  208  0  1  0  1  210
223  204  0  0  5  0  209
224  211  0  0  0  0  211
225  202  5  0  2  0  209
226  207  0  2  0  0  209
227  209  0  0  0  1  210
228  212  0  1  0  0  213
229  208  0  4  0  0  212
230  204  4  5  0  1  214
231  198  9  4  0  3  214
232  213  0  0  0  0  213
233  211  0  0  1  0  212
234  212  0  0  0  0  212
235  209  0  1  0  0  210
236  204  0  1  0  4  209
237  172  0  13  10  1  196
238  89  6  0  6  92  193
239  136  42  4  0  9  191
240  183  0  0  9  0  192
241  173  0  5  0  17  195
242  182  0  12  1  0  195
243  175  1  0  0  17  193
244  189  3  0  0  1  193
245  145  26  13  9  0  193
246  186  0  0  0  7  193
247  195  0  0  0  0  195
248  196  0  0  0  1  197
249  193  0  0  0  2  195
250  168  22  4  0  0  194
251  167  7  15  0  5  194
252  167  26  1  0  0  194
253  193  0  0  0  0  193
254  178  2  11  3  0  194
255  191  0  0  0  0  191
256  190  0  0  0  0  190
257  182  0  4  0  0  186
258  166  1  8  0  9  184
259  102  71  8  0  1  182
260  155  12  16  0  0  183
261  183  0  0  0  0  183
262  176  6  0  0  1  183
263  169  14  0  0  0  183
264  167  0  17  0  0  184
265  175  4  0  0  2  181
266  111  56  1  0  0  168
267  164  1  0  0  0  165
268  116  2  4  44  0  166
269  165  0  0  0  0  165
270  162  0  0  3  1  166
271  156  4  7  0  0  167
272  149  17  2  0  0  168
273  146  10  8  0  0  164
274  141  3  16  1  0  161
275  106  54  0  0  3  163
276  160  2  0  0  0  162
277  159  0  2  0  0  161
278  36  3  0  115  7  161
279  160  0  3  0  2  165
280  165  0  0  0  0  165
281  147  17  1  0  0  165
282  161  0  0  1  3  165
283  157  1  3  0  0  161
284  112  0  0  28  19  159
285  143  0  0  17  2  162
286  162  0  0  0  0  162
287  162  0  0  0  0  162
288  163  0  0  0  0  163
289  161  0  0  1  0  162
290  146  0  0  12  0  158
291  156  1  0  0  0  157
292  154  0  0  3  0  157
293  156  0  0  0  0  156
294  151  0  0  0  4  155
295  134  13  3  0  0  150
296  143  0  4  1  0  148
297  146  0  1  0  0  147
298  132  10  1  0  0  143
299  123  14  0  0  2  139
300  138  1  0  0  0  139
301  132  4  0  0  1  137
302  123  0  11  0  0  134
303  121  0  9  1  0  131
304  127  0  0  0  1  128
305  101  0  12  0  6  119
306  99  0  8  1  6  114
307  100  0  11  0  0  111
308  105  0  0  0  0  105
309  83  4  15  0  0  102
310  98  0  0  0  0  98
311  93  0  1  3  0  97
312  95  0  0  0  1  96
313  86  1  7  0  0  94
314  85  3  2  0  0  90
315  89  0  0  0  0  89
316  83  0  3  0  0  86
317  86  0  0  0  0  86
318  83  1  0  0  0  84
319  82  0  0  0  0  82
320  74  0  0  6  0  80
321  80  0  0  0  0  80
322  75  0  0  0  0  75
323  71  0  3  0  0  74
324  74  0  0  0  0  74
325  73  0  0  0  0  73
326  71  1  0  0  0  72
327  61  0  0  1  0  62
328  53  0  0  0  0  53
329  49  0  0  0  0  49
330  35  0  0  0  0  35
331  0  0  0  0  0  0
332  0  0  0  0  0  0
333  0  0  0  0  0  0
334  0  0  0  0  0  0
