Position	CountMatch	CountA	CountT	CountG	CountC	Depth
1  332  0  0  0  0  331
2  348  0  0  0  0  348
3  425  0  0  0  0  425
4  452  0  0  0  0  452
5  461  0  0  0  0  461
6  472  0  0  0  0  472
7  477  0  0  32  0  509
8  514  0  0  10  0  524
9  525  5  0  1  1  532
10  535  10  0  0  0  545
11  541  10  0  0  0  551
12  504  21  0  8  22  555
13  449  5  0  37  70  561
14  517  25  26  0  13  581
15  574  0  0  5  24  603
16  568  14  0  0  23  605
17  616  0  0  2  0  618
18  606  7  0  6  0  619
19  547  23  25  28  0  623
20  596  39  0  0  0  635
21  634  0  9  8  0  651
22  540  12  93  10  0  655
23  573  87  0  0  0  660
24  590  8  61  13  0  672
25  565  102  13  0  9  689
26  722  0  0  8  0  730
27  725  0  0  29  0  754
28  761  0  0  0  13  774
29  780  0  0  0  0  780
30  769  0  0  13  1  783
31  729  0  43  10  4  786
32  553  23  0  0  210  786
33  798  0  1  0  2  801
34  610  50  132  33  0  825
35  777  0  59  0  0  836
36  845  0  0  0  1  846
37  663  14  164  8  0  849
38  742  67  7  0  39  855
39  769  22  70  0  0  861
40  855  0  3  15  1  874
41  809  34  31  1  0  875
42  848  30  0  0  1  879
43  658  147  70  0  0  875
44  716  45  117  1  0  879
45  718  57  100  17  0  892
46  645  0  11  250  2  908
47  936  0  0  1  0  937
48  907  0  38  0  2  946
49  810  55  87  0  7  959
50  902  64  1  0  5  972
51  944  0  30  1  2  977
52  957  9  19  0  0  985
53  916  50  0  34  0  1000
54  967  29  0  0  14  1010
55  986  0  1  26  0  1013
56  1017  1  0  0  0  1018
57  1009  0  11  0  0  1020
58  832  76  117  0  0  1025
59  980  21  0  24  17  1042
60  1039  9  0  0  7  1055
61  1024  22  0  16  0  1062
62  1032  6  0  1  27  1066
63  1060  0  0  0  0  1060
64  942  46  75  0  0  1063
65  938  116  2  0  14  1070
66  1058  0  0  0  22  1080
67  1088  0  0  0  1  1089
68  1079  19  0  0  0  1098
69  1004  0  64  33  0  1101
70  1056  5  0  1  36  1098
71  950  17  118  0  0  1085
72  932  148  1  0  1  1082
73  540  0  55  455  21  1071
74  1020  2  0  61  20  1103
75  1121  1  0  1  0  1123
76  1099  19  0  2  0  1120
77  1079  12  0  3  22  1116
78  1076  5  0  34  0  1115
79  740  193  130  0  17  1080
80  1095  0  3  2  0  1099
81  841  77  188  0  0  1106
82  1080  2  42  0  0  1124
83  1076  0  20  9  21  1126
84  1107  32  0  0  1  1140
85  1098  0  40  0  0  1138
86  1094  16  0  1  25  1136
87  1139  0  0  4  0  1143
88  1105  24  0  14  0  1143
89  1136  0  0  0  0  1136
90  1034  62  27  0  4  1127
91  1107  11  6  0  0  1124
92  936  176  2  0  0  1114
93  504  69  0  0  493  1066
94  1053  0  0  1  49  1103
95  1126  0  0  0  0  1126
96  1110  0  0  0  18  1128
97  1082  0  30  14  1  1127
98  1086  18  0  0  19  1123
99  1034  66  0  0  16  1116
100  1078  0  14  21  0  1113
101  1055  57  0  0  0  1112
102  1113  0  0  1  0  1114
103  1046  0  55  6  0  1107
104  962  52  43  0  40  1097
105  1016  84  5  0  0  1105
106  1075  0  26  19  1  1121
107  1119  0  0  1  0  1120
108  1115  0  1  0  1  1117
109  1089  0  4  16  0  1109
110  1056  0  0  1  40  1097
111  1012  0  38  8  0  1058
112  674  14  0  33  323  1044
113  861  182  7  0  0  1050
114  1056  0  10  0  2  1068
115  1018  0  50  0  0  1068
116  972  0  84  0  1  1057
117  996  43  12  0  9  1060
118  1034  17  0  2  3  1056
119  906  70  65  17  0  1058
120  1024  0  0  8  39  1071
121  1070  0  0  0  0  1070
122  1025  0  37  0  0  1062
123  1030  21  0  2  0  1053
124  821  97  99  5  0  1022
125  989  20  9  0  9  1027
126  984  23  21  0  0  1028
127  1021  2  0  0  1  1024
128  932  45  49  2  0  1028
129  1011  0  13  13  4  1041
130  1021  0  0  12  8  1041
131  1035  0  0  0  0  1035
132  939  16  43  0  24  1022
133  645  321  1  0  0  967
134  711  156  93  0  0  960
135  966  0  2  0  0  968
136  906  25  0  25  15  971
137  946  23  0  2  3  974
138  908  25  50  0  0  983
139  829  55  84  0  0  968
140  708  246  2  0  0  956
141  950  1  0  3  0  954
142  760  0  24  166  0  950
143  955  3  0  0  0  958
144  927  0  4  21  3  955
145  853  20  71  0  0  944
146  883  12  44  5  0  944
147  775  100  50  0  11  936
148  850  22  60  1  0  933
149  482  366  60  0  12  920
150  922  5  0  1  0  928
151  897  0  5  7  18  927
152  446  46  0  404  16  912
153  911  0  1  19  21  952
154  951  1  0  1  2  955
155  833  96  13  7  0  949
156  932  0  0  18  0  950
157  836  40  56  0  0  932
158  656  0  8  212  54  930
159  908  0  27  10  12  957
160  919  0  8  50  0  977
161  985  0  6  0  0  991
162  963  0  0  25  14  1002
163  980  0  11  1  7  999
164  960  0  8  23  0  991
165  887  4  0  2  85  978
166  969  0  1  1  0  971
167  965  0  0  0  2  967
168  817  72  67  0  1  957
169  735  132  90  2  0  959
170  954  0  1  2  12  969
171  863  0  103  0  0  966
172  811  65  45  0  48  969
173  962  11  0  1  1  975
174  886  80  0  1  1  968
175  929  39  0  0  1  969
176  873  0  53  36  5  967
177  926  0  13  2  26  967
178  917  0  11  39  1  968
179  842  0  69  57  0  968
180  863  0  89  2  1  955
181  825  0  58  50  19  952
182  783  0  39  119  0  941
183  720  21  191  0  0  932
184  937  0  21  1  0  959
185  958  0  0  3  0  961
186  941  1  0  10  2  954
187  853  1  89  1  0  944
188  828  72  33  0  6  939
189  864  13  12  52  0  941
190  704  94  146  0  0  944
191  858  64  50  0  0  972
192  852  12  99  1  0  964
193  732  203  22  2  0  959
194  992  0  2  0  8  1002
195  990  0  0  12  12  1014
196  1016  0  0  1  0  1017
197  996  0  16  1  0  1013
198  987  2  26  0  0  1015
199  1020  0  3  0  0  1023
200  1022  0  0  1  1  1024
201  996  26  3  0  1  1026
202  906  65  49  1  0  1021
203  975  4  0  1  35  1015
204  943  51  29  2  0  1025
205  966  64  0  0  0  1030
206  1004  0  20  0  0  1024
207  959  49  1  0  14  1023
208  882  125  0  0  22  1029
209  1046  0  0  0  0  1046
210  1055  0  0  0  0  1055
211  1026  0  30  0  1  1057
212  1013  0  39  0  0  1052
213  1046  0  2  0  1  1049
214  1019  0  0  23  0  1042
215  957  36  23  8  0  1024
216  979  0  0  0  38  1017
217  999  0  13  0  0  1012
218  834  29  145  0  0  1008
219  866  86  5  0  44  1001
220  935  31  31  0  0  997
221  726  1  265  1  0  993
222  740  161  106  0  0  1007
223  969  0  54  0  7  1030
224  1014  14  0  1  5  1034
225  1019  12  0  1  0  1032
226  997  34  0  0  4  1035
227  881  110  21  0  8  1020
228  1019  0  0  0  0  1019
229  964  0  35  15  1  1015
230  965  26  21  0  1  1013
231  1010  1  0  0  0  1011
232  1006  2  0  2  0  1010
233  915  65  0  0  19  999
234  918  32  48  0  0  998
235  961  0  16  17  0  994
236  666  144  147  18  0  975
237  880  49  53  0  0  982
238  984  0  0  0  0  984
239  960  0  15  0  5  980
240  939  0  12  25  1  977
241  753  179  0  9  26  967
242  865  34  28  0  48  975
243  944  2  0  2  23  971
244  935  17  21  0  1  974
245  916  0  31  27  1  975
246  890  23  62  0  0  975
247  980  0  0  0  0  980
248  944  13  0  0  22  979
249  946  27  0  0  9  982
250  965  0  10  0  1  976
251  886  0  71  0  12  969
252  924  0  38  1  3  966
253  859  72  21  0  3  955
254  818  88  25  0  21  952
255  854  23  59  0  15  951
256  910  19  34  0  1  964
257  943  4  0  6  1  954
258  887  0  50  16  1  954
259  798  13  129  7  0  947
260  910  24  0  0  6  940
261  878  69  0  0  0  947
262  867  19  26  0  22  934
263  929  0  0  3  1  933
264  842  44  39  0  0  925
265  910  0  16  7  0  933
266  930  0  0  0  0  930
267  927  0  0  1  0  928
268  909  0  12  0  2  923
269  911  7  0  1  0  918
270  896  13  0  1  0  909
271  866  29  0  11  0  906
272  722  137  26  0  3  888
273  876  0  11  0  0  887
274  849  0  22  16  2  889
275  709  88  63  19  0  879
276  872  6  0  0  0  878
277  868  10  0  2  1  881
278  774  21  45  20  0  860
279  861  0  0  0  1  862
280  847  0  8  0  0  855
281  769  0  0  47  24  840
282  682  71  63  2  0  818
283  663  128  10  0  0  801
284  688  98  0  0  7  793
285  749  0  0  29  2  780
286  526  31  195  19  0  771
287  664  0  103  3  0  770
288  765  3  0  0  0  768
289  748  0  21  0  0  769
290  726  0  14  0  22  762
291  728  0  19  0  0  747
292  731  0  0  1  3  735
293  579  1  121  4  0  705
294  635  39  9  0  0  683
295  635  11  24  1  0  671
296  598  55  8  0  0  661
297  600  1  34  20  0  655
298  651  0  0  0  0  651
299  639  7  0  0  1  647
300  593  3  37  1  0  634
301  545  0  80  0  0  625
302  578  30  5  0  0  613
303  603  0  0  0  0  603
304  582  0  0  20  0  602
305  566  8  24  0  0  598
306  582  0  0  0  0  582
307  533  8  32  0  0  573
308  511  21  27  0  0  559
309  537  8  2  0  0  547
310  528  0  4  2  0  534
311  527  0  0  0  2  529
312  425  63  24  0  0  512
313  474  11  10  0  0  495
314  482  0  0  3  0  485
315  456  23  0  0  0  479
316  402  12  22  0  0  436
317  367  29  16  10  0  422
318  214  138  28  0  0  380
319  370  0  6  0  2  378
320  354  8  0  15  0  377
321  365  6  0  0  0  371
322  342  5  0  12  0  359
323  345  7  0  0  0  352
324  344  0  0  0  0  344
325  273  0  0  0  15  288
326  277  0  0  0  0  277
327  203  0  5  0  0  208
328  128  15  22  22  0  187
329  179  0  0  0  0  179
330  175  0  0  0  0  175
331  159  0  0  0  0  159
332  117  0  0  0  0  117
333  0  0  0  0  0  0
334  0  0  0  0  0  0
335  0  0  0  0  0  0
336  0  0  0  0  0  0
