500000
5000000
500000
5000000
500000
5000000
500000
5000000
500000
5000000
500000
5000000
500000
5000000
500000
5000000
500000
5000000
500000
5000000
500000
5000000
500000
5000000
500000
5000000
500000
500000
500000
5000000
500000
5000000




500000
5000000
500000
5000000
0
500000
5000000
500000
5000000
500000
5000000
500000
5000000
500000
5000000
500000
5000000
500000
5000000
500000
5000000
500000
5000000
500000
5000000
500000
5000000
500000
5000000
500000
500000
5000000
5000000
500000
5000000
500000
5000000
500000
5000000
500000
5000000
500000
5000000
500000
5000000
500000
5000000
500000
500000
5000000
500000
5000000
