Position	CountMatch	CountA	CountT	CountG	CountC	Depth
1  4058  0  0  0  0  4026
2  4217  0  0  0  0  4215
3  6241  7  12  7  0  6234
4  7360  0  249  87  6  7690
5  7354  568  75  0  19  8011
6  8092  56  119  24  0  8287
7  8249  0  157  20  22  8447
8  8216  265  107  24  0  8610
9  8376  0  21  418  27  8842
10  8437  402  176  62  0  9077
11  9078  0  90  44  5  9217
12  8603  127  510  66  0  9306
13  8421  865  93  0  67  9446
14  8566  961  12  0  70  9609
15  9650  25  0  14  34  9723
16  8657  511  527  64  0  9759
17  8573  1074  70  0  79  9796
18  3010  6793  30  0  14  9847
19  10058  0  45  91  36  10230
20  9497  119  596  90  0  10302
21  9253  933  237  0  9  10431
22  10115  0  30  371  41  10557
23  9779  101  678  48  0  10605
24  9917  628  55  0  45  10645
25  10614  31  0  4  14  10663
26  10188  89  394  37  0  10707
27  9686  938  57  0  28  10709
28  10140  488  68  0  13  10709
29  10523  107  27  0  43  10700
30  10110  114  385  81  0  10690
31  10163  407  107  0  10  10687
32  10596  33  0  31  17  10677
33  10378  62  166  0  63  10669
34  9986  618  34  0  14  10652
35  10339  87  181  24  0  10631
36  10511  0  48  19  17  10595
37  10479  36  0  57  9  10581
38  10220  71  208  0  27  10526
39  8109  2113  148  14  0  10384
40  9968  144  204  19  0  10335
41  10133  0  41  59  12  10245
42  10101  24  0  11  75  10211
43  9845  93  116  15  0  10069
44  9745  0  28  14  82  9869
45  6944  60  0  22  2390  9416
46  7177  1632  291  38  0  9138
47  7987  620  202  0  17  8826
48  8539  53  79  8  0  8679
49  8127  43  184  6  0  8360
50  4168  174  3322  94  0  7758
51  7621  16  0  0  2  7639
52  7443  5  0  3  0  7451
53  6946  0  0  0  0  6946
