Position	CountMatch	CountA	CountT	CountG	CountC	Depth
1  336  0  0  0  0  333
2  347  0  0  0  0  347
3  389  0  0  0  1  390
4  469  0  0  0  0  467
5  478  0  0  0  0  478
6  477  0  11  0  1  489
7  473  0  22  0  0  495
8  501  0  0  0  1  502
9  492  0  0  13  0  505
10  468  23  17  3  0  511
11  491  0  0  0  24  515
12  518  0  5  0  0  523
13  446  9  74  0  0  529
14  473  41  2  0  25  541
15  509  19  18  0  0  546
16  439  1  108  1  0  549
17  410  97  60  0  0  567
18  565  0  27  0  2  594
19  588  8  0  1  3  600
20  599  6  0  1  0  606
21  594  20  0  0  4  618
22  551  60  12  0  5  628
23  641  0  0  0  0  641
24  610  0  25  11  1  647
25  625  18  11  0  1  655
26  665  1  0  0  0  666
27  668  2  0  2  0  672
28  622  41  0  0  14  677
29  632  21  34  0  0  687
30  664  0  16  14  0  694
31  511  75  98  13  0  697
32  648  30  37  0  0  715
33  729  0  0  0  0  729
34  718  0  7  0  5  730
35  715  0  5  15  0  735
36  599  115  0  2  18  734
37  662  21  20  0  42  745
38  723  3  0  1  22  749
39  718  17  21  0  1  757
40  721  0  19  23  1  764
41  715  18  35  0  0  768
42  780  0  0  0  0  780
43  752  16  0  0  17  785
44  775  15  0  0  5  795
45  789  0  5  0  1  795
46  713  0  69  0  12  794
47  761  0  34  1  3  799
48  726  60  18  0  0  804
49  700  72  11  0  23  806
50  723  21  51  0  13  808
51  792  14  28  0  1  835
52  821  3  0  5  1  830
53  778  0  40  17  1  836
54  694  13  122  9  0  838
55  827  16  0  0  6  849
56  793  67  0  0  0  860
57  791  21  23  0  24  859
58  866  0  0  3  1  870
59  804  38  28  0  0  870
60  862  0  16  8  0  886
61  884  0  0  0  0  884
62  886  0  0  1  0  887
63  872  0  11  0  2  885
64  883  6  0  1  0  890
65  875  14  0  1  0  890
66  848  32  0  11  0  891
67  722  125  31  0  3  881
68  882  0  7  0  0  889
69  855  0  24  15  2  896
70  728  95  57  13  0  893
71  889  7  0  0  0  896
72  888  10  0  2  1  901
73  795  21  50  28  0  894
74  906  0  0  0  0  906
75  904  0  3  0  0  907
76  826  0  0  55  19  900
77  731  82  62  5  0  880
78  752  113  16  0  0  881
79  763  110  0  0  9  882
80  841  0  0  29  2  872
81  615  36  197  22  0  870
82  759  0  127  4  0  890
83  886  3  0  0  1  890
84  871  0  29  0  0  900
85  847  0  20  0  30  897
86  871  0  27  0  1  899
87  885  0  0  2  5  892
88  728  1  142  4  0  875
89  775  66  20  0  0  861
90  790  29  34  5  0  858
91  782  66  14  0  0  862
92  778  1  59  21  0  859
93  864  0  4  0  0  868
94  866  3  0  0  0  869
95  817  3  52  0  0  872
96  761  1  112  0  0  874
97  822  44  13  0  0  879
98  878  0  0  0  0  878
99  854  0  0  23  1  878
100  821  27  42  0  0  890
101  879  0  0  0  0  879
102  759  25  97  0  0  881
103  799  38  45  0  0  882
104  844  31  10  0  0  885
105  848  0  17  9  0  874
106  872  0  0  0  2  874
107  713  111  42  0  0  866
108  812  37  13  0  0  862
109  844  0  0  18  0  862
110  814  47  1  0  0  862
111  769  21  63  0  0  853
112  671  78  59  26  0  834
113  472  0  36  310  13  831
114  793  0  33  10  3  839
115  763  67  0  2  3  835
116  761  78  0  0  0  839
117  762  73  0  19  0  854
118  801  54  0  5  4  864
119  817  41  0  2  9  869
120  836  9  0  0  20  865
121  860  0  0  0  1  861
122  694  11  127  14  0  846
123  557  37  119  144  0  857
124  865  0  8  10  0  883
125  835  0  2  37  13  887
126  820  20  37  21  0  898
127  716  62  96  22  0  896
128  882  14  0  0  9  905
129  801  54  60  0  1  916
130  888  0  20  27  0  935
131  944  1  0  0  0  945
132  955  0  0  0  1  956
133  949  0  7  0  1  957
134  876  3  0  84  0  963
135  942  15  0  16  0  973
136  967  5  0  1  1  974
137  965  15  0  1  0  981
138  940  34  0  0  0  974
139  901  29  0  13  17  960
140  698  17  0  64  164  943
141  850  42  42  0  22  956
142  923  0  0  7  36  966
143  901  28  0  0  39  968
144  957  0  0  14  0  971
145  938  11  0  19  1  969
146  816  58  38  48  0  960
147  917  48  0  0  0  965
148  948  0  7  9  1  965
149  784  15  149  14  0  962
150  799  145  0  0  0  944
151  809  20  106  0  0  935
152  734  177  7  0  10  928
153  1023  0  0  2  0  1025
154  1018  0  0  0  18  1036
155  1032  0  0  0  1  1033
156  1018  0  13  0  0  1031
157  994  0  32  0  0  1026
158  407  51  484  2  0  944
159  952  0  1  0  4  957
160  714  68  159  42  0  983
161  961  0  42  0  0  1003
162  1012  0  0  0  1  1013
163  774  19  214  6  0  1013
164  920  65  2  0  40  1027
165  951  20  64  0  0  1035
166  1032  0  2  14  1  1049
167  976  42  29  1  0  1048
168  1009  40  0  0  1  1050
169  774  177  87  0  0  1038
170  853  47  134  2  0  1036
171  846  63  117  23  0  1049
172  812  0  19  230  1  1062
173  1083  0  0  1  0  1084
174  1024  0  50  0  19  1093
175  938  69  86  0  7  1100
176  1044  64  2  0  2  1112
177  1067  0  38  3  3  1111
178  1092  8  17  0  0  1117
179  1020  61  0  47  1  1129
180  1095  36  0  0  7  1138
181  1109  0  0  28  0  1137
182  1140  1  0  0  0  1141
183  1131  0  8  1  0  1140
184  904  100  132  0  0  1136
185  1089  20  0  26  19  1154
186  1148  8  0  0  8  1164
187  1126  29  0  15  0  1170
188  1136  3  0  1  32  1172
189  1159  0  1  0  0  1160
190  1040  55  67  0  0  1162
191  1019  130  2  0  12  1163
192  1140  0  0  0  30  1170
193  1177  0  0  0  1  1178
194  1173  8  0  0  0  1181
195  1079  0  73  28  0  1180
196  1139  0  0  1  31  1171
197  989  21  147  0  0  1157
198  980  171  1  0  1  1153
199  627  0  62  439  19  1147
200  1097  0  0  59  20  1176
201  1183  8  0  1  0  1191
202  1160  29  0  0  0  1188
203  1164  7  0  3  13  1187
204  1154  0  0  33  1  1188
205  837  120  181  0  23  1161
206  1167  0  4  0  1  1172
207  902  74  199  0  0  1175
208  1155  2  40  0  0  1197
209  1139  0  15  17  28  1199
210  1185  36  0  0  0  1221
211  1182  0  38  0  0  1220
212  1181  10  0  1  28  1220
213  1219  0  0  1  1  1221
214  1174  31  0  15  1  1221
215  1216  0  0  0  0  1216
216  1114  68  25  0  4  1211
217  1194  8  4  0  0  1206
218  1034  156  2  0  0  1192
219  774  81  301  0  0  1156
220  1166  0  14  1  0  1181
221  1191  0  0  0  0  1191
222  1170  0  0  0  19  1189
223  1129  0  42  16  0  1187
224  1146  19  0  0  20  1185
225  1088  67  0  0  18  1173
226  1137  0  18  13  0  1168
227  1105  61  0  0  0  1166
228  1164  0  0  1  0  1165
229  1088  0  54  10  0  1152
230  979  67  43  0  50  1139
231  1050  89  6  0  0  1145
232  1093  0  47  20  1  1161
233  1158  0  0  0  0  1158
234  1143  0  9  0  1  1153
235  1118  0  5  23  0  1146
236  1088  0  0  1  45  1134
237  1029  0  36  12  0  1077
238  722  7  0  41  288  1058
239  865  184  7  0  0  1056
240  1054  0  14  0  2  1070
241  1012  0  58  0  0  1070
242  970  0  87  0  1  1058
243  951  65  21  0  17  1054
244  1025  19  0  1  3  1048
245  905  62  64  21  0  1052
246  1004  0  0  9  45  1058
247  1053  0  0  0  0  1053
248  1001  0  36  1  0  1038
249  999  27  0  2  0  1028
250  759  118  103  5  0  985
251  940  14  12  0  15  981
252  927  33  17  0  0  977
253  968  2  0  1  1  972
254  864  50  52  2  0  968
255  955  0  14  9  0  978
256  955  0  0  13  7  975
257  967  0  0  0  0  967
258  856  16  37  0  30  939
259  656  241  0  0  0  897
260  628  155  101  0  1  885
261  877  0  2  0  0  879
262  826  29  0  13  11  879
263  847  31  0  1  0  879
264  803  18  60  0  0  881
265  744  55  66  0  0  865
266  677  172  2  0  0  851
267  836  2  0  1  0  839
268  715  0  24  94  0  833
269  832  2  0  0  0  834
270  801  0  4  22  3  830
271  743  13  59  0  0  815
272  745  12  51  3  0  810
273  662  98  36  0  0  796
274  725  13  54  0  0  792
275  452  266  48  0  13  779
276  776  5  0  1  0  782
277  754  0  3  4  12  772
278  387  35  0  313  18  753
279  732  0  0  23  14  769
280  768  0  0  1  0  769
281  659  86  12  7  0  764
282  743  0  0  16  0  759
283  680  19  41  1  0  741
284  550  0  0  127  55  732
285  674  0  26  12  14  726
286  673  0  3  47  0  723
287  715  0  6  0  0  721
288  687  0  0  17  14  718
289  686  0  10  0  7  703
290  659  0  8  21  0  688
291  620  1  0  1  50  672
292  663  0  0  0  0  663
293  654  0  0  0  1  655
294  545  52  44  0  0  641
295  498  64  68  1  0  631
296  621  0  1  4  2  628
297  544  0  75  0  0  619
298  553  26  17  0  13  609
299  592  10  0  0  1  603
300  533  60  0  0  1  594
301  577  12  0  0  0  589
302  511  0  41  14  5  571
303  543  0  8  0  13  564
304  526  0  7  18  1  552
305  451  0  40  45  0  536
306  462  0  53  1  0  516
307  424  0  48  26  8  506
308  384  0  24  83  0  491
309  392  8  74  0  0  474
310  467  0  4  1  0  472
311  464  0  0  3  0  467
312  456  0  0  1  2  459
313  411  0  27  2  0  440
314  407  13  2  0  4  426
315  400  15  5  0  0  420
316  396  1  15  0  0  412
317  395  6  7  0  0  408
318  338  55  5  0  0  398
319  368  0  1  0  15  384
320  368  0  0  2  13  383
321  376  0  0  0  0  376
322  362  0  0  0  0  362
323  343  0  0  0  0  343
324  340  0  2  0  0  342
325  340  0  0  0  0  340
326  324  13  1  0  0  338
327  303  7  17  0  0  327
328  309  0  0  0  0  309
329  276  0  0  0  0  276
330  261  0  0  0  0  261
331  0  0  0  0  0  0
332  0  0  0  0  0  0
333  0  0  0  0  0  0
334  0  0  0  0  0  0
