Position	CountMatch	CountA	CountT	CountG	CountC	Depth
1  3111  0  0  0  0  3089
2  3170  0  0  0  0  3170
3  5107  8  7  6  0  5064
4  5437  0  189  117  8  5746
5  5494  428  44  0  20  5986
6  6128  41  81  7  0  6252
7  6292  0  65  12  24  6392
8  6120  204  143  21  0  6488
9  6253  0  15  361  24  6653
10  6180  315  152  164  0  6811
11  6795  0  93  37  18  6941
12  6434  85  463  32  0  7014
13  6280  648  87  0  88  7103
14  6583  575  33  0  67  7258
15  7290  9  0  10  35  7344
16  6853  142  318  52  0  7365
17  6584  630  85  0  80  7379
18  2306  5059  35  0  24  7424
19  7431  0  64  153  104  7752
20  7210  145  435  22  0  7812
21  6897  786  171  0  27  7881
22  7540  0  153  254  12  7959
23  7291  94  561  46  0  7992
24  7402  528  65  0  13  8008
25  7960  31  0  10  11  8012
26  7510  82  397  33  0  8022
27  7244  693  66  0  20  8023
28  7659  237  77  0  51  8024
29  7918  50  37  0  16  8021
30  7645  121  205  47  0  8018
31  7622  350  42  0  2  8016
32  7957  23  0  21  7  8008
33  7745  61  150  0  42  7998
34  7651  299  18  0  14  7982
35  7692  86  165  24  0  7967
36  7847  0  47  40  10  7944
37  7887  25  0  11  10  7933
38  7692  59  143  0  15  7909
39  6140  1601  50  30  0  7821
40  7614  75  70  29  0  7788
41  7668  0  44  21  7  7740
42  7635  28  0  16  35  7714
43  7491  39  89  14  0  7633
44  7314  0  101  38  9  7462
45  5547  41  0  29  1622  7239
46  5636  1239  188  22  0  7085
47  6133  475  154  0  10  6772
48  6521  50  57  10  0  6638
49  6368  39  34  1  0  6442
50  3073  102  2715  37  0  5927
51  5768  20  0  0  7  5795
52  5666  9  0  1  2  5678
53  5252  0  0  0  0  5252
