Position	CountMatch	CountA	CountT	CountG	CountC	Depth
1  186  0  0  0  0  186
2  195  0  0  0  0  195
3  206  0  0  0  0  206
4  204  1  0  0  4  209
5  214  0  0  0  0  214
6  221  0  0  0  0  221
7  224  0  0  0  0  224
8  227  0  0  0  0  227
9  227  7  0  0  0  234
10  224  14  0  0  0  238
11  242  0  0  0  0  242
12  228  5  0  5  6  244
13  214  0  0  14  18  246
14  209  18  12  0  11  250
15  251  0  0  9  0  260
16  265  0  0  0  0  265
17  269  0  0  0  0  269
18  264  5  0  0  0  269
19  245  16  2  7  0  270
20  238  35  0  0  0  273
21  274  0  7  1  0  282
22  227  15  34  8  0  284
23  253  36  0  0  0  289
24  291  1  1  4  0  297
25  255  36  12  0  0  303
26  295  0  19  1  0  315
27  309  0  17  0  0  326
28  318  0  0  0  17  335
29  346  0  0  0  1  347
30  330  0  2  16  0  348
31  309  0  25  15  0  349
32  301  0  0  0  51  352
33  364  0  1  0  1  366
34  367  1  20  2  0  390
35  346  2  45  1  0  394
36  397  0  0  0  0  397
37  311  27  55  7  0  400
38  373  7  0  0  23  403
39  390  15  0  1  0  406
40  408  0  0  0  3  411
41  411  0  3  0  0  414
42  390  26  0  0  1  417
43  362  31  22  0  1  416
44  407  0  7  0  0  414
45  359  51  4  1  0  415
46  161  0  17  234  1  413
47  433  0  0  1  0  434
48  403  0  31  0  0  434
49  389  9  37  0  2  437
50  436  10  0  0  0  446
51  413  0  32  0  0  445
52  425  2  18  0  0  445
53  451  0  0  0  1  452
54  433  25  0  0  1  459
55  464  0  0  0  0  464
56  463  1  0  0  0  464
57  455  0  4  1  3  463
58  434  33  0  0  0  467
59  434  0  0  15  20  469
60  467  10  0  0  0  477
61  442  33  0  4  0  479
62  462  0  0  0  20  482
63  476  0  0  1  1  478
64  449  0  30  1  0  480
65  475  5  0  0  1  481
66  470  0  0  8  3  481
67  479  0  0  1  0  480
68  478  1  0  0  1  480
69  385  0  63  29  0  477
70  472  0  0  0  2  474
71  393  2  71  0  0  466
72  415  40  4  0  4  463
73  157  0  23  251  22  453
74  410  1  0  41  16  468
75  479  0  0  0  6  485
76  487  0  0  0  1  488
77  457  0  0  0  26  483
78  473  5  0  0  1  479
79  214  214  39  0  1  468
80  482  0  1  6  2  491
81  446  14  36  0  0  496
82  485  19  5  0  0  509
83  477  0  24  0  15  516
84  521  3  0  0  0  524
85  526  0  1  0  0  527
86  497  3  0  0  26  526
87  521  0  2  1  0  524
88  497  24  0  0  0  521
89  512  0  7  0  0  519
90  485  25  10  0  1  521
91  491  25  1  0  4  521
92  455  56  6  0  0  517
93  301  45  0  3  163  512
94  523  0  0  0  1  524
95  529  0  0  0  0  529
96  528  0  1  0  2  531
97  529  0  2  1  0  532
98  533  0  0  0  0  533
99  493  17  0  0  20  530
100  518  0  3  11  0  532
101  509  19  0  2  3  533
102  532  0  1  0  1  534
103  503  0  22  2  4  531
104  440  63  14  0  15  532
105  508  22  2  0  0  532
106  527  0  0  5  0  532
107  533  0  0  0  0  533
108  527  0  0  0  1  528
109  519  0  3  0  0  522
110  485  0  6  0  25  516
111  476  0  16  2  2  496
112  284  13  0  4  186  487
113  352  116  16  0  5  489
114  497  0  0  5  0  502
115  485  0  5  0  10  500
116  468  0  29  1  1  499
117  463  27  0  0  9  499
118  463  13  0  0  23  499
119  447  37  12  4  0  500
120  478  0  0  5  16  499
121  494  0  0  1  0  495
122  472  0  23  0  1  496
123  493  1  0  1  2  497
124  444  34  8  1  0  487
125  441  21  8  0  10  480
126  435  39  2  0  1  477
127  458  8  0  1  5  472
128  423  16  27  0  0  466
129  423  0  2  41  0  466
130  456  0  0  5  0  461
131  457  0  0  0  0  457
132  371  5  60  0  18  454
133  181  229  5  0  3  418
134  369  15  41  0  0  425
135  422  0  1  1  2  426
136  358  6  0  19  43  426
137  409  15  0  1  0  425
138  408  8  15  0  1  432
139  397  23  4  0  2  426
140  143  257  4  0  1  405
141  402  2  0  1  2  407
142  204  0  1  203  0  408
143  425  7  0  0  0  432
144  422  0  1  7  2  432
145  411  11  12  1  0  435
146  414  19  0  0  0  433
147  384  26  14  0  2  426
148  385  12  24  1  0  422
149  183  227  0  0  2  412
150  406  5  0  0  1  412
151  399  0  4  11  0  414
152  55  11  0  343  0  409
153  411  0  5  0  9  425
154  426  1  0  0  0  427
155  358  68  0  2  0  428
156  421  2  0  0  4  427
157  395  7  21  0  0  423
158  298  0  2  109  16  425
159  362  0  8  26  39  435
160  447  0  0  0  0  447
161  432  0  13  0  0  445
162  434  0  1  0  10  445
163  431  0  0  2  11  444
164  433  0  1  9  1  444
165  441  1  0  0  1  443
166  445  0  0  0  1  446
167  440  0  0  1  0  441
168  393  18  20  0  5  436
169  349  80  5  0  0  434
170  435  0  4  0  0  439
171  402  0  29  2  0  433
172  363  21  1  0  51  436
173  429  15  0  0  1  445
174  444  1  0  0  2  447
175  435  5  0  3  1  444
176  404  0  25  0  8  437
177  406  0  8  18  1  433
178  428  0  0  1  4  433
179  409  0  20  0  3  432
180  399  0  20  0  4  423
181  389  0  22  6  0  417
182  407  0  0  1  2  410
183  288  22  94  0  0  404
184  370  0  34  1  2  407
185  386  0  0  18  0  404
186  396  1  0  1  4  402
187  378  2  19  1  0  400
188  363  8  20  0  4  395
189  355  30  7  0  0  392
190  145  29  211  0  0  385
191  368  2  23  0  0  393
192  311  7  75  0  0  393
193  343  58  2  0  0  403
194  402  0  0  1  0  403
195  397  0  1  13  0  411
196  412  0  0  0  0  412
197  381  0  17  1  1  400
198  395  3  2  0  0  400
199  400  0  2  0  0  402
200  398  1  0  0  0  399
201  393  1  0  0  5  399
202  362  1  25  12  0  400
203  389  3  0  3  4  399
204  377  7  11  1  0  396
205  356  34  2  0  1  393
206  383  0  5  2  0  390
207  353  29  1  0  11  394
208  366  33  0  0  0  399
209  396  0  2  4  0  402
210  406  0  0  0  0  406
211  405  0  4  0  0  409
212  405  0  0  2  0  407
213  403  0  0  0  0  403
214  399  1  0  1  3  404
215  328  48  4  16  0  396
216  394  3  0  0  3  400
217  395  0  7  0  3  405
218  397  6  2  0  0  405
219  354  22  5  0  17  398
220  362  24  3  0  0  389
221  148  1  234  3  0  386
222  323  56  19  0  0  398
223  397  0  0  3  3  403
224  404  2  0  0  1  407
225  401  7  0  2  0  410
226  406  1  0  2  2  411
227  381  7  1  0  15  404
228  395  0  0  0  1  396
229  393  0  0  0  0  393
230  387  2  3  0  0  392
231  390  2  0  1  4  397
232  395  0  0  0  1  396
233  394  0  0  0  0  394
234  374  1  9  11  0  395
235  387  0  1  1  5  394
236  305  22  62  2  0  391
237  367  9  22  0  0  398
238  397  0  0  0  2  399
239  396  0  3  0  1  400
240  375  0  0  19  0  394
241  175  214  0  0  0  389
242  375  16  11  0  0  402
243  398  1  0  3  1  403
244  343  18  43  0  0  404
245  368  0  19  15  2  404
246  305  31  64  0  0  400
247  409  0  0  2  0  411
248  401  0  0  2  11  414
249  386  18  0  1  7  412
250  403  0  6  7  0  416
251  411  0  1  3  0  415
252  407  0  2  3  0  412
253  394  1  1  0  18  414
254  382  20  11  0  0  413
255  331  22  16  0  29  398
256  340  21  42  0  0  403
257  396  2  0  3  0  401
258  376  0  24  8  0  408
259  394  0  10  6  0  410
260  401  7  0  0  0  408
261  413  0  0  1  0  414
262  387  4  16  0  9  416
263  419  0  0  1  0  420
264  361  24  26  0  2  413
265  406  0  9  0  0  415
266  414  0  0  0  1  415
267  406  0  5  1  0  412
268  404  0  5  0  0  410
269  407  1  0  0  1  409
270  398  9  0  1  0  408
271  406  0  0  0  0  406
272  303  42  58  0  0  403
273  403  0  1  0  0  404
274  396  0  3  0  5  404
275  358  5  32  7  0  402
276  403  0  0  2  0  406
277  371  28  0  0  0  399
278  354  10  31  2  0  398
279  394  0  2  3  0  400
280  387  0  7  0  0  394
281  364  0  9  1  16  390
282  323  22  45  0  0  390
283  304  84  1  0  1  390
284  335  52  2  0  0  389
285  387  0  1  1  1  390
286  133  14  238  1  0  386
287  390  0  2  0  5  397
288  371  11  0  1  17  400
289  401  0  0  1  0  402
290  393  0  0  1  0  394
291  390  0  3  0  0  393
292  382  0  0  2  7  391
293  355  0  33  0  0  388
294  353  14  12  0  2  381
295  355  0  24  0  0  379
296  347  30  0  0  0  377
297  361  0  11  0  0  372
298  365  0  2  0  0  367
299  352  9  0  0  5  366
300  330  1  31  0  0  362
301  334  0  25  0  0  359
302  320  22  13  0  0  355
303  349  0  3  0  0  352
304  348  3  0  1  0  352
305  317  10  21  0  0  348
306  341  0  0  1  1  343
307  315  5  19  0  0  339
308  287  0  47  0  0  334
309  313  11  2  0  0  326
310  320  0  1  0  1  322
311  320  0  0  0  1  321
312  288  11  19  0  0  318
313  298  16  0  0  0  314
314  305  0  0  0  1  306
315  302  2  0  0  1  305
316  263  1  32  1  0  297
317  270  0  11  6  0  287
318  222  41  3  0  0  266
319  255  0  3  0  4  262
320  258  3  0  0  1  262
321  249  9  0  0  0  258
322  252  0  0  0  0  252
323  246  0  0  0  2  248
324  239  0  0  0  1  240
325  149  0  0  0  15  164
326  162  1  0  0  0  163
327  137  1  0  0  0  138
328  95  16  1  23  0  135
329  128  0  0  0  0  128
330  126  0  0  0  0  126
331  115  0  0  0  0  115
332  78  0  0  0  0  78
333  0  0  0  0  0  0
334  0  0  0  0  0  0
335  0  0  0  0  0  0
336  0  0  0  0  0  0
