Position	CountMatch	CountA	CountT	CountG	CountC	Depth
1  4554  0  0  0  0  4544
2  4692  0  0  0  0  4692
3  6084  10  14  2  0  6099
4  6097  0  520  78  14  6701
5  6429  520  82  0  114  7145
6  7344  27  142  32  0  7545
7  7557  0  73  26  25  7681
8  7539  142  79  16  0  7775
9  6929  0  38  888  32  7888
10  7667  294  182  54  0  8198
11  8085  0  162  36  10  8293
12  7702  83  590  23  0  8398
13  7456  802  231  0  55  8544
14  8102  487  29  0  38  8656
15  8635  46  0  9  22  8712
16  8147  77  464  69  0  8757
17  8049  630  63  0  42  8784
18  4015  4725  49  0  16  8805
19  8831  0  76  75  51  9033
20  8238  77  709  76  0  9100
21  7995  831  334  0  23  9183
22  9122  0  39  93  8  9262
23  8523  61  670  41  0  9295
24  8630  587  61  0  38  9316
25  9273  28  0  8  10  9319
26  8510  96  695  25  0  9326
27  8369  812  90  0  55  9326
28  8946  281  44  0  53  9324
29  8971  259  37  0  34  9301
30  8796  156  287  54  0  9293
31  8611  588  67  0  13  9279
32  9154  46  0  40  27  9267
33  9073  47  113  0  25  9259
34  8676  519  37  0  12  9244
35  8554  396  208  52  0  9210
36  9047  0  61  39  12  9159
37  9011  67  0  11  33  9122
38  8357  212  412  0  28  9009
39  5102  3414  178  79  0  8773
40  8337  129  274  11  0  8751
41  8597  0  31  48  15  8691
42  8602  8  0  19  31  8660
43  8367  45  135  6  0  8553
44  8190  0  41  15  103  8349
45  4273  143  0  25  3409  7850
46  6767  587  391  20  0  7765
47  6707  479  322  0  61  7569
48  7289  26  111  9  0  7435
49  7106  16  65  9  0  7196
50  3706  69  2593  69  0  6438
51  6297  17  0  1  1  6316
52  6061  4  0  1  3  6069
53  5572  0  0  0  0  5572
