Position	CountMatch	CountA	CountT	CountG	CountC	Depth
1  2744  0  0  0  0  2732
2  2847  0  0  0  0  2846
3  4533  8  14  5  0  4503
4  4870  0  163  91  2  5121
5  4832  430  50  0  13  5324
6  5473  41  63  2  0  5576
7  5590  0  60  14  13  5677
8  5460  162  104  25  0  5751
9  5512  0  15  332  26  5886
10  5585  227  114  130  0  6056
11  6035  0  65  29  23  6152
12  5754  83  373  18  0  6228
13  5595  553  93  0  77  6318
14  5845  507  22  0  58  6432
15  6443  7  0  7  26  6483
16  6048  110  295  49  0  6502
17  5800  567  80  0  72  6519
18  2082  4414  29  0  15  6540
19  6527  0  50  160  89  6826
20  6342  151  363  22  0  6877
21  6067  700  153  0  16  6936
22  6680  0  133  177  4  6994
23  6447  63  465  33  0  7008
24  6516  451  38  0  17  7022
25  6971  24  0  18  15  7028
26  6552  69  387  29  0  7037
27  6351  602  66  0  19  7038
28  6791  174  44  0  29  7038
29  6934  50  38  0  15  7037
30  6722  78  191  43  0  7034
31  6700  295  33  0  3  7031
32  6971  16  0  27  11  7025
33  6822  43  127  0  27  7019
34  6724  242  30  0  14  7010
35  6711  103  161  20  0  6995
36  6910  0  39  17  11  6977
37  6907  32  0  14  12  6965
38  6703  82  135  0  8  6928
39  5156  1586  57  25  0  6824
40  6613  90  73  19  0  6795
41  6695  0  38  16  8  6758
42  6673  16  0  11  28  6728
43  6522  50  88  7  0  6667
44  6318  0  165  24  19  6526
45  4651  45  0  24  1579  6299
46  4963  1003  170  21  0  6157
47  5343  468  116  0  13  5940
48  5713  57  66  8  0  5844
49  5575  36  35  5  0  5651
50  2671  88  2407  33  0  5199
51  5081  9  0  7  0  5097
52  4961  7  0  2  0  4970
53  4596  0  0  0  0  4596
