Position	CountMatch	CountA	CountT	CountG	CountC	Depth
1  2439  0  0  0  0  2431
2  2526  0  0  0  0  2525
3  4542  6  12  2  0  4489
4  4720  0  208  73  17  5011
5  4870  319  41  0  31  5261
6  5341  42  57  1  0  5439
7  5448  0  54  14  26  5541
8  5434  119  49  15  0  5617
9  5410  0  34  291  13  5747
10  5458  227  104  92  0  5881
11  5865  0  48  43  5  5961
12  5515  73  395  26  0  6009
13  5558  431  71  0  53  6113
14  5581  478  29  0  75  6163
15  6147  43  0  9  23  6222
16  5813  91  274  57  0  6235
17  5697  464  62  0  21  6244
18  1799  4411  24  0  31  6265
19  6089  0  23  350  51  6512
20  6129  77  358  15  0  6577
21  5812  682  135  0  29  6657
22  6512  0  62  127  5  6706
23  6278  45  377  31  0  6731
24  6334  341  53  0  17  6745
25  6705  14  0  5  22  6746
26  6185  51  487  29  0  6752
27  6125  558  51  0  18  6752
28  6490  195  43  0  23  6751
29  6625  67  23  0  30  6745
30  6406  89  197  34  0  6726
31  6417  254  36  0  14  6721
32  6678  11  0  17  10  6716
33  6532  42  112  0  25  6711
34  6448  214  15  0  26  6703
35  6470  77  116  26  0  6689
36  6590  0  44  17  15  6666
37  6615  16  0  13  7  6651
38  6410  69  137  0  11  6627
39  5103  1368  45  24  0  6540
40  6360  88  69  1  0  6518
41  6410  0  36  16  19  6481
42  6388  18  0  18  37  6461
43  6277  49  63  9  0  6398
44  6020  0  237  27  4  6288
45  4630  40  0  11  1432  6113
46  4708  1055  223  13  0  5999
47  5399  324  119  0  12  5854
48  5652  39  30  5  0  5726
49  5494  27  34  6  0  5561
50  2516  66  2234  23  0  4839
51  4736  13  0  2  3  4754
52  4660  1  0  1  1  4663
53  4234  0  0  0  0  4234
