Position	CountMatch	CountA	CountT	CountG	CountC	Depth
1  3190  0  0  0  0  3146
2  4413  0  0  0  0  4389
3  4949  1  0  1  45  4988
4  7690  15  21  23  0  7685
5  7700  60  93  24  0  7876
6  8238  0  75  10  31  8340
7  8404  0  30  20  14  8465
8  5635  0  133  2676  59  8503
9  8641  106  81  0  30  8855
10  8785  113  56  0  12  8965
11  7985  288  704  34  0  9009
12  7657  453  945  0  67  9121
13  4747  4316  87  0  34  9184
14  10208  27  0  20  47  10294
15  10283  130  101  0  17  10531
16  10555  0  38  76  27  10694
17  10620  62  0  18  43  10742
18  10379  199  226  0  31  10835
19  7700  101  3049  0  42  10891
20  10401  396  138  71  0  11006
21  11003  0  67  8  14  11091
22  10921  139  0  38  34  11132
23  10784  210  184  0  22  11200
24  9748  65  1362  62  0  11237
25  10876  245  133  23  0  11277
26  11198  0  52  26  27  11303
27  10543  115  628  23  0  11309
28  10476  481  175  0  178  11310
29  11108  49  122  25  0  11304
30  10783  94  364  52  0  11293
31  9649  142  1455  22  0  11268
32  10015  1059  108  0  57  11239
33  11144  0  33  31  11  11219
34  10605  60  488  53  0  11206
35  10504  512  86  0  54  11156
36  10993  29  0  10  62  11094
37  9630  278  940  43  0  10891
38  10168  444  132  0  62  10806
39  10581  52  0  16  76  10725
40  9081  33  0  33  1423  10570
41  9403  117  868  93  0  10481
42  9526  523  189  0  84  10322
43  10132  0  33  46  4  10215
44  9279  29  752  51  0  10111
45  9112  104  693  48  0  9957
46  8989  603  136  0  35  9763
47  9507  79  0  13  50  9649
48  8913  144  359  0  61  9477
49  8907  16  0  33  315  9271
50  8353  86  488  0  32  8959
51  8730  19  0  16  6  8771
52  8332  5  1  0  2  8340
53  7314  0  0  0  0  7314
