Position	CountMatch	CountA	CountT	CountG	CountC	Depth
1  3069  0  0  0  0  2910
2  3293  0  0  0  0  3292
3  4614  6  0  4  14  4569
4  4468  139  130  14  0  4750
5  4815  16  149  7  0  4980
6  5022  74  40  0  12  5147
7  3270  1841  86  0  76  5271
8  6232  128  63  13  0  6409
9  6510  33  50  7  0  6600
10  6418  91  247  12  0  6767
11  6856  0  58  24  28  6965
12  6973  26  0  10  13  7022
13  7119  25  0  9  16  7169
14  7155  36  0  45  22  7258
15  6348  438  591  0  20  7397
16  7199  159  66  0  44  7468
17  7401  0  40  56  16  7513
18  4476  3006  81  0  21  7584
19  7882  72  84  0  6  8044
20  8039  35  58  0  28  8160
21  7928  53  0  177  56  8214
22  7968  180  142  43  0  8333
23  8404  0  26  42  20  8492
24  8507  0  35  27  7  8577
25  8480  0  47  40  70  8637
26  8218  88  376  87  0  8770
27  8414  538  53  0  32  9038
28  9080  0  58  26  10  9174
29  8818  132  316  0  38  9305
30  9200  91  146  28  0  9465
31  9208  94  278  32  0  9613
32  9332  52  321  26  0  9734
33  9193  49  552  31  0  9826
34  9135  620  76  0  78  9909
35  9913  0  90  39  12  10055
36  10045  0  57  25  20  10148
37  9882  241  78  0  38  10239
38  9602  152  549  60  0  10364
39  9944  380  129  0  44  10497
40  10334  0  70  47  146  10598
41  10464  103  105  0  42  10717
42  10551  72  159  33  0  10816
43  10733  0  57  56  18  10865
44  10728  96  0  24  52  10900
45  10683  0  56  74  48  10861
46  10393  158  286  34  0  10872
47  7243  383  122  0  3044  10792
48  10745  53  278  38  0  11115
49  10849  58  196  46  0  11150
50  10908  80  0  22  165  11176
51  10522  228  544  22  0  11316
52  11166  0  59  75  78  11382
53  11257  75  0  26  43  11401
54  11377  44  0  13  29  11464
55  11395  37  0  18  30  11481
56  10295  210  830  99  0  11435
57  10307  867  152  0  48  11375
58  11084  0  123  54  33  11296
59  8560  84  2561  93  0  11298
60  10726  556  149  0  30  11461
61  11405  0  73  35  12  11527
62  11446  53  0  22  35  11556
63  11466  127  0  16  18  11628
64  11598  42  0  21  12  11673
65  11547  31  0  32  38  11650
66  10507  78  898  45  0  11528
67  10463  767  151  0  92  11473
68  11283  83  0  55  67  11489
69  11125  217  168  0  48  11559
70  11271  123  0  42  97  11533
71  11192  104  227  0  70  11594
72  11252  94  146  58  0  11550
73  10972  354  0  38  152  11517
74  11364  0  77  84  58  11583
75  11331  86  0  13  144  11574
76  9991  0  1212  163  43  11410
77  10805  480  104  0  79  11468
78  10751  246  402  86  0  11485
79  11231  0  90  81  36  11439
80  8460  2812  128  34  0  11435
81  11272  0  99  57  97  11526
82  11160  147  248  39  0  11595
83  10761  287  434  159  0  11642
84  11316  0  246  49  77  11689
85  11459  154  0  49  51  11714
86  11647  62  0  33  57  11799
87  11788  47  0  21  20  11876
88  11723  96  0  28  37  11884
89  11711  78  0  34  34  11859
90  11381  162  0  71  171  11785
91  11082  275  288  0  59  11705
92  11244  293  98  0  12  11648
93  10998  403  163  0  43  11607
94  11338  87  0  71  49  11545
95  11086  215  255  0  15  11571
96  11407  0  71  59  27  11564
97  11457  35  0  25  34  11550
98  10724  124  604  47  0  11499
99  10079  204  786  366  0  11435
100  9143  2053  169  0  49  11415
101  10551  642  194  0  73  11458
102  11391  0  50  44  22  11508
103  11342  120  0  10  43  11517
104  11426  57  0  22  22  11528
105  10005  203  1163  67  0  11439
106  10205  160  994  47  0  11406
107  10204  996  134  0  48  11384
108  11103  0  116  99  48  11365
109  10161  161  1031  51  0  11404
110  10545  727  143  0  55  11472
111  11271  108  0  34  51  11464
112  10621  527  326  49  0  11523
113  11431  0  73  62  52  11618
114  11560  0  50  54  27  11687
115  11591  0  92  19  22  11722
116  11616  0  50  18  12  11693
117  11455  0  100  23  53  11630
118  11317  194  0  66  38  11614
119  10970  315  292  0  31  11603
120  11062  195  281  47  0  11583
121  10239  887  333  85  0  11542
122  11316  0  149  52  34  11546
123  11327  0  150  15  44  11532
124  10500  0  904  25  52  11478
125  10689  529  0  82  107  11405
126  10201  537  0  592  48  11373
127  11026  283  0  60  38  11396
128  9492  229  0  1537  30  11284
129  11129  137  0  32  44  11335
130  11129  49  0  39  60  11270
131  7075  143  3692  84  0  10990
132  9516  1079  333  0  67  10994
133  10825  90  0  66  58  11033
134  10517  345  125  0  92  11077
135  10645  237  80  0  52  11012
136  10732  0  96  53  31  10910
137  10186  148  491  81  0  10902
138  9620  1091  114  0  21  10845
139  10658  37  0  35  71  10802
140  10271  80  422  64  0  10833
141  9441  131  1153  56  0  10778
142  8990  883  772  0  112  10751
143  10555  51  0  33  113  10754
144  10367  203  187  108  0  10854
145  10655  0  108  50  15  10824
146  10478  0  145  46  21  10689
147  10288  119  182  0  61  10648
148  10361  0  50  86  108  10605
149  10391  119  120  33  0  10655
150  9656  300  124  456  0  10536
151  10279  123  0  14  64  10477
152  10299  54  0  21  61  10425
153  9267  190  770  0  92  10311
154  9997  60  0  79  63  10199
155  9219  510  264  84  0  10077
156  9636  213  0  31  78  9958
157  9582  0  121  94  7  9804
158  9607  31  0  25  87  9750
159  9292  137  143  0  33  9605
160  9111  156  148  45  0  9460
161  9147  0  52  55  31  9285
162  9052  66  0  70  15  9203
163  7367  0  103  39  1336  8846
164  7970  154  576  59  0  8760
165  8102  413  98  0  34  8648
166  7966  401  133  0  46  8547
167  8269  50  0  42  76  8437
168  8179  69  0  44  37  8330
169  7504  125  500  0  41  8170
170  7222  99  631  0  35  7988
171  7462  222  123  31  0  7838
172  7429  130  133  11  0  7703
173  6830  0  34  27  610  7502
174  7403  19  0  6  14  7443
175  7169  69  74  20  0  7332
176  7049  0  14  40  24  7127
177  6581  97  229  45  0  6952
178  6186  308  54  0  46  6595
179  6115  41  39  0  8  6203
180  5545  9  12  3  0  5569
181  4647  0  0  0  0  4647
182  0  0  0  0  0  0
183  0  0  0  0  0  0
