Position	CountMatch	CountA	CountT	CountG	CountC	Depth
1  253  0  0  0  0  253
2  273  0  0  0  0  274
3  310  0  0  0  0  312
4  353  0  0  0  0  352
5  360  0  0  0  0  360
6  357  0  13  0  0  370
7  363  0  17  0  0  380
8  380  0  0  1  0  382
9  375  0  0  14  0  390
10  376  7  8  0  0  391
11  391  0  0  1  9  401
12  414  0  0  0  0  414
13  350  10  58  0  0  418
14  353  42  4  0  26  425
15  412  9  9  0  0  432
16  268  0  166  0  0  434
17  366  50  31  3  0  450
18  456  0  10  0  2  468
19  440  32  0  0  4  476
20  483  1  0  2  0  486
21  467  18  0  0  5  490
22  410  67  14  0  5  498
23  515  0  1  2  0  518
24  496  0  17  7  0  521
25  485  23  13  0  5  527
26  536  1  0  2  0  539
27  550  0  0  0  0  550
28  524  12  0  0  18  555
29  519  13  27  1  0  560
30  535  0  21  12  0  568
31  465  39  69  6  0  580
32  562  39  6  0  0  607
33  621  0  0  1  0  622
34  618  0  8  1  2  629
35  616  0  6  11  0  633
36  393  218  0  6  19  637
37  620  23  7  0  19  669
38  664  1  0  7  4  677
39  660  19  12  0  0  691
40  671  0  12  14  0  697
41  655  19  24  2  0  702
42  709  0  0  6  0  716
43  691  15  0  0  22  728
44  718  15  0  0  0  733
45  737  0  6  0  2  745
46  702  0  33  1  13  749
47  739  0  6  6  0  752
48  699  38  16  0  7  761
49  683  58  10  0  16  767
50  719  10  38  0  3  770
51  764  8  22  0  0  795
52  774  8  0  11  2  796
53  735  0  29  35  1  800
54  717  6  75  2  0  800
55  790  15  0  7  0  812
56  788  31  0  0  1  820
57  781  21  9  0  14  825
58  825  0  0  2  0  827
59  777  29  21  0  2  829
60  821  0  1  6  0  830
61  839  0  0  0  0  839
62  841  0  1  0  0  842
63  812  0  31  3  1  847
64  844  10  0  1  1  856
65  857  1  0  1  0  859
66  820  23  0  15  1  859
67  728  91  35  0  4  859
68  865  0  0  0  0  865
69  828  0  31  1  3  863
70  746  48  48  19  0  863
71  856  7  0  1  1  866
72  866  5  0  0  0  871
73  764  23  47  38  0  873
74  868  0  0  0  0  868
75  863  0  4  0  2  871
76  815  0  0  28  21  866
77  736  64  64  1  0  867
78  742  105  19  0  0  866
79  756  101  0  0  7  865
80  841  0  1  28  1  872
81  478  40  340  7  0  865
82  830  0  54  0  2  887
83  894  2  0  0  0  897
84  880  0  22  0  0  902
85  858  0  17  0  34  909
86  901  0  11  0  0  912
87  899  0  2  1  6  908
88  739  2  154  0  0  895
89  792  65  24  0  3  884
90  800  16  71  2  0  890
91  811  59  15  0  1  886
92  835  0  51  1  0  888
93  877  0  8  1  0  886
94  877  7  0  1  0  885
95  816  32  33  2  0  883
96  764  1  112  0  0  877
97  831  44  4  0  0  879
98  879  0  3  1  0  883
99  865  8  0  12  0  886
100  840  3  42  0  0  885
101  879  2  0  3  0  885
102  762  13  101  1  0  878
103  802  9  61  0  0  872
104  826  27  17  0  2  872
105  842  0  18  0  0  862
106  856  0  0  0  3  859
107  747  58  49  0  0  855
108  791  44  25  0  0  861
109  833  0  0  17  1  853
110  815  30  1  0  4  850
111  792  14  34  1  0  842
112  673  71  61  18  0  823
113  335  0  35  447  2  820
114  793  0  29  14  0  836
115  804  35  0  0  0  840
116  801  42  0  0  0  846
117  813  34  0  20  0  867
118  839  22  0  2  3  866
119  805  17  0  4  39  866
120  847  1  0  3  17  869
121  863  0  0  0  0  863
122  721  1  99  27  0  848
123  507  28  123  192  0  851
124  855  0  1  10  0  866
125  846  0  1  20  0  869
126  809  14  49  5  0  877
127  719  56  63  33  0  872
128  851  12  0  0  13  877
129  802  31  50  0  0  883
130  847  0  0  35  0  882
131  883  0  0  1  0  884
132  873  2  0  0  0  876
133  851  0  10  1  2  867
134  818  2  0  43  0  863
135  836  9  0  17  0  864
136  864  0  0  0  1  865
137  841  15  0  0  4  860
138  814  32  0  0  0  846
139  784  34  0  0  22  841
140  618  8  0  47  157  832
141  755  58  13  0  7  834
142  814  0  2  12  9  837
143  823  0  0  0  16  841
144  818  0  2  12  0  834
145  832  1  0  0  0  834
146  687  49  38  50  0  824
147  774  41  0  0  3  819
148  805  0  10  0  0  816
149  662  16  113  20  0  812
150  717  79  0  0  11  808
151  692  13  88  4  0  799
152  646  132  12  0  4  795
153  854  0  0  5  0  859
154  842  0  0  0  24  866
155  862  0  0  0  0  864
156  855  0  2  0  0  857
157  840  0  9  1  0  851
158  387  46  343  1  0  780
159  786  0  0  1  3  790
160  605  58  113  19  0  795
161  767  1  38  0  0  807
162  812  0  1  2  1  818
163  597  23  183  13  0  817
164  729  73  2  0  26  831
165  768  36  30  0  0  834
166  827  0  6  8  3  844
167  803  16  22  0  0  842
168  847  1  0  0  0  849
169  593  160  72  0  1  828
170  640  54  120  2  0  819
171  638  54  123  0  0  816
172  598  0  1  213  1  816
173  836  0  0  0  0  836
174  745  0  78  0  8  833
175  726  47  55  0  6  836
176  760  74  0  0  12  846
177  799  0  45  1  1  846
178  808  22  12  0  0  842
179  760  79  0  7  1  847
180  798  36  0  1  8  843
181  801  0  0  38  0  841
182  835  0  0  0  1  838
183  815  0  12  0  0  828
184  695  36  94  0  0  825
185  815  14  0  1  1  831
186  797  23  0  0  13  833
187  795  23  0  16  0  835
188  833  5  0  0  0  838
189  840  0  1  2  0  845
190  740  18  73  2  0  836
191  782  51  0  0  8  841
192  793  2  0  1  47  845
193  841  0  0  0  1  842
194  825  11  0  0  0  837
195  752  0  44  39  0  835
196  808  0  0  0  24  832
197  773  11  45  0  0  831
198  667  154  0  0  1  822
199  417  0  38  314  35  804
200  742  1  0  66  17  828
201  834  11  0  1  0  843
202  807  37  0  0  0  844
203  810  11  0  0  16  838
204  824  0  0  11  0  835
205  448  138  210  0  23  822
206  838  0  0  6  1  846
207  649  58  147  0  0  855
208  855  0  26  0  0  881
209  860  0  14  13  0  888
210  897  1  0  0  0  899
211  896  0  12  0  0  909
212  895  12  0  0  0  907
213  907  0  3  1  0  911
214  899  0  0  13  0  912
215  896  0  0  0  0  896
216  847  34  14  0  2  898
217  871  22  3  0  0  896
218  778  111  0  0  0  889
219  552  14  312  4  0  884
220  892  0  12  0  0  905
221  906  0  0  1  0  907
222  896  0  0  0  5  902
223  866  0  19  12  0  897
224  846  13  0  0  37  896
225  862  31  0  0  0  893
226  843  0  17  29  0  889
227  830  62  0  0  0  892
228  884  0  1  0  0  888
229  842  0  28  7  0  878
230  798  20  40  0  20  878
231  821  50  4  0  1  877
232  825  0  33  24  0  883
233  886  0  0  0  0  887
234  878  0  8  0  0  886
235  859  0  5  19  0  883
236  874  0  0  0  4  879
237  779  0  30  20  1  830
238  515  5  0  25  279  825
239  688  140  7  0  0  837
240  837  0  19  0  0  857
241  801  0  53  0  0  854
242  806  0  35  1  0  842
243  748  34  22  0  37  841
244  826  11  0  1  0  839
245  722  67  49  2  0  841
246  834  0  3  7  0  845
247  840  0  0  1  0  843
248  830  0  1  0  0  831
249  822  0  0  1  0  824
250  660  81  75  1  0  818
251  769  15  13  0  17  814
252  749  44  11  0  0  804
253  799  0  0  0  0  800
254  727  27  41  0  0  795
255  743  0  0  48  0  792
256  772  0  1  11  2  786
257  776  0  0  4  1  782
258  584  24  133  0  21  762
259  432  289  0  0  0  721
260  530  126  59  0  0  715
261  721  0  0  1  0  722
262  601  21  0  5  94  721
263  693  27  0  0  0  721
264  628  27  54  0  4  714
265  642  33  37  0  0  712
266  429  263  4  0  0  696
267  690  1  0  0  4  696
268  441  0  24  221  0  687
269  703  2  0  0  3  708
270  651  0  8  43  2  706
271  638  19  44  3  0  705
272  626  28  35  4  0  693
273  560  87  27  0  4  679
274  623  9  42  0  0  675
275  309  313  21  0  16  660
276  649  9  0  0  1  659
277  642  0  2  0  9  656
278  187  46  0  395  17  644
279  648  0  0  2  23  674
280  673  0  0  0  1  674
281  584  65  12  12  0  673
282  645  1  0  27  0  673
283  631  22  19  0  0  673
284  394  0  1  221  54  670
285  668  0  0  17  1  687
286  657  0  10  20  0  687
287  668  0  12  3  0  683
288  674  0  0  4  4  682
289  670  0  1  0  4  675
290  648  0  6  7  0  661
291  615  4  0  1  35  658
292  659  0  0  0  0  659
293  650  0  0  1  0  652
294  589  27  25  0  0  641
295  542  51  33  0  0  626
296  616  0  1  4  2  623
297  576  0  41  0  0  617
298  569  23  12  0  8  612
299  591  16  0  0  0  607
300  580  22  0  1  0  604
301  576  12  0  0  1  589
302  529  0  34  12  3  578
303  556  0  2  1  9  570
304  514  0  25  19  1  559
305  478  0  40  29  1  548
306  507  0  29  0  0  536
307  425  0  36  32  15  510
308  439  0  18  33  0  490
309  430  7  42  0  2  481
310  468  0  4  0  2  474
311  464  0  0  2  0  466
312  448  0  0  6  4  458
313  405  1  29  4  0  440
314  401  11  11  0  6  429
315  404  13  3  0  0  421
316  386  4  15  0  0  407
317  397  0  10  0  0  407
318  349  33  14  0  0  396
319  370  0  0  0  16  386
320  375  0  0  5  5  385
321  377  0  5  0  0  382
322  374  0  0  0  0  374
323  360  0  4  0  0  364
324  357  0  3  1  1  362
325  359  0  0  0  0  361
326  340  14  0  0  0  354
327  331  6  7  0  0  344
328  314  0  0  1  1  316
329  288  0  0  0  0  288
330  272  0  0  0  0  272
331  0  0  0  0  0  0
332  0  0  0  0  0  0
333  0  0  0  0  0  0
334  0  0  0  0  0  0
