Position	CountMatch	CountA	CountT	CountG	CountC	Depth
1  0  0  0  0  0  0
2  0  0  0  0  0  0
3  29  0  0  0  0  29
4  30  0  0  0  0  30
5  30  0  0  0  0  30
6  29  1  0  0  0  30
7  29  0  1  0  0  30
8  30  0  0  0  0  30
9  30  0  0  0  0  30
10  30  0  0  0  0  30
11  30  0  0  0  0  30
12  28  0  2  0  0  30
13  28  2  0  0  0  30
14  30  0  0  0  0  30
15  26  2  0  0  2  30
16  31  0  0  0  0  31
17  31  0  0  0  0  31
18  31  0  0  0  0  31
19  25  0  6  0  0  31
20  30  0  0  1  0  31
21  27  0  6  0  0  33
22  29  0  4  1  0  34
23  34  0  0  0  0  34
24  34  0  0  0  0  34
25  34  0  0  0  0  34
26  34  0  0  0  0  34
27  34  0  0  0  0  34
28  35  0  0  0  0  35
29  30  0  5  0  0  35
30  33  1  0  0  1  35
31  36  0  0  0  0  36
32  40  0  0  0  0  40
33  39  0  0  0  0  39
34  40  0  0  0  0  40
35  38  0  0  0  0  38
36  37  0  0  0  0  37
37  37  0  0  0  0  37
38  30  2  0  0  0  32
39  32  0  0  0  0  32
40  31  1  0  0  0  32
41  20  0  3  9  0  32
42  31  0  1  0  0  32
43  33  0  0  0  0  33
44  32  0  0  0  0  32
45  32  0  0  0  0  32
46  31  0  0  0  0  31
47  0  0  0  0  23  23
48  26  0  1  0  0  27
49  29  0  0  0  0  29
50  27  0  3  0  0  30
51  28  0  0  0  0  28
52  28  0  0  0  0  28
53  1  26  0  0  0  27
54  26  0  0  0  3  29
55  32  0  0  0  0  32
56  31  0  0  0  0  31
57  34  0  0  0  0  34
58  34  0  1  0  0  35
59  36  0  0  0  0  36
60  37  0  0  0  0  37
61  36  1  0  0  0  37
62  37  0  0  0  0  37
63  39  0  0  0  0  39
64  39  0  0  0  0  39
65  25  1  0  0  14  40
66  43  0  0  0  0  43
67  41  0  0  0  2  43
68  45  0  0  0  1  46
69  40  0  0  0  6  46
70  46  0  0  0  0  46
71  47  0  0  0  0  47
72  47  1  0  0  0  48
73  49  0  0  0  0  49
74  48  0  0  0  0  48
75  45  3  0  0  0  48
76  51  0  0  0  0  51
77  23  28  0  0  0  51
78  52  0  0  0  0  52
79  52  0  0  0  0  52
80  32  21  0  0  0  53
81  54  0  0  0  0  54
82  54  0  0  0  0  54
83  45  0  9  0  0  54
84  57  0  0  0  0  57
85  61  0  0  0  0  61
86  36  0  2  0  25  63
87  68  0  1  0  0  69
88  68  1  0  0  0  69
89  70  0  0  0  0  70
90  69  0  0  0  0  69
91  70  0  0  0  0  70
92  71  0  0  0  0  71
93  73  0  0  0  0  73
94  73  0  0  0  0  73
95  74  0  0  0  0  74
96  75  0  0  0  0  75
97  40  0  0  0  33  73
98  76  1  0  0  0  77
99  77  0  0  0  0  77
100  77  0  0  0  0  77
101  83  0  0  0  0  83
102  85  0  0  0  0  85
103  84  1  0  0  0  85
104  83  2  1  0  0  86
105  88  0  0  0  0  88
106  80  0  10  0  0  90
107  90  0  0  0  0  90
108  93  0  0  0  1  94
109  96  0  0  0  0  96
110  96  0  1  0  0  97
111  93  7  0  1  0  101
112  101  0  0  0  0  101
113  103  0  0  0  0  103
114  105  0  0  0  0  105
115  95  11  0  0  0  106
116  106  0  0  0  0  106
117  106  0  0  0  0  106
118  106  0  1  1  0  108
119  115  0  0  0  0  115
120  117  0  0  0  0  117
121  118  1  0  0  0  119
122  113  9  0  0  0  122
123  123  0  0  0  0  123
124  125  0  0  0  0  125
125  105  19  0  0  0  124
126  125  0  0  0  0  125
127  121  0  0  6  0  127
128  117  1  10  0  0  128
129  127  0  2  1  0  130
130  129  0  0  1  0  130
131  84  0  44  0  0  128
132  77  55  0  0  0  132
133  131  1  0  0  0  132
134  125  0  10  0  0  135
135  142  0  0  0  0  142
136  147  0  0  0  0  147
137  151  0  0  0  0  151
138  151  0  0  1  0  152
139  151  0  0  0  0  151
140  136  4  17  0  0  157
141  143  0  0  0  15  158
142  158  0  0  0  0  158
143  160  0  0  1  0  161
144  166  0  0  0  0  166
145  145  0  0  21  0  166
146  164  0  0  0  1  165
147  135  0  5  0  28  168
148  168  0  0  0  0  168
149  172  0  1  0  0  173
150  163  7  0  0  1  171
151  174  0  0  0  0  174
152  178  0  0  0  0  178
153  179  0  0  0  0  179
154  179  0  0  1  0  180
155  179  0  0  0  1  180
156  177  0  3  0  0  180
157  169  8  0  0  0  177
158  178  1  0  0  0  179
159  180  0  0  1  0  181
160  181  0  0  0  0  181
161  179  0  0  0  0  179
162  177  0  0  0  0  177
163  176  0  0  0  0  176
164  178  0  0  0  0  178
165  180  0  0  0  0  180
166  182  0  0  0  0  182
167  180  0  1  0  0  181
168  172  1  3  1  0  177
169  177  0  0  1  0  178
170  174  5  0  0  0  179
171  179  0  0  0  0  179
172  178  0  0  0  0  178
173  125  51  0  0  1  177
174  177  0  0  0  0  177
175  177  0  0  0  1  178
176  175  0  3  0  0  178
177  176  0  0  0  0  176
178  178  0  0  0  0  178
179  178  0  1  0  0  179
180  166  4  0  5  0  175
181  145  0  26  0  0  171
182  102  54  12  0  0  168
183  157  12  1  0  0  170
184  172  0  0  0  0  172
185  160  0  12  0  0  172
186  166  0  0  1  1  168
187  165  0  3  0  0  168
188  162  0  5  0  0  167
189  167  0  0  0  0  167
190  167  0  0  0  0  167
191  166  0  0  1  0  167
192  3  0  0  158  0  161
193  3  0  4  0  154  161
194  173  0  7  1  0  181
195  182  1  0  0  0  183
196  186  0  0  1  0  187
197  189  0  0  0  0  189
198  189  0  0  0  0  189
199  188  1  0  0  0  189
200  173  0  14  0  0  187
201  178  6  0  0  0  184
202  185  0  0  0  0  185
203  182  1  0  0  0  183
204  178  0  5  0  0  183
205  177  0  5  0  0  182
206  181  0  0  0  0  181
207  174  0  5  0  0  179
208  177  0  0  1  0  178
209  178  0  0  0  1  179
210  176  1  0  0  0  177
211  170  4  0  0  0  174
212  177  0  0  0  0  177
213  173  0  2  0  0  175
214  175  0  0  0  0  175
215  173  0  0  0  0  173
216  174  0  0  0  0  174
217  175  0  0  0  0  175
218  161  0  8  3  0  172
219  167  0  0  0  0  167
220  168  0  0  0  0  168
221  167  0  0  0  2  169
222  160  0  0  5  0  165
223  165  0  0  0  0  165
224  165  0  0  0  0  165
225  165  0  0  1  0  166
226  158  4  0  2  0  164
227  160  0  2  0  0  162
228  163  0  0  0  0  163
229  91  64  0  0  0  155
230  151  2  0  0  0  153
231  153  0  0  0  1  154
232  153  0  0  0  0  153
233  149  0  0  0  0  149
234  143  0  1  0  0  144
235  141  0  0  0  0  141
236  81  0  0  53  0  134
237  130  0  0  0  4  134
238  135  0  0  0  0  135
239  131  0  1  0  0  132
240  127  0  0  0  0  127
241  126  0  0  0  0  126
242  112  13  0  0  0  125
243  119  3  0  0  0  122
244  117  0  0  0  0  117
245  116  0  0  0  0  116
246  112  0  0  0  0  112
247  104  0  4  3  1  112
248  102  0  0  0  7  109
249  3  94  0  0  0  97
250  97  0  0  0  0  97
251  97  0  0  0  0  97
252  7  0  0  89  0  96
253  100  0  0  1  0  101
254  101  0  0  0  0  101
255  101  0  0  0  0  101
256  100  0  0  0  0  100
257  98  0  0  0  0  98
258  97  0  0  0  0  97
259  96  0  0  0  0  96
260  95  1  0  0  0  96
261  94  0  0  0  0  94
262  91  0  0  2  1  94
263  92  1  0  0  0  93
264  93  0  0  0  0  93
265  89  0  3  0  0  92
266  91  0  0  0  0  91
267  90  0  0  0  0  90
268  88  0  3  0  0  91
269  75  16  0  0  0  91
270  90  0  2  0  0  92
271  90  0  0  0  0  90
272  11  9  0  68  0  88
273  90  0  0  0  0  90
274  78  0  12  0  0  90
275  69  0  0  22  0  91
276  94  0  0  0  0  94
277  89  0  2  4  0  95
278  87  8  0  0  0  95
279  95  0  0  0  0  95
280  95  0  0  0  0  95
281  95  0  0  0  0  95
282  95  0  0  0  0  95
283  95  0  0  0  0  95
284  95  0  0  0  0  95
285  83  12  0  0  0  95
286  93  0  0  0  0  93
287  79  11  0  0  0  90
288  80  0  9  0  0  89
289  84  3  0  0  0  87
290  85  0  0  0  0  85
291  77  0  0  0  0  77
292  77  0  0  0  0  77
293  76  0  0  0  0  76
294  56  0  17  0  0  73
295  75  0  0  0  0  75
296  73  0  0  0  0  73
297  73  0  0  0  0  73
298  74  0  0  0  0  74
299  73  0  0  0  0  73
300  73  0  0  0  0  73
301  73  0  0  0  0  73
302  69  0  2  0  0  71
303  68  0  0  0  0  68
304  68  0  0  0  0  68
305  68  0  0  0  0  68
306  62  0  0  7  0  69
307  63  0  0  6  0  69
308  67  1  0  0  0  68
309  68  0  0  0  0  68
310  64  0  0  0  0  64
311  61  0  4  0  0  65
312  59  4  0  0  0  63
313  62  0  0  0  1  63
314  56  5  0  0  0  61
315  55  0  4  0  0  59
316  60  0  0  0  0  60
317  61  0  0  0  0  61
318  60  0  1  0  0  61
319  53  1  0  3  0  57
320  58  0  0  0  0  58
321  57  0  0  0  0  57
322  56  0  0  0  1  57
323  57  0  0  0  0  57
324  39  18  0  0  0  57
325  52  0  0  1  3  56
326  56  0  0  0  0  56
327  56  0  0  0  0  56
328  2  0  0  50  3  55
329  62  0  0  0  0  62
330  62  0  0  0  0  62
331  62  1  0  0  0  63
332  63  0  0  0  1  64
333  63  0  0  1  0  64
334  62  3  0  0  0  65
335  66  0  0  0  0  66
336  63  0  0  1  0  64
337  65  0  0  0  0  65
338  67  0  0  0  0  67
339  50  0  16  1  0  67
340  64  0  3  0  0  67
341  66  0  0  0  1  67
342  65  1  0  0  0  66
343  3  0  0  0  59  62
344  27  0  0  37  0  64
345  72  0  0  0  0  72
346  73  0  0  0  0  73
347  74  0  0  0  0  74
348  65  9  0  0  0  74
349  69  3  2  0  0  74
350  23  41  8  0  0  72
351  77  0  0  0  0  77
352  75  0  2  0  0  77
353  77  0  0  0  0  77
354  78  0  0  0  0  78
355  69  0  0  1  8  78
356  78  0  0  0  0  78
357  77  2  0  0  0  79
358  80  0  0  0  0  80
359  77  0  3  0  0  80
360  68  0  2  8  0  78
361  78  0  0  0  0  78
362  75  0  0  3  0  78
363  77  0  0  0  0  77
364  2  0  4  0  68  74
365  74  0  0  0  0  74
366  74  0  0  0  0  74
367  74  0  0  0  0  74
368  70  0  0  0  1  71
369  71  0  0  0  0  71
370  72  0  0  0  0  72
371  70  0  0  0  1  71
372  67  0  0  0  3  70
373  70  0  0  0  0  70
374  70  0  0  0  0  70
375  66  0  0  0  2  68
376  63  0  0  1  1  65
377  65  0  0  0  0  65
378  62  2  0  0  0  64
379  56  8  0  0  0  64
380  56  0  0  0  7  63
381  63  0  0  0  0  63
382  63  1  0  0  0  64
383  57  7  0  0  0  64
384  63  0  1  0  0  64
385  62  0  1  0  0  63
386  58  0  0  4  0  62
387  62  0  0  0  0  62
388  62  0  0  0  0  62
389  62  0  0  0  0  62
390  48  0  13  0  0  61
391  59  0  0  2  0  61
392  50  0  10  0  0  60
393  39  19  0  0  1  59
394  59  0  0  0  0  59
395  49  1  6  0  2  58
396  58  0  0  0  0  58
397  55  0  1  0  0  56
398  54  0  0  0  2  56
399  49  0  7  0  0  56
400  48  0  6  0  0  54
401  54  0  0  0  0  54
402  53  0  1  0  0  54
403  54  0  0  0  0  54
404  52  0  0  0  0  52
405  51  0  0  0  1  52
406  51  0  0  0  0  51
407  1  0  40  0  8  49
408  49  0  0  1  0  50
409  50  0  0  0  0  50
410  50  0  0  0  0  50
411  49  0  0  0  0  49
412  49  0  0  0  0  49
413  49  0  0  0  0  49
414  48  0  0  0  0  48
415  47  0  0  0  0  47
416  47  0  0  0  0  47
417  43  0  3  0  0  46
418  44  0  2  0  0  46
419  44  0  0  0  0  44
420  42  0  0  0  0  42
421  42  0  0  0  0  42
422  42  0  0  0  0  42
423  42  0  0  0  0  42
424  40  0  0  0  1  41
425  42  0  0  0  0  42
426  25  0  0  13  0  38
427  36  0  0  0  1  37
428  35  0  0  1  0  36
429  34  2  0  0  0  36
430  36  0  0  0  0  36
431  33  0  0  0  0  33
432  33  1  0  0  0  34
433  31  0  0  0  0  31
434  30  0  0  0  0  30
435  0  2  0  20  0  22
436  22  0  0  0  1  23
437  23  0  0  0  0  23
438  22  0  1  1  0  24
439  24  0  0  0  0  24
440  23  0  0  0  0  23
441  23  0  0  0  0  23
442  21  0  0  0  0  21
443  14  4  0  0  0  18
444  18  0  0  0  0  18
445  14  0  0  1  0  15
446  15  0  0  0  0  15
447  15  0  0  0  0  15
448  10  0  3  0  0  13
449  12  3  0  0  0  15
450  15  0  0  0  0  15
451  15  0  0  0  0  15
452  12  3  0  0  0  15
453  15  0  0  0  0  15
454  14  0  0  0  0  14
455  14  0  0  0  0  14
456  13  1  0  0  0  14
457  14  0  0  0  0  14
458  14  0  0  0  0  14
459  14  0  0  0  0  14
460  16  0  0  0  0  16
461  9  0  1  0  6  16
462  15  0  1  0  0  16
463  16  0  0  0  0  16
464  16  0  0  0  0  16
465  16  0  0  0  0  16
466  15  0  1  0  0  16
467  16  3  0  0  0  19
468  20  0  0  0  0  20
469  22  0  0  0  0  22
470  20  1  0  0  0  21
471  22  0  0  0  0  22
472  22  0  0  0  0  22
473  22  0  0  0  0  22
474  21  1  0  0  0  22
475  21  0  1  0  0  22
476  21  0  1  0  0  22
477  19  2  0  0  0  21
478  22  0  0  0  0  22
479  22  0  0  0  0  22
480  22  0  0  0  0  22
481  22  0  0  0  0  22
482  21  0  0  0  0  21
483  12  0  9  0  0  21
484  22  0  0  0  0  22
485  22  0  0  0  0  22
486  22  0  0  0  0  22
487  22  0  0  0  0  22
488  15  0  0  0  7  22
489  21  0  0  1  0  22
490  22  0  0  0  0  22
491  21  1  3  0  0  25
492  18  7  0  0  0  25
493  25  0  0  0  0  25
494  0  0  0  25  0  25
495  29  0  0  1  0  30
496  30  0  0  0  0  30
497  31  0  0  0  0  31
498  31  0  0  0  0  31
499  29  0  1  0  0  30
500  25  0  0  4  0  29
501  30  0  0  0  0  30
502  21  0  4  0  6  31
503  30  1  0  0  0  31
504  29  0  1  0  0  30
505  27  3  0  0  0  30
506  23  0  7  0  0  30
507  2  0  0  28  0  30
508  33  0  0  0  0  33
509  34  0  0  0  0  34
510  36  0  0  0  0  36
511  36  0  0  0  0  36
512  36  0  0  0  0  36
513  36  0  0  0  0  36
514  32  0  5  0  0  37
515  37  0  0  0  0  37
516  30  0  7  0  0  37
517  0  0  37  0  0  37
518  39  2  0  0  0  41
519  40  0  1  0  2  43
520  43  0  0  0  0  43
521  42  0  0  0  0  42
522  39  0  0  4  0  43
523  46  0  0  0  0  46
524  45  2  0  0  0  47
525  46  0  0  0  0  46
526  47  0  0  0  0  47
527  45  0  3  0  0  48
528  48  0  0  0  0  48
529  48  0  0  0  0  48
530  48  0  0  0  0  48
531  39  10  0  0  0  49
532  49  0  0  0  0  49
533  50  0  0  0  0  50
534  45  5  0  0  0  50
535  52  1  0  0  0  53
536  53  0  0  0  0  53
537  52  0  0  0  0  52
538  0  0  52  0  0  52
539  48  6  0  0  0  54
540  55  0  0  0  0  55
541  55  0  0  0  0  55
542  55  0  0  0  0  55
543  55  0  0  0  0  55
544  54  0  0  0  0  54
545  53  0  0  0  0  53
546  47  0  0  0  6  53
547  52  0  0  0  2  54
548  53  0  0  0  1  54
549  52  0  1  0  0  53
550  54  0  0  0  0  54
551  52  0  2  0  0  54
552  51  3  0  0  0  54
553  54  0  0  0  0  54
554  54  0  0  0  0  54
555  53  0  0  1  0  54
556  55  0  0  0  0  55
557  54  1  1  0  0  56
558  51  0  0  5  0  56
559  55  0  0  0  0  55
560  56  0  0  0  0  56
561  50  0  5  0  0  55
562  53  0  0  2  0  55
563  51  0  5  0  0  56
564  49  5  0  0  1  55
565  54  1  0  0  0  55
566  32  0  23  0  0  55
567  58  0  1  0  0  59
568  58  0  0  0  0  58
569  59  1  0  0  0  60
570  58  2  0  0  0  60
571  60  0  0  0  0  60
572  57  4  0  0  0  61
573  61  0  0  0  0  61
574  60  0  1  0  0  61
575  61  0  0  0  0  61
576  63  0  0  0  0  63
577  71  0  0  0  0  71
578  74  0  0  0  0  74
579  70  0  6  0  0  76
580  61  4  11  0  0  76
581  68  7  0  0  0  75
582  75  0  0  1  0  76
583  73  0  5  0  0  78
584  82  0  0  0  0  82
585  84  0  0  0  0  84
586  84  0  0  0  2  86
587  89  0  0  0  0  89
588  84  2  4  0  0  90
589  93  0  0  0  0  93
590  90  0  0  0  0  90
591  88  0  0  0  0  88
592  4  0  0  0  82  86
593  86  5  0  0  0  91
594  88  1  4  0  0  93
595  94  0  0  0  0  94
596  92  0  0  0  0  92
597  93  0  0  0  0  93
598  94  3  0  0  0  97
599  99  0  0  1  0  100
600  98  1  0  0  0  99
601  92  0  4  1  0  97
602  22  0  0  0  76  98
603  97  4  0  0  0  101
604  101  0  0  0  0  101
605  100  5  0  0  0  105
606  104  0  3  0  0  107
607  99  9  0  0  0  108
608  102  0  9  0  0  111
609  107  6  0  0  0  113
610  112  0  0  0  1  113
611  106  4  3  0  0  113
612  113  0  0  0  0  113
613  116  0  0  0  0  116
614  120  0  0  0  0  120
615  121  0  0  0  0  121
616  125  0  0  0  0  125
617  124  0  0  0  0  124
618  124  0  0  0  0  124
619  115  0  11  0  0  126
620  127  0  0  0  0  127
621  118  6  2  0  0  126
622  127  0  0  0  0  127
623  124  0  0  3  1  128
624  129  2  0  0  0  131
625  132  0  0  0  0  132
626  132  0  0  0  0  132
627  132  0  0  0  0  132
628  132  0  0  0  0  132
629  131  0  0  0  0  131
630  133  0  0  0  0  133
631  131  0  0  2  0  133
632  133  0  0  0  0  133
633  180  0  0  0  0  180
634  177  0  4  0  0  181
635  180  0  0  0  0  180
636  180  0  1  0  0  181
637  179  0  0  0  1  180
638  174  0  7  0  0  181
639  183  0  0  0  1  184
640  184  0  0  0  0  184
641  165  0  1  22  0  188
642  188  0  0  0  0  188
643  190  0  0  0  0  190
644  181  9  0  0  0  190
645  189  0  0  0  0  189
646  168  16  6  0  0  190
647  84  0  93  0  11  188
648  200  0  0  0  0  200
649  202  0  0  0  0  202
650  205  0  0  0  0  205
651  199  0  4  1  0  204
652  196  1  11  0  0  208
653  208  0  0  0  0  208
654  200  9  0  0  0  209
655  209  0  0  0  0  209
656  206  3  0  0  0  209
657  192  17  0  0  0  209
658  2  18  0  0  187  207
659  210  0  0  0  0  210
660  193  14  3  0  0  210
661  204  0  9  0  0  213
662  213  0  0  0  0  213
663  213  0  0  0  0  213
664  216  0  1  0  1  218
665  199  1  21  0  0  221
666  222  0  0  0  0  222
667  219  0  0  0  0  219
668  223  0  0  0  0  223
669  220  0  3  0  0  223
670  186  0  32  0  0  218
671  208  7  3  0  0  218
672  205  0  0  0  14  219
673  193  3  26  0  0  222
674  225  1  0  0  0  226
675  226  0  0  0  0  226
676  222  3  0  0  0  225
677  222  0  0  0  1  223
678  221  0  0  0  0  221
679  176  0  32  0  0  208
680  202  8  0  0  0  210
681  210  0  0  0  0  210
682  206  0  0  1  0  207
683  205  0  0  0  0  205
684  183  19  0  0  0  202
685  201  0  0  0  0  201
686  195  0  0  0  0  195
687  194  0  0  0  0  194
688  168  0  0  22  0  190
689  169  13  6  0  0  188
690  169  0  0  20  0  189
691  176  11  0  0  0  187
692  169  4  0  2  10  185
693  167  19  0  0  0  186
694  181  0  4  0  0  185
695  182  0  0  0  1  183
696  178  0  2  0  0  180
697  178  1  0  0  0  179
698  182  0  0  0  0  182
699  179  0  0  0  0  179
700  176  0  0  0  0  176
701  165  0  8  0  0  173
702  165  0  0  0  8  173
703  165  8  0  0  0  173
704  171  0  0  2  0  173
705  167  6  0  0  0  173
706  159  0  0  12  1  172
707  146  0  24  0  0  170
708  166  0  0  1  0  167
709  165  4  0  0  0  169
710  166  1  0  0  0  167
711  163  1  1  0  0  165
712  150  7  9  0  0  166
713  164  0  0  0  1  165
714  150  0  0  0  4  154
715  151  0  0  0  0  151
716  130  0  2  0  15  147
717  126  7  7  0  0  140
718  140  0  0  0  0  140
719  137  2  0  0  0  139
720  123  0  11  0  0  134
721  125  0  7  1  0  133
722  131  0  0  0  0  131
723  130  1  0  0  0  131
724  132  1  0  0  0  133
725  129  0  0  0  0  129
726  130  0  0  0  0  130
727  114  18  0  0  0  132
728  121  0  11  0  0  132
729  98  0  0  16  14  128
730  128  0  0  0  0  128
731  127  0  0  0  1  128
732  127  1  0  0  0  128
733  126  1  0  0  0  127
734  114  1  13  0  0  128
735  126  0  1  0  0  127
736  121  3  0  0  0  124
737  118  0  0  0  0  118
738  102  14  0  0  0  116
739  116  0  0  0  0  116
740  110  0  3  0  0  113
741  113  1  0  0  0  114
742  93  0  0  0  21  114
743  105  1  8  1  0  115
744  117  0  3  0  0  120
745  119  0  0  0  0  119
746  117  0  0  0  0  117
747  118  0  0  0  0  118
748  116  0  0  0  0  116
749  111  0  1  0  0  112
750  110  0  0  0  2  112
751  113  0  0  0  0  113
752  110  0  0  0  0  110
753  107  0  0  0  0  107
754  94  3  4  0  5  106
755  95  1  10  0  0  106
756  102  0  0  1  0  103
757  103  0  0  0  0  103
758  82  0  9  4  0  95
759  81  0  5  9  0  95
760  72  0  0  20  0  92
761  17  73  0  0  0  90
762  92  0  0  0  0  92
763  89  3  0  0  0  92
764  92  0  0  0  0  92
765  90  0  0  0  0  90
766  59  1  0  24  2  86
767  91  1  0  0  0  92
768  91  0  0  0  0  91
769  89  2  0  0  0  91
770  73  1  0  0  13  87
771  84  1  3  0  0  88
772  88  1  0  0  0  89
773  87  0  0  0  0  87
774  86  0  0  0  0  86
775  72  13  0  0  0  85
776  83  1  0  0  0  84
777  83  0  0  0  0  83
778  72  4  7  0  0  83
779  82  0  1  0  0  83
780  48  8  23  0  0  79
781  68  12  0  0  0  80
782  80  0  0  0  0  80
783  80  0  0  0  0  80
784  62  0  6  9  0  77
785  77  0  0  0  0  77
786  77  0  0  0  0  77
787  66  10  1  0  0  77
788  67  0  4  0  3  74
789  74  0  0  0  0  74
790  67  0  0  0  7  74
791  73  1  2  0  0  76
792  75  1  0  0  0  76
793  75  0  0  0  0  75
794  38  31  0  0  0  69
795  68  0  2  0  0  70
796  70  0  0  0  0  70
797  70  0  0  0  0  70
798  69  0  1  0  0  70
799  17  0  16  0  26  59
800  58  1  0  0  0  59
801  59  0  0  0  0  59
802  60  0  0  0  0  60
803  47  0  5  8  0  60
804  60  0  0  0  0  60
805  55  0  0  0  5  60
806  59  0  0  0  0  59
807  44  5  0  0  0  49
808  33  0  0  0  0  33
809  15  0  0  5  0  20
810  20  0  0  0  0  20
811  20  0  0  0  0  20
812  8  8  4  0  0  20
813  15  4  0  0  0  19
814  5  14  0  0  0  19
815  15  4  0  0  0  19
816  10  0  0  9  0  19
817  20  0  0  0  0  20
818  17  0  3  0  0  20
819  21  0  0  0  0  21
820  20  1  0  0  0  21
821  22  0  0  0  0  22
822  19  0  4  0  0  23
823  23  0  0  0  0  23
824  22  0  1  0  0  23
825  15  0  8  0  0  23
826  23  0  0  0  1  24
827  23  1  0  0  0  24
828  23  0  1  0  0  24
829  15  9  0  0  0  24
830  29  0  0  0  0  29
831  30  0  0  0  0  30
832  30  0  0  0  0  30
833  30  0  0  0  0  30
834  28  2  0  0  0  30
835  31  0  0  0  0  31
836  34  0  0  0  0  34
837  27  7  0  0  0  34
838  26  0  7  0  0  33
839  33  0  0  0  0  33
840  7  24  1  0  0  32
841  38  0  0  0  0  38
842  38  0  0  0  0  38
843  38  0  0  0  0  38
844  37  0  0  0  1  38
845  38  0  0  0  0  38
846  33  0  0  0  0  33
847  31  0  0  0  2  33
848  16  0  17  0  0  33
849  33  0  0  0  0  33
850  32  0  0  0  0  32
851  15  17  0  0  0  32
852  31  0  0  0  0  31
853  31  0  0  0  0  31
854  31  0  0  0  0  31
855  31  0  0  0  0  31
856  31  0  0  0  0  31
857  28  0  2  0  0  30
858  32  0  0  0  0  32
859  26  5  0  0  0  31
860  34  0  0  0  0  34
861  33  0  0  1  0  34
862  26  0  3  5  0  34
863  38  0  1  2  0  41
864  38  3  0  0  0  41
865  45  0  0  2  0  47
866  52  0  0  0  0  52
867  53  0  0  0  0  53
868  53  0  0  0  0  53
869  54  0  0  0  0  54
870  54  0  0  1  0  55
871  52  0  3  0  0  55
872  55  1  0  0  0  56
873  55  0  0  0  1  56
874  56  0  0  0  0  56
875  58  0  0  0  0  58
876  58  0  0  0  0  58
877  59  0  0  0  0  59
878  52  1  6  0  2  61
879  54  1  0  0  6  61
880  60  0  1  0  0  61
881  62  0  1  0  0  63
882  47  16  0  0  0  63
883  52  0  0  3  7  62
884  58  3  15  0  0  76
885  77  0  0  1  0  78
886  82  0  0  0  0  82
887  83  0  0  0  0  83
888  82  1  0  0  0  83
889  82  2  0  0  0  84
890  86  0  0  0  0  86
891  85  0  0  0  0  85
892  86  0  0  0  0  86
893  80  0  4  2  0  86
894  82  0  6  0  0  88
895  69  1  18  0  0  88
896  88  0  0  0  0  88
897  92  0  0  0  0  92
898  96  0  0  0  0  96
899  95  0  0  0  0  95
900  96  0  0  0  0  96
901  85  1  8  0  0  94
902  88  9  1  0  0  98
903  99  0  0  0  0  99
904  99  0  0  0  0  99
905  100  0  0  0  0  100
906  101  0  0  0  0  101
907  97  4  0  0  0  101
908  104  0  0  0  0  104
909  106  0  0  0  0  106
910  100  0  0  6  0  106
911  100  0  6  0  1  107
912  106  0  0  0  0  106
913  103  0  0  0  0  103
914  103  0  0  0  0  103
915  99  6  0  0  0  105
916  84  0  14  0  7  105
917  103  2  0  0  0  105
918  104  0  0  0  1  105
919  104  0  0  0  0  104
920  2  0  0  0  100  102
921  107  0  0  0  0  107
922  112  0  0  0  0  112
923  118  2  0  0  0  120
924  119  0  0  1  0  120
925  108  12  1  0  0  121
926  124  0  0  0  0  124
927  127  0  0  0  0  127
928  122  4  2  0  0  128
929  127  0  3  0  0  130
930  122  0  0  0  8  130
931  121  13  0  0  0  134
932  134  0  0  0  0  134
933  127  0  7  0  0  134
934  135  0  0  1  0  136
935  134  1  0  0  0  135
936  142  0  0  0  0  142
937  141  0  0  0  1  142
938  142  1  0  0  0  143
939  145  0  0  0  0  145
940  131  12  0  0  0  143
941  126  16  0  0  0  142
942  138  2  0  0  0  140
943  141  0  0  0  0  141
944  147  0  0  0  0  147
945  150  0  0  0  0  150
946  151  0  0  0  0  151
947  150  0  0  1  0  151
948  137  0  0  11  5  153
949  155  0  0  0  0  155
950  146  0  0  0  0  146
951  146  0  0  0  0  146
952  141  3  0  0  0  144
953  143  0  0  1  0  144
954  6  0  0  129  6  141
955  132  0  0  0  18  150
956  145  0  4  0  1  150
957  148  2  3  0  0  153
958  6  0  0  0  145  151
959  165  0  0  0  1  166
960  167  0  0  0  0  167
961  171  0  0  0  0  171
962  171  0  0  0  0  171
963  172  0  0  0  0  172
964  171  3  0  0  2  176
965  179  0  0  0  0  179
966  180  1  0  0  0  181
967  174  0  4  0  2  180
968  172  8  0  0  0  180
969  172  0  0  4  5  181
970  180  0  0  0  0  180
971  180  0  0  0  0  180
972  181  0  0  0  0  181
973  187  0  1  0  0  188
974  171  14  0  0  5  190
975  189  0  0  1  0  190
976  173  7  0  0  8  188
977  183  4  0  2  0  189
978  169  0  0  0  23  192
979  194  0  0  0  0  194
980  198  0  0  0  0  198
981  197  1  0  0  0  198
982  201  0  0  0  0  201
983  192  10  0  0  0  202
984  201  0  0  1  0  202
985  205  0  0  0  0  205
986  195  12  0  0  0  207
987  204  2  0  0  2  208
988  212  0  0  1  0  213
989  213  0  0  0  0  213
990  216  0  0  0  0  216
991  217  0  0  0  0  217
992  220  0  0  0  0  220
993  220  0  0  0  1  221
994  221  0  0  0  0  221
995  223  1  0  0  1  225
996  215  3  7  0  0  225
997  226  0  0  0  0  226
998  226  0  0  0  1  227
999  228  0  0  0  0  228
1000  223  0  0  0  4  227
1001  212  11  4  0  0  227
1002  143  0  81  0  0  224
1003  220  4  0  1  4  229
1004  231  0  0  0  0  231
1005  236  0  0  0  0  236
1006  234  0  0  0  0  234
1007  239  0  0  0  0  239
1008  239  0  0  0  0  239
1009  240  0  0  0  0  240
1010  240  0  0  0  0  240
1011  242  0  1  0  0  243
1012  241  1  0  0  1  243
1013  242  0  0  0  0  242
1014  240  0  0  0  1  241
1015  237  0  0  0  0  237
1016  239  0  0  0  1  240
1017  239  0  0  0  0  239
1018  244  0  0  0  0  244
1019  242  0  0  1  0  243
1020  239  3  0  0  0  242
1021  81  149  2  0  0  232
1022  235  0  0  0  2  237
1023  231  0  7  0  0  238
1024  232  7  0  0  0  239
1025  226  0  0  11  0  237
1026  236  0  0  0  0  236
1027  233  0  0  0  0  233
1028  230  0  0  0  0  230
1029  229  0  0  0  0  229
1030  141  80  0  0  0  221
1031  223  0  0  0  0  223
1032  136  0  6  0  81  223
1033  215  0  9  0  0  224
1034  223  0  0  1  0  224
1035  223  1  0  0  0  224
1036  224  0  0  0  0  224
1037  209  0  13  0  0  222
1038  219  0  1  0  0  220
1039  216  0  0  0  0  216
1040  217  0  0  0  0  217
1041  216  1  0  1  0  218
1042  215  0  0  0  0  215
1043  209  0  0  2  1  212
1044  208  1  0  0  0  209
1045  216  0  0  0  0  216
1046  214  0  0  0  0  214
1047  213  0  0  0  0  213
1048  210  1  0  0  0  211
1049  208  0  0  0  0  208
1050  207  1  1  0  0  209
1051  206  0  0  0  0  206
1052  204  0  0  0  0  204
1053  200  0  0  0  0  200
1054  197  0  0  1  0  198
1055  115  0  49  0  0  164
1056  90  0  68  0  0  158
1057  81  0  75  0  2  158
1058  159  0  0  0  0  159
1059  157  0  0  0  1  158
1060  158  0  0  0  0  158
1061  148  0  0  0  10  158
1062  163  0  0  0  0  163
1063  163  0  0  0  0  163
1064  143  0  0  0  14  157
1065  148  6  0  0  0  154
1066  154  0  0  0  0  154
1067  130  13  10  0  0  153
1068  127  0  0  0  25  152
1069  115  0  0  1  36  152
1070  151  1  0  0  0  152
1071  152  0  0  0  0  152
1072  102  0  47  0  0  149
1073  147  0  0  0  0  147
1074  145  0  0  0  0  145
1075  129  12  0  0  0  141
1076  99  48  0  0  0  147
1077  148  0  2  0  0  150
1078  135  8  0  7  0  150
1079  158  0  0  0  0  158
1080  158  0  0  0  1  159
1081  158  0  2  1  0  161
1082  160  0  0  0  0  160
1083  149  10  0  0  0  159
1084  157  0  0  0  0  157
1085  159  0  0  1  0  160
1086  158  0  0  0  0  158
1087  147  4  1  0  5  157
1088  155  0  2  0  0  157
1089  156  0  0  0  0  156
1090  153  0  0  0  0  153
1091  151  0  0  0  0  151
1092  149  0  0  0  0  149
1093  149  0  0  0  0  149
1094  140  0  0  0  0  140
1095  138  0  0  0  0  138
1096  133  0  1  0  0  134
1097  123  3  5  0  0  131
1098  131  0  0  0  0  131
1099  106  0  24  0  0  130
1100  140  0  0  0  0  140
1101  129  9  0  0  1  139
1102  133  4  0  0  0  137
1103  127  0  0  9  0  136
1104  148  0  0  1  0  149
1105  150  0  0  0  0  150
1106  145  0  0  0  0  145
1107  140  1  4  0  1  146
1108  143  1  0  0  0  144
1109  145  0  0  0  1  146
1110  148  0  0  0  0  148
1111  149  0  0  0  0  149
1112  147  0  0  1  0  148
1113  147  2  0  0  0  149
1114  151  0  0  0  0  151
1115  150  0  1  0  0  151
1116  151  0  0  0  0  151
1117  148  1  1  0  0  150
1118  148  0  0  0  0  148
1119  128  0  0  0  13  141
1120  140  0  0  0  0  140
1121  123  14  0  0  2  139
1122  4  0  0  0  131  135
1123  129  14  0  0  0  143
1124  163  0  0  0  0  163
1125  162  1  0  0  0  163
1126  165  0  0  0  0  165
1127  158  7  0  0  0  165
1128  173  0  0  0  0  173
1129  178  0  0  0  0  178
1130  179  0  0  1  0  180
1131  178  0  3  0  0  181
1132  139  0  2  0  40  181
1133  187  0  0  0  0  187
1134  189  0  0  0  0  189
1135  190  1  0  0  0  191
1136  194  0  0  0  0  194
1137  189  0  2  4  0  195
1138  197  0  0  0  0  197
1139  194  0  6  0  0  200
1140  204  1  0  0  0  205
1141  208  0  0  0  0  208
1142  206  4  1  0  0  211
1143  213  0  0  0  0  213
1144  204  0  11  0  0  215
1145  167  3  45  3  0  218
1146  220  0  0  0  0  220
1147  179  0  5  39  0  223
1148  231  0  0  0  1  232
1149  232  0  2  0  0  234
1150  237  0  0  1  0  238
1151  232  7  0  0  0  239
1152  233  1  0  3  4  241
1153  240  0  5  0  0  245
1154  247  0  0  0  0  247
1155  239  0  0  4  1  244
1156  241  0  0  0  4  245
1157  246  0  0  0  0  246
1158  243  2  0  0  0  245
1159  209  0  36  0  0  245
1160  240  0  1  5  0  246
1161  243  1  0  0  0  244
1162  233  0  12  0  0  245
1163  246  0  0  0  1  247
1164  245  0  2  0  0  247
1165  233  13  0  0  0  246
1166  238  4  0  0  0  242
1167  240  0  0  1  0  241
1168  228  3  0  0  6  237
1169  230  0  0  2  4  236
1170  158  0  0  0  75  233
1171  235  0  0  0  0  235
1172  235  0  0  0  0  235
1173  233  1  0  0  0  234
1174  229  6  0  0  0  235
1175  218  15  3  0  0  236
1176  238  0  0  0  0  238
1177  187  49  0  0  0  236
1178  228  0  1  5  0  234
1179  192  0  41  0  0  233
1180  233  0  0  0  0  233
1181  124  0  0  0  106  230
1182  214  23  0  0  0  237
1183  228  0  0  11  0  239
1184  240  0  0  0  0  240
1185  237  0  0  0  0  237
1186  236  0  3  0  0  239
1187  239  0  0  0  0  239
1188  200  0  0  34  0  234
1189  227  0  7  0  0  234
1190  190  1  43  0  0  234
1191  239  0  0  0  0  239
1192  236  1  0  3  0  240
1193  240  0  2  0  0  242
1194  241  0  0  0  0  241
1195  227  13  0  0  0  240
1196  239  0  0  0  0  239
1197  227  0  0  8  0  235
1198  191  0  0  41  0  232
1199  233  0  0  1  0  234
1200  229  0  4  0  0  233
1201  231  0  0  0  0  231
1202  225  2  0  2  0  229
1203  203  0  1  24  0  228
1204  225  1  0  1  0  227
1205  207  14  5  0  0  226
1206  224  0  0  0  0  224
1207  208  14  3  0  0  225
1208  223  0  0  0  0  223
1209  223  0  0  0  0  223
1210  207  8  6  0  0  221
1211  216  0  0  0  0  216
1212  217  0  0  0  0  217
1213  210  1  6  0  0  217
1214  209  3  0  0  1  213
1215  213  0  0  0  0  213
1216  210  0  0  0  0  210
1217  208  0  0  0  0  208
1218  205  1  0  0  0  206
1219  192  0  10  0  0  202
1220  195  4  0  0  0  199
1221  192  0  0  1  0  193
1222  188  0  0  0  0  188
1223  181  0  0  7  0  188
1224  184  3  0  0  0  187
1225  177  0  0  1  0  178
1226  176  1  0  0  0  177
1227  177  0  0  0  0  177
1228  153  0  16  0  0  169
1229  168  0  0  1  0  169
1230  166  0  0  0  0  166
1231  153  0  5  1  0  159
1232  148  0  5  5  0  158
1233  148  2  3  0  0  153
1234  144  0  1  0  0  145
1235  140  0  0  0  0  140
1236  131  0  7  1  0  139
1237  129  7  0  0  0  136
1238  131  0  0  0  0  131
1239  121  0  0  0  0  121
1240  118  2  0  0  0  120
1241  120  0  0  0  0  120
1242  109  0  0  0  0  109
1243  4  0  0  103  0  107
1244  111  0  0  0  0  111
1245  114  4  0  0  0  118
1246  121  0  1  0  0  122
1247  112  4  0  0  0  116
1248  109  0  6  0  0  115
1249  89  25  1  0  0  115
1250  117  1  0  0  0  118
1251  114  0  0  3  0  117
1252  115  0  0  1  0  116
1253  117  0  0  0  0  117
1254  120  0  0  0  0  120
1255  117  0  0  0  0  117
1256  94  14  0  0  9  117
1257  118  1  0  0  0  119
1258  118  0  0  0  1  119
1259  120  0  0  0  0  120
1260  115  2  1  0  0  118
1261  113  4  0  0  0  117
1262  117  0  0  0  0  117
1263  114  0  0  2  0  116
1264  114  0  0  0  0  114
1265  114  0  0  0  1  115
1266  114  0  1  0  0  115
1267  112  3  0  0  0  115
1268  114  0  0  1  0  115
1269  97  0  14  0  0  111
1270  99  0  10  0  0  109
1271  104  0  0  0  4  108
1272  109  0  0  0  0  109
1273  103  0  0  0  2  105
1274  105  0  0  0  0  105
1275  100  1  0  2  0  103
1276  101  0  0  0  0  101
1277  98  0  1  0  0  99
1278  95  3  0  0  1  99
1279  87  3  8  0  0  98
1280  97  0  0  0  0  97
1281  82  11  0  0  0  93
1282  92  0  0  0  0  92
1283  93  0  0  0  0  93
1284  81  11  0  1  0  93
1285  93  0  0  0  0  93
1286  90  0  0  1  0  91
1287  90  1  0  0  0  91
1288  92  0  0  0  0  92
1289  88  0  0  0  0  88
1290  88  0  0  0  0  88
1291  87  0  1  0  0  88
1292  83  0  0  0  1  84
1293  79  7  0  0  0  86
1294  80  0  5  0  0  85
1295  83  0  0  0  0  83
1296  80  2  0  0  2  84
1297  84  0  0  0  0  84
1298  80  0  0  1  0  81
1299  76  0  0  5  0  81
1300  81  0  0  0  0  81
1301  83  0  0  0  0  83
1302  82  0  0  0  0  82
1303  82  0  0  0  0  82
1304  79  0  0  0  0  79
1305  75  3  0  0  0  78
1306  75  0  0  0  0  75
1307  73  0  0  0  0  73
1308  68  2  0  0  1  71
1309  1  13  0  0  53  67
1310  69  0  0  0  0  69
1311  62  7  0  0  0  69
1312  70  0  0  0  0  70
1313  70  0  0  1  0  71
1314  71  0  0  0  0  71
1315  71  0  0  0  0  71
1316  58  8  4  0  0  70
1317  70  1  0  0  0  71
1318  72  0  0  0  0  72
1319  73  0  0  0  0  73
1320  70  0  0  2  0  72
1321  66  0  0  7  0  73
1322  73  0  0  0  0  73
1323  71  0  0  0  1  72
1324  73  0  0  0  0  73
1325  74  0  0  0  0  74
1326  74  0  0  0  0  74
1327  73  0  0  0  0  73
1328  73  0  0  0  0  73
1329  68  0  4  0  0  72
1330  72  0  0  0  0  72
1331  71  0  0  0  0  71
1332  71  0  0  0  0  71
1333  68  0  3  0  0  71
1334  71  0  0  0  0  71
1335  71  0  0  0  0  71
1336  71  0  0  0  0  71
1337  61  0  7  0  0  68
1338  0  0  0  0  61  61
1339  62  0  1  0  0  63
1340  57  6  0  0  0  63
1341  60  3  0  0  0  63
1342  61  0  0  0  0  61
1343  61  0  0  0  0  61
1344  65  0  0  0  0  65
1345  62  0  2  0  0  64
1346  63  0  0  0  0  63
1347  56  0  0  0  3  59
1348  60  0  0  0  0  60
1349  60  0  0  0  0  60
1350  54  0  0  0  2  56
1351  54  0  0  0  0  54
1352  2  0  0  47  0  49
1353  50  0  0  0  0  50
1354  50  1  0  0  0  51
1355  53  0  0  0  0  53
1356  54  0  0  0  0  54
1357  42  10  0  0  0  52
1358  51  0  0  0  0  51
1359  61  0  0  0  0  61
1360  63  0  0  0  0  63
1361  64  0  2  0  0  66
1362  68  0  0  0  0  68
1363  64  0  4  0  0  68
1364  9  0  0  0  59  68
1365  69  0  0  0  0  69
1366  69  0  0  2  0  71
1367  72  1  0  0  0  73
1368  76  0  0  0  0  76
1369  76  0  3  0  0  79
1370  83  0  0  0  0  83
1371  85  0  0  0  0  85
1372  84  0  0  0  0  84
1373  85  0  0  0  0  85
1374  85  0  0  0  0  85
1375  84  0  0  0  3  87
1376  14  0  0  0  69  83
1377  25  64  0  0  0  89
1378  100  0  0  0  0  100
1379  104  0  0  0  0  104
1380  105  0  0  0  0  105
1381  105  0  1  0  0  106
1382  106  0  0  0  0  106
1383  105  0  0  0  0  105
1384  104  2  0  0  0  106
1385  106  0  0  0  0  106
1386  109  0  0  0  0  109
1387  110  0  0  0  0  110
1388  100  0  13  0  0  113
1389  115  1  0  0  0  116
1390  125  1  0  0  0  126
1391  131  0  0  0  0  131
1392  135  0  0  0  0  135
1393  134  0  1  2  0  137
1394  144  0  0  0  0  144
1395  146  0  0  0  0  146
1396  141  5  0  0  0  146
1397  143  2  0  0  0  145
1398  123  0  0  1  25  149
1399  138  0  20  0  0  158
1400  162  0  0  0  0  162
1401  157  5  4  0  0  166
1402  165  0  5  0  0  170
1403  176  0  0  0  0  176
1404  176  0  0  2  0  178
1405  182  0  0  0  0  182
1406  178  0  10  0  0  188
1407  191  0  0  0  0  191
1408  191  0  0  0  0  191
1409  193  0  0  0  1  194
1410  113  26  53  0  0  192
1411  196  0  0  1  0  197
1412  195  2  0  0  0  197
1413  161  9  0  28  0  198
1414  197  4  0  0  0  201
1415  197  0  0  0  5  202
1416  201  0  3  1  0  205
1417  205  0  0  0  0  205
1418  205  0  0  0  0  205
1419  205  0  0  1  1  207
1420  208  2  0  0  0  210
1421  211  0  0  0  0  211
1422  213  0  0  0  0  213
1423  204  0  10  1  0  215
1424  212  0  4  0  0  216
1425  213  0  0  1  1  215
1426  213  0  0  0  0  213
1427  213  0  0  0  0  213
1428  211  0  1  0  0  212
1429  207  5  0  0  0  212
1430  73  0  138  0  0  211
1431  211  0  0  0  0  211
1432  210  1  0  0  1  212
1433  210  0  0  1  1  212
1434  212  0  0  0  0  212
1435  211  0  1  0  0  212
1436  212  0  0  0  0  212
1437  195  0  17  0  0  212
1438  209  2  0  0  0  211
1439  168  16  0  0  27  211
1440  211  0  0  0  0  211
1441  207  1  0  0  0  208
1442  205  0  0  0  0  205
1443  200  3  1  0  0  204
1444  206  0  0  0  0  206
1445  202  0  4  0  0  206
1446  203  1  0  0  0  204
1447  195  0  0  3  5  203
1448  205  0  0  0  0  205
1449  203  0  1  0  0  204
1450  183  20  0  0  0  203
1451  203  0  0  0  0  203
1452  204  0  0  0  0  204
1453  204  0  0  0  0  204
1454  199  0  1  2  0  202
1455  193  0  10  0  0  203
1456  206  0  0  0  0  206
1457  204  1  0  1  0  206
1458  207  0  0  0  0  207
1459  205  0  0  0  0  205
1460  204  0  1  0  0  205
1461  205  2  0  0  0  207
1462  190  12  2  0  0  204
1463  203  0  0  0  0  203
1464  187  1  14  0  0  202
1465  204  3  0  0  0  207
1466  186  18  0  0  0  204
1467  194  0  1  2  1  198
1468  193  0  2  2  0  197
1469  185  10  0  0  0  195
1470  177  4  8  0  0  189
1471  191  0  0  0  0  191
1472  173  0  0  3  1  177
1473  168  6  0  0  2  176
1474  166  1  0  9  0  176
1475  175  1  2  0  0  178
1476  176  2  0  0  0  178
1477  170  0  2  0  0  172
1478  170  1  0  0  0  171
1479  167  0  0  0  2  169
1480  147  17  1  0  0  165
1481  154  7  2  0  0  163
1482  157  0  0  7  1  165
1483  163  0  0  0  0  163
1484  163  0  0  0  0  163
1485  157  0  0  0  7  164
1486  157  1  0  0  0  158
1487  124  0  0  10  1  135
1488  125  7  2  0  0  134
1489  130  3  0  0  1  134
1490  128  0  0  0  1  129
1491  114  0  0  14  0  128
1492  124  0  0  2  0  126
1493  116  0  0  1  9  126
1494  123  2  1  0  0  126
1495  122  0  0  0  0  122
1496  99  5  4  1  0  109
1497  92  6  0  0  5  103
1498  94  0  0  3  0  97
1499  95  0  0  0  0  95
1500  84  11  0  0  1  96
1501  80  12  0  0  0  92
1502  110  0  0  0  1  111
1503  110  0  0  0  0  110
1504  105  10  0  0  0  115
1505  119  0  0  0  0  119
1506  107  0  12  0  0  119
1507  107  18  3  0  0  128
1508  133  0  0  0  0  133
1509  123  12  0  0  0  135
1510  136  0  1  0  2  139
1511  137  0  0  2  0  139
1512  137  0  2  0  0  139
1513  142  0  0  0  0  142
1514  143  0  0  0  0  143
1515  144  0  1  0  0  145
1516  127  0  13  0  6  146
1517  147  0  0  0  0  147
1518  141  0  0  11  0  152
1519  160  0  1  0  0  161
1520  162  0  0  0  1  163
1521  153  12  0  0  0  165
1522  160  6  0  0  0  166
1523  158  0  1  9  0  168
1524  150  8  0  0  14  172
1525  166  0  8  0  0  174
1526  175  4  0  0  0  179
1527  182  0  1  0  0  183
1528  184  0  0  0  0  184
1529  191  0  0  0  0  191
1530  199  0  1  0  1  201
1531  203  0  0  0  1  204
1532  205  0  0  0  0  205
1533  140  0  66  1  0  207
1534  181  0  1  25  0  207
1535  184  9  18  0  0  211
1536  182  0  0  30  0  212
1537  213  0  0  1  0  214
1538  202  11  2  4  0  219
1539  213  2  6  0  0  221
1540  222  0  1  0  0  223
1541  222  0  0  0  1  223
1542  209  0  15  1  0  225
1543  225  0  0  0  1  226
1544  212  15  0  0  0  227
1545  228  0  0  0  0  228
1546  161  0  0  68  0  229
1547  227  0  0  0  0  227
1548  205  1  0  0  20  226
1549  211  0  16  0  0  227
1550  227  0  0  0  0  227
1551  234  0  0  0  0  234
1552  237  0  0  0  0  237
1553  236  0  0  1  0  237
1554  226  0  0  10  0  236
1555  151  0  3  79  3  236
1556  236  1  1  0  0  238
1557  220  0  0  1  16  237
1558  239  0  0  0  0  239
1559  239  0  0  0  0  239
1560  240  1  0  0  0  241
1561  237  0  6  0  0  243
1562  242  0  0  0  0  242
1563  237  0  0  0  0  237
1564  237  0  1  0  0  238
1565  225  0  0  5  0  230
1566  215  5  5  0  5  230
1567  229  1  0  1  0  231
1568  221  0  2  1  6  230
1569  217  0  11  0  0  228
1570  223  0  0  5  2  230
1571  238  0  0  0  0  238
1572  235  1  0  0  0  236
1573  229  6  1  0  0  236
1574  237  1  0  0  0  238
1575  222  0  0  17  0  239
1576  242  0  1  0  0  243
1577  242  0  0  1  0  243
1578  233  11  0  0  0  244
1579  248  0  0  0  1  249
1580  247  0  0  0  0  247
1581  227  0  11  7  0  245
1582  247  0  0  0  1  248
1583  246  1  0  0  3  250
1584  239  13  0  0  0  252
1585  237  0  12  0  5  254
1586  253  0  1  0  0  254
1587  252  0  2  0  0  254
1588  236  0  0  17  0  253
1589  71  179  2  0  0  252
1590  253  0  7  0  0  260
1591  243  7  0  0  12  262
1592  257  0  0  1  2  260
1593  259  0  0  1  0  260
1594  228  0  33  1  0  262
1595  248  2  11  0  0  261
1596  47  0  0  209  0  256
1597  272  0  0  0  0  272
1598  272  0  0  2  0  274
1599  273  1  0  0  0  274
1600  261  11  0  0  0  272
1601  267  0  0  1  0  268
1602  260  5  3  0  0  268
1603  260  8  0  1  0  269
1604  266  0  0  1  0  267
1605  254  0  0  0  12  266
1606  260  1  1  0  0  262
1607  258  0  0  0  0  258
1608  254  0  1  0  0  255
1609  253  0  1  0  0  254
1610  246  1  3  0  0  250
1611  242  0  1  0  4  247
1612  211  0  33  0  0  244
1613  234  3  3  0  0  240
1614  238  0  0  0  0  238
1615  237  0  0  2  0  239
1616  232  0  1  1  0  234
1617  223  9  0  0  0  232
1618  217  0  12  0  0  229
1619  218  5  0  0  0  223
1620  211  0  0  8  0  219
1621  214  0  0  0  0  214
1622  209  0  2  0  0  211
1623  199  0  7  3  0  209
1624  206  0  1  0  0  207
1625  199  0  0  0  0  199
1626  193  0  6  0  0  199
1627  195  0  0  0  1  196
1628  191  0  0  0  0  191
1629  187  0  0  1  0  188
1630  156  23  0  0  0  179
1631  172  0  0  0  2  174
1632  173  0  0  0  0  173
1633  175  0  0  0  1  176
1634  167  5  0  0  0  172
1635  166  0  0  1  0  167
1636  165  0  0  0  0  165
1637  158  0  0  0  0  158
1638  135  16  0  0  6  157
1639  139  15  0  0  0  154
1640  149  0  4  0  0  153
1641  151  0  3  0  0  154
1642  143  1  5  0  1  150
1643  147  1  0  0  0  148
1644  140  0  1  6  0  147
1645  137  0  0  1  7  145
1646  138  0  0  1  4  143
1647  145  0  0  0  0  145
1648  144  0  0  0  0  144
1649  139  0  1  3  0  143
1650  140  0  0  0  0  140
1651  137  0  0  0  0  137
1652  1  3  0  0  130  134
1653  132  0  0  6  0  138
1654  136  2  0  0  0  138
1655  140  0  0  0  0  140
1656  126  0  13  0  0  139
1657  139  0  0  0  0  139
1658  137  0  0  0  0  137
1659  85  48  0  0  0  133
1660  83  48  0  0  0  131
1661  130  0  0  0  0  130
1662  127  0  2  0  0  129
1663  128  0  0  0  0  128
1664  128  0  0  0  0  128
1665  74  56  0  0  0  130
1666  76  0  53  0  0  129
1667  130  0  0  0  1  131
1668  131  0  0  0  0  131
1669  128  0  0  0  0  128
1670  121  5  0  0  0  126
1671  126  0  0  0  0  126
1672  124  0  0  0  0  124
1673  85  0  0  29  3  117
1674  118  0  0  0  0  118
1675  116  0  2  0  0  118
1676  117  0  0  0  0  117
1677  114  0  0  0  1  115
1678  114  0  1  0  0  115
1679  109  0  0  0  0  109
1680  107  0  0  0  0  107
1681  103  0  0  0  0  103
1682  102  0  0  0  0  102
1683  93  0  5  0  0  98
1684  64  20  0  0  0  84
1685  84  0  0  0  0  84
1686  83  0  0  0  0  83
1687  59  23  0  0  0  82
1688  81  0  0  0  0  81
1689  56  0  0  0  24  80
1690  78  2  3  0  0  83
1691  81  0  0  0  0  81
1692  76  1  0  0  0  78
1693  77  0  0  0  0  77
1694  76  0  0  0  0  76
1695  66  7  0  0  0  73
1696  72  0  0  0  0  72
1697  68  2  0  0  0  70
1698  69  0  0  0  0  69
1699  67  0  0  0  0  67
1700  66  0  0  0  0  66
1701  67  0  0  0  0  67
1702  68  0  0  0  0  68
1703  64  3  0  0  0  67
1704  62  0  4  0  0  66
1705  45  18  0  0  0  63
1706  61  0  0  0  0  61
1707  36  0  6  18  0  61
1708  62  0  0  0  0  62
1709  61  0  0  0  0  61
1710  61  0  0  0  0  61
1711  60  0  0  0  0  60
1712  55  0  6  0  0  61
1713  56  0  0  5  0  61
1714  61  0  0  0  0  61
1715  57  1  3  0  0  61
1716  61  0  0  0  0  61
1717  61  0  0  0  0  61
1718  61  0  0  0  0  61
1719  51  0  10  0  0  61
1720  0  44  0  15  0  59
1721  61  0  0  0  0  61
1722  61  0  0  0  0  61
1723  61  0  0  0  0  61
1724  59  0  0  0  0  59
1725  40  19  0  0  0  59
1726  59  0  0  0  0  59
1727  59  0  0  0  0  59
1728  52  0  0  6  1  59
1729  59  0  0  2  0  61
1730  59  0  0  0  0  59
1731  58  0  0  0  0  58
1732  59  0  0  0  0  59
1733  58  0  0  0  0  58
1734  58  0  0  0  0  58
1735  53  0  6  0  0  59
1736  59  0  0  0  0  59
1737  58  0  0  0  2  60
1738  62  0  0  0  0  62
1739  60  0  0  0  0  60
1740  60  0  0  0  0  60
1741  41  16  0  0  0  57
1742  56  0  0  0  0  56
1743  55  0  1  0  0  56
1744  49  6  0  0  1  56
1745  56  0  0  0  0  56
1746  54  0  0  0  0  54
1747  50  4  0  0  0  54
1748  57  0  0  0  0  57
1749  54  0  0  2  0  56
1750  54  0  0  0  1  55
1751  55  0  0  0  0  55
1752  52  0  1  0  1  54
1753  52  0  0  0  0  52
1754  7  37  2  0  0  46
1755  45  0  0  0  0  45
1756  2  1  0  42  0  45
1757  45  0  0  0  0  45
1758  0  0  0  0  45  45
1759  56  0  0  0  0  56
1760  62  4  0  0  0  66
1761  61  7  0  0  0  68
1762  70  0  0  0  0  70
1763  72  0  0  0  0  72
1764  74  0  0  0  0  74
1765  71  0  0  0  0  71
1766  75  0  0  0  0  75
1767  82  0  0  0  0  82
1768  82  0  0  0  0  82
1769  83  0  0  0  0  83
1770  80  0  0  3  0  83
1771  84  0  0  0  1  85
1772  86  0  0  0  0  86
1773  85  5  0  0  0  90
1774  88  0  0  0  3  91
1775  94  1  0  0  0  95
1776  98  0  0  0  0  98
1777  98  0  0  0  0  98
1778  97  0  0  1  0  98
1779  99  0  0  0  2  101
1780  102  0  0  0  0  102
1781  104  0  0  0  0  104
1782  106  1  0  0  0  107
1783  106  1  0  0  0  107
1784  94  0  13  1  0  108
1785  102  3  1  0  1  107
1786  116  0  0  0  0  116
1787  118  0  0  0  0  118
1788  117  2  1  0  0  120
1789  122  0  0  0  0  122
1790  118  0  0  9  0  127
1791  126  1  0  0  0  127
1792  123  5  0  0  0  128
1793  128  0  0  0  0  128
1794  125  0  0  1  1  127
1795  126  1  0  0  0  127
1796  122  0  5  0  0  127
1797  28  99  0  0  0  127
1798  136  0  0  0  0  136
1799  135  0  0  0  0  135
1800  130  0  5  0  0  135
1801  135  0  0  0  0  135
1802  141  0  0  0  0  141
1803  139  1  1  0  0  141
1804  142  0  0  0  0  142
1805  62  0  80  0  0  142
1806  142  0  0  1  0  143
1807  145  0  0  0  0  145
1808  133  12  0  0  0  145
1809  132  1  14  0  0  147
1810  150  0  0  0  0  150
1811  150  0  0  0  0  150
1812  149  1  3  0  0  153
1813  152  0  3  0  0  155
1814  156  0  0  0  0  156
1815  157  0  0  0  1  158
1816  160  0  0  0  0  160
1817  161  0  0  0  0  161
1818  161  0  1  0  0  162
1819  166  0  0  0  0  166
1820  166  0  1  0  0  167
1821  147  17  1  0  1  166
1822  166  0  0  0  0  166
1823  166  0  1  0  0  167
1824  168  0  0  1  0  169
1825  162  5  0  0  1  168
1826  27  0  0  0  138  165
1827  10  21  0  134  0  165
1828  198  0  0  0  0  198
1829  204  0  0  2  0  206
1830  208  0  0  0  0  208
1831  209  1  0  0  0  210
1832  213  0  0  1  0  214
1833  215  0  0  1  0  216
1834  218  0  0  0  0  218
1835  221  0  0  0  0  221
1836  223  0  0  0  0  223
1837  225  0  0  0  0  225
1838  230  1  0  0  0  231
1839  232  0  1  0  0  233
1840  233  0  0  0  0  233
1841  233  0  0  0  0  233
1842  236  0  0  0  0  236
1843  237  0  0  0  0  237
1844  218  1  19  0  0  238
1845  229  2  0  0  8  239
1846  233  6  3  0  0  242
1847  248  0  0  0  0  248
1848  243  0  0  5  0  248
1849  254  0  0  0  0  254
1850  257  0  0  0  0  257
1851  251  5  0  0  0  256
1852  259  0  0  0  0  259
1853  253  0  0  0  0  253
1854  177  0  1  74  0  252
1855  255  0  1  0  1  257
1856  258  0  0  0  0  258
1857  254  0  0  0  1  255
1858  247  6  0  0  0  253
1859  251  0  0  0  0  251
1860  3  0  245  0  0  248
1861  261  1  0  0  0  262
1862  264  1  0  1  0  266
1863  264  1  0  1  0  266
1864  262  0  0  0  0  262
1865  252  0  0  9  0  261
1866  258  0  0  0  0  258
1867  250  0  0  2  2  254
1868  254  0  0  0  0  254
1869  250  1  0  0  1  252
1870  253  0  0  0  0  253
1871  250  2  0  0  0  252
1872  249  0  2  0  0  251
1873  240  0  2  4  0  246
1874  236  7  0  0  0  243
1875  242  0  0  0  0  242
1876  238  1  1  0  0  240
1877  240  0  0  0  0  240
1878  162  0  73  1  0  236
1879  233  4  0  0  0  237
1880  222  16  0  0  0  238
1881  236  3  0  0  0  239
1882  238  0  0  1  0  239
1883  240  2  0  0  0  242
1884  239  0  0  1  0  240
1885  225  0  0  0  13  238
1886  234  0  0  1  0  235
1887  235  0  0  0  1  236
1888  238  0  0  0  0  238
1889  229  0  0  0  10  239
1890  236  0  2  0  0  238
1891  233  0  7  0  0  240
1892  233  0  7  0  0  240
1893  242  0  0  0  0  242
1894  243  0  0  0  0  243
1895  243  0  1  0  0  244
1896  219  23  0  0  0  242
1897  240  0  0  0  0  240
1898  234  0  0  0  8  242
1899  231  1  10  0  0  242
1900  247  0  0  0  0  247
1901  246  0  1  0  0  247
1902  238  12  0  0  0  250
1903  248  0  1  0  0  249
1904  238  0  9  1  0  248
1905  114  0  0  130  0  244
1906  229  9  22  0  0  260
1907  242  2  18  0  0  262
1908  233  9  0  0  22  264
1909  266  0  0  0  0  266
1910  266  0  0  1  0  267
1911  270  0  1  0  0  271
1912  269  0  0  0  0  269
1913  265  0  0  0  0  265
1914  266  1  0  0  0  267
1915  266  0  0  0  0  266
1916  265  0  0  0  0  265
1917  265  0  0  0  0  265
1918  256  0  1  6  0  263
1919  260  0  0  1  0  261
1920  261  0  0  0  0  261
1921  258  0  0  0  0  258
1922  246  1  9  0  0  256
1923  241  0  2  2  0  245
1924  243  0  2  0  0  245
1925  235  0  0  1  0  236
1926  236  0  0  0  0  236
1927  234  2  0  0  0  236
1928  233  0  0  1  0  234
1929  226  0  3  0  0  229
1930  189  0  34  0  2  225
1931  199  0  23  0  0  222
1932  219  0  0  0  0  219
1933  208  0  7  0  2  217
1934  216  0  0  0  0  216
1935  208  4  0  0  1  213
1936  209  0  4  0  0  213
1937  207  1  0  1  0  209
1938  194  0  0  14  0  208
1939  209  0  0  0  0  209
1940  210  0  0  0  0  210
1941  207  5  0  0  0  212
1942  206  0  0  2  0  208
1943  208  0  2  0  0  210
1944  209  0  0  0  0  209
1945  206  0  1  1  0  208
1946  197  0  1  3  0  201
1947  200  0  0  0  0  200
1948  199  0  1  0  0  200
1949  186  7  0  0  0  193
1950  189  0  0  1  0  190
1951  189  0  0  0  0  189
1952  188  0  0  0  0  188
1953  178  0  0  0  0  178
1954  176  0  0  0  0  176
1955  175  0  0  0  0  175
1956  174  0  0  0  1  175
1957  171  0  0  0  2  173
1958  164  1  3  0  0  168
1959  165  0  0  0  2  167
1960  166  1  0  0  0  167
1961  162  0  0  0  0  162
1962  160  2  0  0  0  162
1963  162  0  0  0  2  164
1964  164  0  0  0  1  165
1965  160  0  5  0  0  165
1966  157  1  5  0  0  163
1967  156  8  0  0  0  164
1968  164  0  1  3  0  168
1969  165  0  0  3  0  168
1970  166  0  0  2  0  168
1971  166  7  0  0  0  173
1972  176  0  0  0  0  176
1973  177  0  0  0  0  177
1974  172  2  1  0  0  175
1975  176  0  1  0  1  178
1976  178  0  0  0  0  178
1977  169  0  1  8  0  178
1978  178  0  0  0  0  178
1979  177  1  0  0  0  178
1980  173  0  3  0  0  176
1981  143  23  0  0  10  176
1982  175  0  1  1  0  177
1983  162  12  2  0  0  176
1984  172  3  0  0  3  178
1985  177  0  0  0  0  177
1986  174  5  0  0  0  179
1987  182  0  0  0  0  182
1988  178  0  0  0  0  178
1989  162  14  0  0  0  176
1990  171  0  1  0  2  174
1991  176  0  1  0  0  177
1992  170  0  3  2  0  175
1993  174  0  0  0  0  174
1994  161  10  0  0  0  171
1995  160  8  0  0  0  168
1996  169  0  0  0  0  169
1997  161  0  0  1  0  162
1998  162  1  0  0  0  163
1999  156  3  3  0  0  162
2000  154  0  0  0  0  154
2001  135  8  8  0  0  151
2002  150  0  0  0  0  150
2003  149  0  0  1  0  150
2004  6  0  0  0  130  136
2005  133  0  3  0  0  136
2006  123  14  0  0  0  137
2007  132  3  0  0  2  137
2008  135  0  0  0  0  135
2009  127  6  0  1  0  134
2010  137  0  0  0  0  137
2011  133  0  0  0  0  133
2012  130  0  0  0  0  130
2013  124  0  5  0  0  129
2014  126  1  0  0  1  128
2015  128  0  0  0  0  128
2016  124  3  0  0  0  127
2017  124  0  0  0  3  127
2018  123  0  1  0  0  124
2019  119  4  0  0  0  123
2020  124  0  0  0  0  124
2021  122  0  0  1  0  123
2022  115  0  6  0  0  121
2023  121  0  0  0  0  121
2024  116  0  5  0  0  121
2025  110  10  0  0  1  121
2026  120  0  0  0  0  120
2027  118  0  0  1  1  120
2028  119  0  1  0  0  120
2029  32  0  0  0  87  119
2030  118  1  0  0  0  119
2031  118  0  0  0  0  118
2032  118  0  0  0  0  118
2033  117  0  0  0  0  117
2034  114  0  0  0  1  115
2035  111  0  0  0  0  111
2036  97  12  0  0  0  109
2037  104  2  2  0  0  108
2038  110  0  0  0  0  110
2039  109  0  0  1  0  110
2040  105  0  5  0  0  110
2041  105  2  0  0  0  107
2042  107  0  0  0  0  107
2043  96  0  0  0  8  104
2044  95  8  1  0  0  104
2045  87  1  0  0  14  102
2046  0  0  3  0  97  100
2047  102  0  0  0  0  102
2048  102  0  0  0  0  102
2049  103  0  0  0  0  103
2050  103  0  0  0  0  103
2051  103  0  0  0  0  103
2052  102  0  0  0  0  102
2053  102  0  0  0  0  102
2054  99  2  0  1  0  102
2055  95  0  0  8  0  103
2056  103  0  0  0  0  103
2057  102  0  0  0  0  102
2058  101  0  0  0  0  101
2059  94  5  1  0  0  100
2060  96  0  0  0  0  96
2061  0  0  0  0  85  85
2062  86  0  0  0  0  86
2063  85  0  0  4  0  89
2064  85  1  3  0  0  89
2065  83  0  9  0  0  92
2066  93  0  0  0  0  93
2067  89  0  1  0  0  90
2068  56  26  0  0  0  82
2069  82  0  0  0  0  82
2070  79  1  0  0  0  80
2071  78  0  0  0  0  78
2072  78  0  0  0  0  78
2073  69  1  1  0  0  71
2074  67  0  0  0  1  68
2075  65  0  0  0  0  65
2076  63  0  1  0  0  64
2077  63  0  0  0  0  63
2078  53  3  2  0  3  61
2079  59  0  0  1  0  60
2080  60  1  0  0  0  61
2081  59  0  0  0  0  59
2082  18  37  1  0  0  56
2083  55  0  0  0  2  57
2084  56  0  0  0  1  57
2085  60  0  0  0  0  60
2086  61  0  0  0  0  61
2087  62  0  0  0  0  62
2088  59  5  0  0  0  64
2089  63  0  0  0  0  63
2090  56  6  1  0  0  63
2091  64  0  0  0  0  64
2092  60  0  0  3  0  63
2093  62  0  0  0  0  62
2094  63  0  1  0  0  64
2095  59  0  4  0  0  63
2096  59  7  0  0  0  66
2097  67  0  0  0  0  67
2098  69  0  0  0  0  69
2099  68  0  2  0  0  70
2100  62  9  0  0  0  71
2101  71  0  0  0  0  71
2102  72  0  0  0  0  72
2103  72  0  0  0  0  72
2104  72  0  0  0  0  72
2105  72  0  0  0  0  72
2106  67  1  1  0  0  69
2107  61  0  8  0  0  69
2108  45  18  5  0  0  68
2109  68  0  0  0  0  68
2110  67  0  2  0  0  69
2111  71  0  0  0  0  71
2112  71  0  0  0  0  71
2113  70  1  0  0  0  71
2114  72  0  0  0  0  72
2115  69  0  0  0  3  72
2116  68  0  0  2  0  70
2117  68  1  2  0  0  71
2118  72  0  0  0  0  72
2119  70  0  0  0  0  70
2120  67  0  1  2  0  70
2121  68  0  3  0  0  71
2122  71  0  0  0  0  71
2123  72  0  0  3  0  75
2124  73  1  0  0  1  75
2125  73  0  3  0  0  76
2126  78  0  0  1  0  79
2127  79  0  1  1  0  81
2128  81  0  0  0  1  82
2129  82  0  0  1  0  83
2130  86  0  0  0  0  86
2131  72  12  3  1  0  88
2132  89  0  0  0  0  89
2133  90  0  0  0  0  90
2134  90  0  0  0  0  90
2135  90  0  0  0  0  90
2136  91  0  0  0  0  91
2137  94  0  0  0  0  94
2138  90  0  1  0  0  91
2139  88  0  3  0  0  91
2140  70  0  2  18  0  90
2141  94  0  0  0  0  94
2142  87  0  10  0  0  97
2143  94  1  0  0  0  95
2144  93  0  0  2  0  95
2145  95  0  0  0  0  95
2146  98  0  0  0  0  98
2147  32  7  44  0  15  98
2148  107  0  0  0  1  108
2149  103  5  0  0  0  108
2150  109  0  0  0  0  109
2151  106  0  3  0  0  109
2152  109  2  1  0  0  112
2153  111  0  0  0  0  111
2154  103  2  6  0  0  111
2155  97  9  1  0  1  108
2156  108  0  0  1  0  109
2157  99  5  5  0  0  109
2158  107  5  0  0  0  112
2159  110  0  2  0  0  112
2160  91  0  13  9  0  113
2161  114  0  0  1  0  115
2162  115  0  0  1  1  117
2163  117  1  1  0  1  120
2164  121  0  0  0  0  121
2165  119  0  0  0  0  119
2166  105  0  13  0  0  118
2167  119  3  0  0  1  123
2168  124  0  1  1  0  126
2169  114  0  12  0  0  126
2170  124  2  0  0  0  126
2171  125  0  0  0  0  125
2172  109  0  16  0  0  125
2173  123  0  2  0  2  127
2174  128  0  0  0  0  128
2175  131  0  0  0  0  131
2176  135  1  0  0  0  136
2177  140  0  0  0  0  140
2178  135  2  0  0  3  140
2179  142  0  0  0  0  142
2180  138  4  0  0  0  142
2181  147  0  0  0  0  147
2182  145  0  0  0  0  145
2183  145  0  0  0  1  146
2184  145  2  1  0  0  148
2185  144  3  0  0  0  147
2186  146  0  0  0  0  146
2187  146  0  0  0  0  146
2188  145  0  0  0  0  145
2189  141  0  0  2  0  143
2190  115  0  0  0  26  141
2191  122  0  0  0  18  140
2192  120  4  17  0  0  141
2193  140  0  0  0  0  140
2194  86  0  55  0  0  141
2195  139  0  0  1  0  140
2196  121  18  0  0  0  139
2197  143  0  0  0  0  143
2198  142  1  0  0  0  143
2199  145  0  0  1  0  146
2200  149  0  0  0  0  149
2201  141  0  11  0  0  152
2202  135  23  0  0  1  159
2203  162  0  1  0  0  163
2204  162  0  0  2  0  164
2205  167  2  0  0  0  169
2206  166  0  0  2  1  169
2207  172  0  0  0  0  172
2208  175  3  0  0  0  178
2209  180  0  0  0  0  180
2210  184  0  0  0  0  184
2211  181  0  0  1  0  182
2212  169  1  10  1  0  181
2213  0  24  0  155  0  179
2214  182  13  0  0  0  195
2215  159  0  38  2  0  199
2216  199  2  2  0  0  203
2217  200  0  0  0  1  201
2218  200  0  0  0  0  200
2219  200  0  1  0  0  201
2220  186  0  0  12  0  198
2221  200  0  0  0  0  200
2222  196  0  0  2  2  200
2223  206  0  3  0  0  209
2224  210  0  0  0  0  210
2225  210  0  1  0  0  211
2226  212  0  0  0  0  212
2227  210  0  0  2  0  212
2228  213  0  0  0  0  213
2229  210  0  0  0  1  211
2230  214  0  0  0  0  214
2231  215  0  0  0  0  215
2232  208  0  6  0  0  214
2233  214  0  1  0  0  215
2234  208  0  0  6  1  215
2235  209  1  6  0  0  216
2236  217  0  0  0  0  217
2237  215  0  0  0  0  215
2238  183  19  11  0  0  213
2239  2  0  1  200  8  211
2240  224  0  0  0  0  224
2241  227  0  1  0  0  228
2242  227  0  0  0  0  227
2243  222  4  0  0  0  226
2244  32  4  184  0  0  220
2245  224  0  0  0  0  224
2246  208  0  16  0  0  224
2247  228  0  0  0  0  228
2248  206  9  11  0  0  226
2249  213  0  0  0  10  223
2250  222  0  0  0  0  222
2251  0  14  0  205  0  219
2252  225  0  0  0  0  225
2253  186  0  0  24  15  225
2254  195  36  0  0  0  231
2255  233  0  0  0  0  233
2256  234  0  0  0  0  234
2257  209  0  26  0  0  235
2258  238  0  0  0  0  238
2259  236  0  0  0  0  236
2260  224  11  0  0  0  235
2261  235  0  0  0  0  235
2262  223  8  0  0  0  231
2263  225  0  0  1  0  226
2264  174  42  10  0  0  226
2265  219  0  0  0  0  219
2266  214  0  5  0  0  219
2267  217  0  0  0  1  218
2268  216  2  0  0  0  218
2269  220  0  0  0  0  220
2270  223  0  0  0  0  223
2271  227  0  0  0  0  227
2272  222  0  1  0  0  223
2273  224  0  0  0  0  224
2274  224  0  0  0  0  224
2275  218  0  4  2  0  224
2276  32  0  0  184  0  216
2277  212  0  0  20  0  232
2278  234  0  0  0  0  234
2279  234  0  0  0  1  235
2280  235  0  1  0  0  236
2281  237  0  0  0  0  237
2282  240  0  0  0  0  240
2283  239  0  0  0  0  239
2284  233  8  0  0  0  241
2285  229  10  0  0  0  239
2286  238  0  0  0  0  238
2287  14  26  0  0  194  234
2288  247  0  0  0  0  247
2289  233  0  0  0  18  251
2290  257  0  0  0  0  257
2291  258  2  0  0  1  261
2292  260  0  0  1  0  261
2293  262  2  1  0  0  265
2294  242  16  5  0  0  263
2295  261  0  2  0  0  263
2296  261  0  0  0  0  261
2297  255  0  0  0  1  256
2298  21  0  0  213  0  234
2299  247  1  0  0  0  248
2300  196  0  29  24  0  249
2301  259  0  0  0  0  259
2302  260  1  0  0  0  261
2303  258  0  1  0  1  260
2304  262  0  0  0  0  262
2305  257  0  1  0  0  258
2306  254  0  0  0  0  254
2307  250  1  1  1  0  253
2308  252  0  0  0  0  252
2309  246  0  0  0  0  246
2310  242  1  0  0  0  243
2311  235  0  0  0  0  235
2312  226  2  0  5  0  233
2313  233  0  0  0  0  233
2314  231  0  0  0  1  232
2315  226  3  0  0  0  229
2316  228  0  0  0  0  228
2317  227  0  1  0  0  228
2318  221  1  0  0  6  228
2319  225  0  0  1  0  226
2320  225  1  0  1  0  227
2321  215  0  0  9  0  224
2322  216  0  0  0  3  219
2323  217  0  0  0  0  217
2324  210  0  0  0  1  211
2325  207  0  0  1  1  209
2326  199  9  0  0  0  208
2327  202  0  2  0  1  205
2328  134  0  0  0  67  201
2329  201  0  0  0  0  201
2330  198  0  0  0  0  198
2331  198  0  0  0  0  198
2332  194  0  0  0  0  194
2333  191  0  0  0  0  191
2334  192  0  0  0  0  192
2335  189  0  0  0  0  189
2336  186  0  0  0  0  186
2337  119  0  44  0  18  181
2338  175  1  6  0  0  182
2339  182  0  0  0  0  182
2340  171  7  3  0  0  181
2341  176  0  1  0  0  177
2342  173  1  0  0  3  177
2343  177  0  0  1  0  178
2344  175  0  0  0  0  175
2345  175  0  0  0  0  175
2346  157  0  16  1  0  174
2347  151  19  0  0  0  170
2348  168  0  0  0  0  168
2349  167  0  0  0  0  167
2350  163  1  0  0  0  164
2351  163  0  0  0  0  163
2352  162  0  0  0  0  162
2353  146  11  1  0  0  158
2354  153  0  5  0  0  158
2355  157  1  0  0  0  158
2356  159  0  0  0  0  159
2357  157  0  0  1  0  158
2358  145  11  1  0  0  157
2359  157  0  0  0  0  157
2360  152  0  0  0  5  157
2361  155  0  0  0  0  155
2362  153  0  0  0  0  153
2363  3  0  2  0  145  150
2364  140  0  11  0  0  151
2365  152  0  0  0  0  152
2366  153  0  0  0  0  153
2367  151  0  0  1  0  152
2368  151  1  0  1  0  153
2369  153  0  0  0  1  154
2370  150  0  0  1  2  153
2371  152  0  0  0  0  152
2372  148  0  0  0  0  148
2373  137  2  5  0  0  144
2374  141  0  0  0  0  141
2375  135  0  0  0  0  135
2376  16  106  0  0  0  122
2377  122  0  0  0  0  122
2378  123  0  0  0  0  123
2379  111  11  1  0  0  123
2380  105  4  10  0  0  119
2381  110  1  0  0  0  111
2382  107  0  0  0  1  108
2383  106  0  0  0  0  106
2384  98  0  0  0  1  99
2385  98  0  0  0  0  98
2386  89  0  0  1  0  90
2387  89  0  1  0  0  90
2388  85  0  5  0  0  90
2389  89  0  0  0  0  89
2390  82  0  0  0  0  82
2391  76  1  0  0  0  77
2392  72  4  0  0  0  76
2393  68  0  2  0  0  70
2394  68  0  0  0  0  68
2395  56  0  0  3  0  59
2396  55  0  2  0  0  57
2397  54  0  0  0  0  54
2398  51  0  0  0  0  51
2399  45  4  0  0  0  49
2400  40  0  6  2  0  48
2401  44  4  0  0  0  48
2402  39  4  2  0  0  45
2403  49  0  0  0  0  49
2404  51  0  0  0  1  52
2405  45  0  0  0  1  46
2406  46  0  0  0  0  46
2407  47  0  0  0  0  47
2408  44  0  0  1  0  45
2409  43  1  0  0  0  44
2410  43  0  1  0  0  44
2411  41  0  1  1  0  43
2412  44  0  1  0  0  45
2413  43  2  0  0  0  45
2414  41  0  3  0  1  45
2415  3  40  0  0  1  44
2416  45  0  0  0  0  45
2417  43  0  3  0  0  46
2418  46  0  0  0  0  46
2419  44  0  3  0  0  47
2420  47  0  0  0  0  47
2421  46  0  0  0  1  47
2422  47  0  0  0  0  47
2423  46  1  0  0  0  47
2424  41  4  2  0  0  47
2425  46  0  0  1  0  47
2426  47  0  0  0  0  47
2427  46  0  2  0  0  48
2428  47  0  0  0  0  47
2429  47  0  0  0  0  47
2430  46  0  0  0  0  46
2431  46  0  0  0  0  46
2432  44  2  0  0  0  46
2433  44  0  0  1  0  45
2434  35  0  0  0  11  46
2435  2  0  2  40  0  44
2436  49  1  0  0  0  50
2437  49  0  1  0  0  50
2438  50  0  0  0  0  50
2439  49  1  0  0  0  50
2440  51  0  0  0  0  51
2441  54  0  0  0  0  54
2442  53  0  0  0  0  53
2443  53  0  0  0  0  53
2444  54  0  0  0  0  54
2445  40  14  0  0  0  54
2446  53  0  3  0  0  56
2447  55  0  0  1  0  56
2448  53  0  0  0  3  56
2449  56  0  0  0  0  56
2450  57  0  0  0  0  57
2451  57  0  0  0  0  57
2452  57  0  0  0  0  57
2453  49  3  7  0  0  59
2454  56  0  3  0  0  59
2455  58  0  0  0  0  58
2456  58  0  0  0  0  58
2457  49  4  3  0  0  56
2458  59  0  0  0  0  59
2459  56  4  0  0  0  60
2460  62  0  0  0  0  62
2461  63  0  0  0  0  63
2462  59  4  0  0  0  63
2463  58  4  0  0  0  62
2464  62  0  0  0  0  62
2465  62  0  0  0  0  62
2466  59  0  2  0  0  61
2467  56  2  2  0  0  60
2468  62  0  0  0  0  62
2469  61  0  0  0  0  61
2470  50  6  5  0  0  61
2471  2  0  0  0  59  61
2472  67  0  0  0  0  67
2473  68  0  0  0  0  68
2474  70  0  0  0  0  70
2475  70  0  0  0  0  70
2476  69  0  0  0  0  69
2477  68  0  0  0  2  70
2478  70  0  0  0  1  71
2479  73  0  0  0  0  73
2480  76  0  0  0  0  76
2481  72  0  5  0  0  77
2482  78  0  0  0  0  78
2483  78  0  0  0  0  78
2484  38  0  0  40  0  78
2485  77  0  0  4  0  81
2486  75  0  4  0  0  79
2487  74  0  0  6  0  80
2488  81  0  0  0  0  81
2489  77  4  0  0  1  82
2490  68  0  12  2  0  82
2491  82  0  0  0  0  82
2492  83  0  0  0  0  83
2493  84  0  0  0  0  84
2494  75  1  0  0  7  83
2495  82  0  0  0  0  82
2496  77  0  0  5  0  82
2497  79  1  2  0  0  82
2498  84  0  0  0  0  84
2499  76  3  5  0  0  84
2500  87  0  0  0  0  87
2501  88  0  0  0  0  88
2502  79  0  0  8  0  87
2503  86  0  0  0  0  86
2504  66  7  7  0  0  80
2505  80  0  0  0  0  80
2506  75  0  2  5  0  82
2507  81  1  0  0  0  82
2508  85  0  0  0  0  85
2509  75  1  6  0  6  88
2510  86  0  6  0  0  92
2511  95  0  0  0  0  95
2512  98  0  0  0  0  98
2513  102  0  0  0  0  102
2514  107  0  0  0  0  107
2515  112  0  0  1  0  113
2516  116  0  0  0  0  116
2517  111  5  10  0  0  126
2518  122  0  9  0  0  131
2519  135  0  0  0  0  135
2520  128  0  0  0  9  137
2521  133  1  9  0  0  143
2522  133  3  11  0  0  147
2523  147  0  0  0  0  147
2524  147  0  0  0  0  147
2525  147  0  0  0  0  147
2526  142  7  0  0  0  149
2527  145  7  0  1  0  153
2528  138  15  0  0  0  153
2529  155  1  0  0  1  157
2530  158  0  0  5  0  163
2531  166  0  0  0  0  166
2532  152  10  0  0  0  162
2533  165  0  0  0  0  165
2534  156  0  0  15  0  171
2535  173  0  0  0  0  173
2536  180  0  0  0  0  180
2537  185  0  0  0  0  185
2538  184  0  3  0  0  187
2539  185  0  0  1  0  186
2540  185  0  0  0  0  185
2541  57  0  0  125  0  182
2542  189  0  2  0  0  191
2543  196  1  0  0  0  197
2544  203  0  0  0  0  203
2545  205  0  0  1  0  206
2546  204  0  9  0  0  213
2547  219  0  0  0  0  219
2548  224  1  0  0  1  226
2549  231  0  0  0  0  231
2550  223  12  0  0  1  236
2551  220  21  0  0  0  241
2552  244  0  0  0  0  244
2553  241  0  2  1  0  244
2554  247  0  0  0  0  247
2555  230  0  0  14  1  245
2556  217  0  29  0  0  246
2557  249  5  0  0  0  254
2558  252  0  0  0  3  255
2559  252  6  0  0  0  258
2560  263  0  0  0  0  263
2561  261  0  0  0  0  261
2562  257  0  5  0  0  262
2563  263  0  0  0  0  263
2564  263  0  0  0  0  263
2565  258  0  0  0  6  264
2566  274  0  0  0  0  274
2567  271  0  1  1  0  273
2568  273  0  0  0  0  273
2569  267  7  0  0  0  274
2570  271  0  0  1  0  272
2571  274  0  0  0  0  274
2572  271  1  0  0  0  272
2573  272  1  0  0  0  273
2574  270  0  2  0  0  272
2575  268  1  0  0  0  269
2576  271  0  0  0  0  271
2577  271  0  0  0  0  271
2578  257  9  0  0  0  266
2579  259  1  0  2  1  263
2580  2  0  0  256  0  258
2581  265  0  1  0  0  266
2582  262  0  0  4  0  266
2583  248  0  0  18  0  266
2584  267  0  0  0  0  267
2585  267  0  0  0  0  267
2586  239  29  0  0  0  268
2587  269  0  0  0  0  269
2588  268  0  0  0  1  269
2589  269  0  0  0  1  270
2590  270  0  0  1  0  271
2591  270  3  0  0  0  273
2592  232  4  1  33  0  270
2593  270  0  0  0  0  270
2594  270  0  0  0  0  270
2595  106  0  0  159  0  265
2596  263  2  0  0  0  265
2597  260  5  0  0  0  265
2598  249  13  0  1  0  263
2599  261  1  1  0  0  263
2600  8  0  0  6  237  251
2601  76  177  0  0  1  254
2602  255  0  0  0  0  255
2603  255  0  0  0  0  255
2604  254  0  0  0  1  255
2605  251  1  0  0  1  253
2606  252  0  0  0  0  252
2607  231  4  2  0  0  237
2608  238  0  0  0  0  238
2609  238  0  0  0  0  238
2610  231  0  7  1  0  239
2611  241  0  3  0  0  244
2612  234  0  0  0  1  235
2613  234  0  0  0  0  234
2614  220  4  6  0  0  230
2615  224  1  0  0  0  225
2616  208  0  0  0  5  213
2617  208  0  3  0  0  211
2618  191  9  0  0  0  200
2619  196  0  0  0  0  196
2620  197  0  0  0  0  197
2621  196  1  0  0  0  197
2622  193  0  0  4  0  197
2623  198  0  0  0  0  198
2624  196  0  0  1  0  197
2625  195  0  0  0  0  195
2626  194  0  0  0  0  194
2627  1  0  0  171  0  172
2628  168  2  3  0  0  173
2629  173  0  0  0  0  173
2630  170  0  0  1  1  172
2631  172  0  0  0  0  172
2632  141  0  27  0  0  168
2633  167  0  0  1  0  168
2634  136  0  0  27  0  163
2635  166  0  0  0  0  166
2636  160  0  13  0  0  173
2637  174  0  0  0  0  174
2638  172  0  0  0  0  172
2639  171  0  0  0  0  171
2640  165  0  0  0  0  165
2641  165  0  0  0  0  165
2642  156  6  0  0  0  162
2643  152  0  1  0  0  153
2644  144  0  0  0  0  144
2645  135  0  1  0  0  136
2646  129  1  1  0  0  131
2647  131  0  0  0  0  131
2648  13  0  0  95  0  108
2649  112  1  0  0  0  113
2650  114  0  0  0  0  114
2651  114  0  0  0  0  114
2652  107  0  6  1  0  114
2653  112  0  0  0  0  112
2654  111  0  1  0  0  112
2655  109  0  0  0  0  109
2656  106  0  0  0  0  106
2657  108  0  0  0  0  108
2658  109  0  0  0  0  109
2659  105  0  0  0  0  105
2660  104  0  0  0  0  104
2661  92  9  0  0  0  101
2662  87  4  7  0  0  98
2663  95  0  0  0  3  98
2664  98  0  0  0  0  98
2665  95  0  0  0  0  95
2666  13  2  30  0  46  91
2667  102  0  0  0  0  102
2668  102  0  0  0  0  102
2669  100  2  0  0  1  103
2670  102  0  0  0  0  102
2671  97  3  0  0  0  100
2672  101  0  0  0  0  101
2673  98  1  2  0  0  101
2674  99  2  0  0  0  101
2675  100  0  0  0  0  100
2676  92  10  0  0  0  102
2677  101  0  0  0  0  101
2678  58  39  0  0  0  97
2679  102  0  1  0  0  103
2680  100  0  1  0  0  101
2681  105  0  0  0  0  105
2682  104  0  0  1  0  105
2683  102  0  4  0  0  106
2684  69  0  0  0  32  101
2685  100  0  0  0  0  100
2686  9  0  88  0  0  97
2687  66  31  0  0  1  98
2688  100  0  0  0  1  101
2689  93  8  1  0  0  102
2690  95  7  1  0  1  104
2691  103  1  0  0  0  104
2692  102  1  1  0  0  104
2693  104  0  0  0  0  104
2694  94  7  0  0  0  101
2695  100  0  0  0  0  100
2696  100  0  0  0  0  100
2697  101  0  0  0  0  101
2698  100  0  0  0  0  100
2699  99  0  0  0  0  99
2700  93  0  4  0  0  97
2701  94  0  3  0  0  97
2702  13  0  0  82  0  95
2703  99  1  0  0  0  100
2704  99  0  0  0  1  100
2705  93  0  7  0  0  100
2706  101  1  0  0  0  102
2707  100  0  0  0  1  101
2708  92  0  8  0  0  100
2709  70  0  0  26  0  96
2710  96  0  0  0  0  96
2711  92  0  4  0  0  96
2712  94  0  0  0  0  94
2713  91  0  3  0  0  94
2714  93  2  0  0  0  95
2715  48  45  2  0  0  95
2716  95  0  0  0  0  95
2717  96  1  0  0  0  97
2718  98  0  0  0  0  98
2719  99  0  0  0  0  99
2720  98  0  0  0  0  98
2721  88  7  0  0  0  95
2722  88  4  3  0  0  95
2723  93  1  1  0  0  95
2724  96  0  0  0  0  96
2725  95  0  0  0  0  95
2726  68  21  0  0  3  93
2727  68  0  0  5  19  92
2728  77  0  0  0  14  91
2729  93  0  0  0  0  93
2730  90  1  1  0  0  92
2731  89  3  0  0  0  92
2732  92  0  0  0  0  92
2733  83  7  3  0  0  93
2734  79  8  3  0  1  91
2735  91  0  0  0  0  91
2736  90  0  0  0  1  91
2737  89  0  2  0  0  91
2738  78  12  0  0  0  90
2739  87  3  0  0  0  90
2740  90  0  0  0  0  90
2741  89  0  0  0  0  89
2742  87  3  0  0  0  90
2743  87  0  0  1  0  88
2744  87  0  0  0  0  87
2745  85  0  0  0  1  86
2746  84  0  1  0  0  85
2747  85  0  0  1  0  86
2748  81  0  1  1  0  83
2749  80  0  0  2  0  82
2750  81  0  1  0  0  82
2751  77  4  0  0  0  81
2752  81  0  0  0  0  81
2753  79  1  0  0  0  80
2754  78  0  0  0  0  78
2755  76  0  0  0  0  76
2756  64  3  7  0  0  74
2757  73  0  0  0  0  73
2758  73  0  0  0  0  73
2759  72  0  0  0  1  73
2760  68  0  5  0  0  73
2761  71  0  0  0  0  71
2762  71  0  0  0  0  71
2763  69  0  0  0  0  69
2764  66  0  0  0  0  66
2765  65  0  0  0  0  65
2766  61  1  0  0  0  62
2767  58  0  0  0  0  58
2768  58  0  0  0  0  58
2769  57  0  0  1  0  58
2770  58  0  0  0  0  58
2771  57  0  0  0  0  57
2772  54  0  0  0  1  55
2773  52  1  0  0  0  53
2774  53  0  0  0  0  53
2775  51  0  0  0  0  51
2776  47  0  0  0  0  47
2777  47  0  0  0  0  47
2778  45  0  0  0  0  45
2779  43  0  0  0  0  43
2780  40  1  1  0  0  42
2781  34  2  0  0  1  37
2782  35  0  1  0  0  36
2783  34  0  0  0  0  34
2784  34  0  0  0  0  34
2785  31  2  0  0  0  33
2786  33  0  0  0  0  33
2787  33  0  0  0  0  33
2788  27  0  0  0  0  27
2789  25  0  0  0  0  25
2790  25  0  0  0  0  25
2791  0  0  0  0  0  0
2792  0  0  0  0  0  0
2793  0  0  0  0  0  0
2794  0  0  0  0  0  0
2795  0  0  0  0  0  0
2796  0  0  0  0  0  0
2797  0  0  0  0  0  0
2798  0  0  0  0  0  0
2799  0  0  0  0  0  0
2800  0  0  0  0  0  0
2801  0  0  0  0  0  0
2802  0  0  0  0  0  0
2803  0  0  0  0  0  0
2804  0  0  0  0  0  0
2805  0  0  0  0  0  0
2806  0  0  0  0  0  0
2807  0  0  0  0  0  0
2808  0  0  0  0  0  0
2809  0  0  0  0  0  0
2810  0  0  0  0  0  0
2811  0  0  0  0  0  0
2812  0  0  0  0  0  0
2813  0  0  0  0  0  0
2814  0  0  0  0  0  0
2815  0  0  0  0  0  0
2816  0  0  0  0  0  0
2817  0  0  0  0  0  0
2818  0  0  0  0  0  0
2819  0  0  0  0  0  0
2820  0  0  0  0  0  0
2821  0  0  0  0  0  0
2822  0  0  0  0  0  0
2823  0  0  0  0  0  0
2824  0  0  0  0  0  0
