Position	CountMatch	CountA	CountT	CountG	CountC	Depth
1  100  0  0  0  0  100
2  116  0  0  0  0  116
3  123  0  0  0  0  123
4  122  0  0  0  1  123
5  123  3  0  0  0  126
6  128  0  0  2  0  130
7  130  0  0  3  0  133
8  138  0  0  0  0  138
9  137  1  0  0  0  138
10  138  0  0  0  0  138
11  130  8  0  0  0  138
12  100  10  0  6  23  139
13  88  8  0  0  44  140
14  136  1  9  0  1  147
15  146  0  0  1  3  150
16  149  0  0  0  3  152
17  153  0  2  0  0  155
18  149  6  0  1  0  156
19  143  1  1  11  0  156
20  156  0  0  0  0  156
21  157  0  0  3  0  160
22  160  0  0  0  0  160
23  156  3  1  0  0  160
24  144  7  10  0  0  161
25  139  24  0  0  3  166
26  171  0  3  0  0  174
27  180  0  0  0  1  181
28  181  0  0  0  2  183
29  184  0  0  0  0  184
30  182  0  2  0  0  184
31  165  0  16  2  0  183
32  152  0  0  0  31  183
33  180  0  4  1  0  185
34  156  6  14  12  0  188
35  178  1  9  0  0  188
36  190  0  0  0  0  190
37  172  0  20  0  0  192
38  179  15  0  0  3  197
39  197  0  0  0  0  197
40  194  0  0  1  2  197
41  193  3  2  0  0  198
42  182  13  0  0  0  195
43  159  25  11  0  1  196
44  170  8  19  1  0  198
45  180  9  11  0  0  200
46  129  0  3  69  0  201
47  211  0  0  0  0  211
48  207  0  3  0  0  210
49  187  11  4  0  10  212
50  184  33  1  0  0  218
51  191  0  24  1  1  217
52  214  0  8  0  0  222
53  202  0  0  9  11  222
54  220  0  0  0  6  226
55  222  0  3  2  0  227
56  223  2  0  1  0  226
57  208  0  5  9  0  222
58  176  17  29  0  1  223
59  218  7  0  2  0  227
60  228  0  0  0  0  228
61  226  0  0  0  1  227
62  228  0  0  0  0  228
63  218  0  0  9  0  227
64  190  1  29  7  0  227
65  201  26  0  0  1  228
66  227  0  0  0  0  227
67  229  0  0  0  0  229
68  228  0  0  0  0  228
69  228  0  0  0  0  228
70  224  1  0  0  3  228
71  212  1  12  0  0  225
72  175  39  5  0  0  219
73  114  0  7  87  7  215
74  211  3  0  15  0  229
75  231  0  0  0  0  231
76  234  0  0  1  0  235
77  227  5  0  0  2  234
78  230  2  0  1  0  233
79  120  81  27  0  2  230
80  233  0  0  3  2  238
81  213  11  19  0  0  243
82  227  10  10  0  0  247
83  249  0  0  0  0  249
84  250  0  0  0  0  250
85  249  0  7  1  0  257
86  235  7  0  9  6  257
87  254  0  0  5  0  259
88  261  0  0  0  0  261
89  251  0  6  1  0  258
90  229  14  16  0  0  259
91  257  3  0  0  1  261
92  228  28  0  0  0  256
93  125  24  0  3  96  248
94  247  0  0  0  9  256
95  258  0  0  0  0  258
96  252  0  6  0  0  258
97  241  0  14  3  0  258
98  258  1  0  0  0  259
99  251  9  0  1  0  261
100  261  0  1  0  0  262
101  261  0  0  0  1  262
102  259  0  3  0  0  262
103  254  0  8  2  0  264
104  243  1  6  0  12  262
105  237  22  1  0  2  262
106  263  0  0  0  0  263
107  262  0  0  2  0  264
108  265  0  0  0  0  265
109  268  0  0  0  0  268
110  262  0  0  0  5  267
111  230  0  11  13  3  257
112  122  1  0  14  119  256
113  197  47  3  0  9  256
114  250  0  0  8  0  258
115  253  0  6  0  5  264
116  244  0  22  0  0  266
117  246  3  1  0  16  266
118  266  0  0  1  0  267
119  209  15  36  5  0  265
120  261  0  1  0  10  272
121  272  0  0  0  0  272
122  269  0  0  0  2  271
123  258  9  0  0  4  271
124  229  25  15  0  0  269
125  239  4  21  0  2  266
126  248  16  1  0  2  267
127  266  0  0  0  0  266
128  233  10  21  1  0  265
129  268  0  0  1  0  269
130  266  0  1  1  0  268
131  261  0  4  0  0  265
132  228  3  20  0  13  264
133  148  109  4  0  0  261
134  199  38  28  0  0  265
135  269  0  0  1  0  270
136  264  4  0  0  2  270
137  257  16  0  0  0  273
138  255  1  23  0  0  279
139  242  12  24  0  0  278
140  181  93  1  0  0  275
141  276  1  0  0  1  278
142  193  3  0  82  0  278
143  278  0  0  0  2  280
144  274  0  0  3  1  278
145  234  3  39  2  0  278
146  260  13  4  0  0  277
147  244  16  15  0  0  275
148  254  0  20  0  0  274
149  143  108  17  0  4  272
150  254  17  0  0  0  271
151  261  0  9  0  0  270
152  119  8  0  135  7  269
153  257  0  5  0  10  272
154  271  0  0  0  0  271
155  236  34  1  0  0  271
156  268  0  0  0  4  272
157  262  2  10  0  0  274
158  185  0  1  78  11  275
159  264  0  0  17  3  284
160  288  0  0  5  0  293
161  295  0  0  0  1  296
162  297  0  0  0  1  298
163  297  0  0  1  0  298
164  280  0  10  8  0  298
165  280  1  0  0  18  299
166  293  0  0  10  0  303
167  302  0  1  1  0  304
168  281  0  17  0  4  302
169  257  28  16  1  0  302
170  295  0  4  4  0  303
171  291  0  7  0  3  301
172  249  32  19  0  0  300
173  287  12  0  0  3  302
174  280  23  0  0  0  303
175  302  1  0  0  0  303
176  274  0  14  11  0  299
177  287  0  10  2  0  299
178  281  0  0  16  3  300
179  258  0  32  0  8  298
180  245  0  20  1  24  290
181  275  0  11  4  1  291
182  256  0  13  19  0  288
183  222  9  53  0  0  284
184  287  0  1  0  0  288
185  262  0  0  21  0  283
186  279  3  0  0  3  285
187  251  6  24  0  0  281
188  244  19  12  0  1  276
189  267  1  7  0  0  275
190  196  1  79  1  0  277
191  255  11  16  0  0  282
192  236  2  42  1  0  281
193  203  58  20  3  0  284
194  289  0  1  1  0  291
195  261  0  2  28  0  291
196  291  0  1  0  1  293
197  274  0  15  2  0  291
198  281  7  6  0  0  294
199  297  0  0  0  0  297
200  294  1  0  1  1  297
201  296  1  1  0  0  298
202  277  13  0  6  0  296
203  286  2  0  0  8  296
204  276  11  12  1  0  300
205  251  45  2  0  2  300
206  302  0  3  0  0  305
207  288  9  2  0  7  306
208  278  31  0  0  0  309
209  310  0  2  2  0  314
210  316  0  0  1  0  317
211  293  0  24  0  1  318
212  322  0  2  0  0  324
213  322  0  0  1  0  323
214  322  0  0  1  0  323
215  265  41  4  1  0  311
216  294  0  0  4  13  311
217  312  0  1  1  0  314
218  279  15  23  1  0  318
219  306  10  3  0  0  319
220  281  24  10  0  0  315
221  185  13  115  2  0  315
222  299  7  13  0  0  319
223  314  0  6  6  0  326
224  328  1  0  1  0  330
225  334  0  0  0  0  334
226  333  1  0  0  0  334
227  281  12  2  0  28  323
228  324  0  0  0  0  324
229  323  0  2  0  1  326
230  318  6  2  0  1  327
231  330  0  0  0  2  332
232  334  0  0  0  1  335
233  330  6  0  0  0  336
234  299  1  24  10  0  334
235  316  0  2  0  11  329
236  265  8  51  8  0  332
237  321  9  2  0  4  336
238  333  0  0  0  0  333
239  331  0  0  0  1  332
240  328  0  1  1  0  330
241  243  85  0  1  0  329
242  265  36  11  0  17  329
243  325  1  0  2  1  329
244  271  18  37  0  1  327
245  324  0  3  1  2  330
246  294  22  10  4  0  330
247  328  4  0  0  0  332
248  313  4  0  1  14  332
249  330  4  0  0  3  337
250  327  0  9  1  0  337
251  316  0  21  4  0  341
252  332  0  2  4  0  338
253  297  4  12  0  19  332
254  272  31  20  0  1  324
255  255  12  21  0  35  323
256  297  15  14  0  0  326
257  321  3  0  0  1  325
258  319  0  0  8  1  328
259  297  11  15  4  0  327
260  324  0  0  1  1  326
261  325  0  0  1  0  326
262  313  1  1  0  10  325
263  325  1  0  0  0  326
264  314  10  0  0  0  324
265  321  0  0  1  0  322
266  320  0  0  0  0  320
267  311  0  4  0  0  315
268  312  0  0  1  1  314
269  312  0  0  0  1  313
270  313  0  0  0  0  313
271  300  9  0  0  0  309
272  212  48  46  0  0  305
273  303  0  0  1  0  304
274  303  0  0  0  1  304
275  265  12  25  0  0  302
276  300  0  0  1  0  301
277  272  28  0  0  1  301
278  264  0  33  4  0  301
279  295  0  2  1  0  298
280  288  0  8  0  0  296
281  281  0  2  8  1  292
282  265  6  16  1  0  288
283  228  58  0  0  0  286
284  280  4  3  0  0  287
285  285  0  0  0  0  285
286  173  12  95  4  0  284
287  261  0  20  1  0  282
288  274  1  0  0  7  282
289  275  0  3  1  0  279
290  276  0  2  0  0  278
291  268  0  7  0  0  275
292  270  0  0  2  1  273
293  239  2  29  0  0  270
294  234  20  9  0  1  264
295  220  2  36  0  0  258
296  241  16  0  0  0  257
297  241  1  11  0  0  253
298  247  0  0  0  1  248
299  229  13  0  1  4  247
300  235  2  8  0  0  245
301  220  4  17  0  0  241
302  213  10  9  0  3  235
303  226  0  4  0  0  230
304  221  0  0  8  0  229
305  218  0  9  0  0  227
306  221  0  0  0  1  222
307  192  14  13  0  0  219
308  170  5  37  1  0  213
309  207  1  0  0  0  208
310  205  0  0  0  0  205
311  198  0  0  1  2  201
312  171  17  1  4  0  193
313  172  14  2  0  0  188
314  183  0  1  0  1  185
315  170  13  1  0  0  184
316  148  2  25  0  0  175
317  161  0  7  1  0  169
318  114  30  5  0  0  149
319  144  0  1  0  1  146
320  140  4  0  0  0  144
321  134  9  0  0  0  143
322  142  0  0  0  0  142
323  141  0  0  0  0  141
324  136  0  0  0  0  136
325  86  0  0  0  1  87
326  87  0  0  0  0  87
327  68  0  3  0  0  71
328  62  0  0  6  0  68
329  65  0  0  0  0  65
330  63  0  0  0  0  63
331  59  0  0  0  0  59
332  29  0  0  0  0  29
333  0  0  0  0  0  0
334  0  0  0  0  0  0
335  0  0  0  0  0  0
336  0  0  0  0  0  0
