Position	CountMatch	CountA	CountT	CountG	CountC	Depth
1  6332  0  0  0  0  6309
2  6569  0  0  0  0  6570
3  6823  30  6  0  3  6862
4  7311  17  29  0  5  7360
5  6465  0  14  944  42  7465
6  7552  184  160  27  0  7919
7  7123  0  925  128  44  8220
8  7522  702  106  0  135  8465
9  8420  64  177  32  0  8693
10  8618  0  98  26  30  8772
11  8501  170  168  20  0  8858
12  7836  0  52  1015  37  8941
13  8578  273  210  60  0  9122
14  8956  0  191  41  11  9199
15  8580  116  567  25  0  9288
16  8241  863  227  0  67  9398
17  8850  572  32  0  40  9494
18  9457  50  0  7  27  9541
19  8920  78  497  72  0  9567
20  8824  645  72  0  39  9580
21  4333  5185  58  0  14  9590
22  9562  0  94  69  49  9774
23  8898  75  783  81  0  9837
24  8295  1132  459  0  16  9902
25  9801  0  51  83  8  9943
26  9087  101  721  44  0  9953
27  9084  744  86  0  42  9956
28  9896  39  0  9  12  9956
29  8974  124  799  37  0  9934
30  8824  915  103  0  68  9910
31  9470  309  57  0  56  9892
32  9462  290  58  0  45  9855
33  9250  139  355  73  0  9817
34  8910  768  94  0  11  9783
35  9612  65  0  46  26  9749
36  9510  51  134  0  26  9722
37  8896  715  50  0  15  9676
38  8913  389  229  70  0  9601
39  9389  0  71  58  16  9534
40  9350  68  0  8  51  9477
41  8595  172  521  0  32  9320
42  5203  3480  169  88  0  8940
43  8546  126  232  10  0  8914
44  8765  0  26  33  11  8835
45  8745  9  0  19  25  8798
46  8504  36  117  6  0  8663
47  8301  0  33  7  70  8411
48  4239  105  0  24  2786  7154
49  6263  446  273  13  0  6995
50  6373  183  77  0  27  6660
51  6461  1  30  3  0  6495
52  6149  2  6  1  0  6159
53  2615  0  0  0  0  2615
