Position	CountMatch	CountA	CountT	CountG	CountC	Depth
1  2187  0  0  0  0  2159
2  3024  0  0  0  0  3011
3  3396  3  0  4  35  3432
4  5451  14  15  10  0  5454
5  5553  47  55  13  0  5660
6  5893  0  61  9  9  5961
7  5973  0  37  16  12  6038
8  4095  0  108  1828  42  6073
9  6117  73  73  0  33  6293
10  6221  85  72  0  7  6382
11  5607  157  614  26  0  6404
12  5625  256  595  0  21  6497
13  3223  3253  45  0  31  6552
14  7228  64  0  21  30  7340
15  7326  98  63  0  15  7499
16  7518  0  17  35  11  7581
17  7498  70  0  16  25  7609
18  7370  140  128  0  20  7657
19  5475  109  2080  0  26  7690
20  7424  216  98  31  0  7769
21  7732  0  39  16  24  7810
22  7702  113  0  12  13  7840
23  7569  141  144  0  26  7880
24  6874  43  964  26  0  7907
25  7592  189  102  44  0  7927
26  7877  0  34  4  26  7941
27  7392  57  477  17  0  7943
28  7426  347  99  0  74  7946
29  7798  48  72  24  0  7942
30  7592  65  246  36  0  7939
31  6795  117  988  23  0  7923
32  7168  641  67  0  35  7911
33  7838  0  17  21  20  7896
34  7363  46  461  22  0  7892
35  7446  330  58  0  29  7863
36  7731  46  0  6  34  7817
37  6825  187  666  48  0  7726
38  7150  375  112  0  36  7673
39  7421  45  0  11  141  7618
40  6435  33  0  20  1053  7541
41  6699  105  582  81  0  7467
42  6819  371  125  0  55  7370
43  7237  0  8  30  9  7284
44  6587  24  558  47  0  7216
45  6446  85  487  88  0  7106
46  6413  448  99  0  24  6984
47  6795  58  0  17  30  6900
48  6375  114  238  0  38  6765
49  6255  22  0  18  289  6584
50  5982  56  348  0  19  6405
51  6238  13  0  6  4  6261
52  6028  0  1  0  0  6029
53  5229  0  0  0  0  5229
