Position	CountMatch	CountA	CountT	CountG	CountC	Depth
1  1416  0  0  0  0  1355
2  1672  0  0  0  0  1671
3  2022  0  0  3  8  2020
4  2005  41  60  15  0  2120
5  2091  10  73  4  0  2177
6  2166  38  10  0  4  2218
7  1323  885  15  0  20  2243
8  2367  26  37  449  0  2864
9  3046  20  26  8  0  3090
10  3048  39  78  6  0  3171
11  3278  0  29  8  10  3324
12  3339  8  0  4  8  3359
13  3401  10  0  11  4  3426
14  3376  43  0  50  6  3475
15  2884  106  548  0  17  3555
16  3375  122  29  0  56  3582
17  3576  0  16  14  4  3610
18  1877  1713  22  0  32  3644
19  3839  47  88  0  1  3975
20  3956  25  65  0  4  4050
21  4035  27  0  34  12  4108
22  3977  92  98  26  0  4193
23  4260  0  9  20  18  4307
24  4312  0  21  21  10  4364
25  4325  0  29  17  24  4395
26  4119  73  240  54  0  4486
27  4370  353  23  0  7  4753
28  4787  0  50  7  6  4850
29  4662  72  163  0  30  4926
30  4886  39  118  26  0  5069
31  4855  68  218  15  0  5156
32  4851  51  245  75  0  5222
33  4824  55  411  25  0  5315
34  4859  433  63  0  40  5395
35  5338  0  101  87  9  5535
36  5563  0  36  18  4  5621
37  5516  98  43  0  20  5677
38  5221  77  452  25  0  5775
39  5479  269  70  0  39  5857
40  5616  0  51  42  197  5906
41  5792  121  58  0  30  6001
42  5914  63  97  11  0  6085
43  6034  0  69  25  10  6138
44  6053  49  0  24  42  6168
45  6042  0  69  23  26  6160
46  5908  110  137  26  0  6181
47  3400  222  119  0  2419  6160
48  6145  37  175  18  0  6375
49  6189  23  167  25  0  6404
50  6179  68  0  7  177  6431
51  6040  138  362  20  0  6560
52  6476  0  71  32  47  6626
53  6559  54  0  14  26  6653
54  6633  33  0  12  12  6690
55  6611  57  0  12  16  6696
56  5643  120  857  46  0  6666
57  5991  605  54  0  40  6690
58  6571  0  43  57  23  6694
59  5162  102  1422  29  0  6715
60  6364  407  79  0  7  6857
61  6854  0  42  12  13  6921
62  6888  61  0  1  15  6965
63  6915  83  0  22  15  7035
64  7042  30  0  7  16  7095
65  7010  26  0  14  47  7097
66  6306  40  690  29  0  7065
67  6221  681  96  0  56  7054
68  6980  39  0  34  28  7081
69  6681  287  111  0  19  7098
70  6879  123  0  17  78  7097
71  6909  67  159  0  33  7168
72  6912  76  108  68  0  7164
73  6861  227  0  28  79  7195
74  7142  0  34  47  28  7251
75  6984  151  0  8  118  7261
76  6442  0  704  66  10  7222
77  6886  251  92  0  48  7277
78  6716  229  219  115  0  7279
79  7171  0  52  36  10  7269
80  5069  1975  161  38  0  7243
81  7149  0  100  46  30  7325
82  6995  89  279  30  0  7393
83  6805  228  315  91  0  7439
84  7311  0  97  35  46  7489
85  7357  103  0  42  45  7547
86  7514  70  0  22  35  7641
87  7573  76  0  7  28  7684
88  7576  67  0  16  31  7690
89  7622  34  0  10  21  7687
90  7379  104  0  57  89  7629
91  7029  267  202  0  18  7516
92  7168  214  74  0  24  7480
93  6930  330  155  0  43  7458
94  7268  77  0  63  24  7432
95  6972  225  221  0  18  7436
96  7364  0  12  26  8  7410
97  7293  43  0  19  33  7388
98  6714  90  493  31  0  7328
99  6155  212  624  294  0  7285
100  5522  1583  126  0  26  7257
101  6624  437  155  0  83  7299
102  7194  0  55  37  28  7314
103  7173  84  0  9  53  7319
104  7252  36  0  16  23  7327
105  6407  247  562  56  0  7272
106  6222  203  759  45  0  7229
107  6291  779  111  0  6  7187
108  7024  0  53  58  31  7166
109  6309  114  703  54  0  7180
110  6560  553  79  0  34  7226
111  7011  157  0  20  25  7213
112  6559  383  269  47  0  7258
113  7169  0  68  51  37  7325
114  7229  0  46  58  11  7344
115  7245  0  47  37  27  7356
116  7277  0  22  21  16  7336
117  7125  0  82  36  21  7264
118  7053  105  0  37  27  7222
119  6597  321  225  0  27  7168
120  6727  153  234  22  0  7136
121  6326  445  260  70  0  7098
122  6995  0  59  19  30  7100
123  6957  0  89  5  26  7076
124  6449  0  512  31  31  7023
125  6425  386  0  50  85  6944
126  6022  372  0  448  53  6891
127  6508  288  0  61  15  6869
128  6106  137  0  547  22  6812
129  6696  67  0  27  16  6800
130  6627  33  0  23  43  6726
131  4066  76  2166  152  0  6458
132  5297  808  287  0  59  6450
133  6343  67  0  31  36  6473
134  6116  232  85  0  37  6470
135  6180  166  46  0  53  6443
136  6222  0  96  34  8  6360
137  5799  127  384  37  0  6347
138  5553  634  68  0  37  6290
139  6135  45  0  18  43  6241
140  5833  82  307  16  0  6234
141  5233  113  819  24  0  6189
142  5090  487  453  0  60  6088
143  5941  47  0  14  64  6066
144  5769  92  164  41  0  6062
145  5897  0  88  22  37  6041
146  5810  0  80  39  16  5944
147  5639  82  112  0  66  5898
148  5725  0  64  31  39  5859
149  5621  87  150  19  0  5869
150  5281  197  79  245  0  5802
151  5597  82  0  20  24  5722
152  5599  24  0  15  52  5687
153  4856  112  554  0  64  5586
154  5328  65  0  52  49  5494
155  4922  256  188  59  0  5425
156  5110  153  0  51  31  5345
157  5118  0  91  30  5  5244
158  5143  16  0  10  30  5199
159  4842  80  151  0  23  5096
160  4795  101  84  20  0  5000
161  4854  0  14  23  12  4903
162  4730  43  0  58  12  4843
163  3614  0  113  59  790  4576
164  4026  72  352  78  0  4528
165  4157  236  50  0  23  4466
166  4132  202  41  0  29  4404
167  4234  23  0  19  40  4316
168  4213  9  0  6  26  4254
169  3735  122  262  0  20  4139
170  3626  56  327  0  27  4036
171  3701  119  101  14  0  3935
172  3733  59  69  5  0  3866
173  3272  0  28  25  425  3750
174  3673  12  0  13  4  3702
175  3506  63  29  7  0  3605
176  3450  0  3  10  11  3474
177  3156  50  116  21  0  3343
178  2818  228  18  0  6  3070
179  2822  14  16  0  5  2857
180  2310  9  3  0  0  2322
181  1814  0  0  0  0  1814
182  0  0  0  0  0  0
183  0  0  0  0  0  0
