Position	CountMatch	CountA	CountT	CountG	CountC	Depth
1  3262  0  0  0  0  3213
2  4503  0  0  0  0  4488
3  5023  1  0  1  36  5053
4  7947  11  49  112  0  8056
5  8163  64  55  18  0  8297
6  8632  0  53  9  11  8690
7  8712  0  49  17  2  8779
8  5791  0  203  2797  54  8843
9  8863  141  124  0  33  9160
10  9096  115  49  0  8  9266
11  8070  321  892  37  0  9319
12  8228  481  719  0  30  9458
13  4797  4640  61  0  26  9524
14  10622  19  0  75  39  10747
15  10670  166  127  0  23  10986
16  11046  0  38  60  22  11166
17  11099  58  0  18  58  11233
18  10844  221  211  0  56  11332
19  8303  210  2881  0  34  11427
20  10983  384  125  89  0  11581
21  11595  0  45  9  17  11666
22  11529  113  0  27  30  11699
23  11455  138  127  0  37  11757
24  10288  53  1417  35  0  11793
25  11463  218  116  33  0  11830
26  11746  0  44  58  16  11864
27  10995  184  663  25  0  11867
28  11075  566  124  0  102  11867
29  11664  40  139  21  0  11864
30  11217  89  522  34  0  11862
31  10326  139  1363  26  0  11854
32  10897  818  92  0  25  11832
33  11733  0  19  25  16  11793
34  11103  47  577  56  0  11783
35  10933  631  102  0  49  11715
36  11399  54  0  25  151  11629
37  10342  235  817  21  0  11415
38  10534  574  108  0  93  11309
39  11080  45  0  26  94  11245
40  9659  47  0  13  1347  11066
41  9792  82  1028  68  0  10970
42  9623  514  589  0  78  10804
43  10630  0  18  34  6  10688
44  9461  37  1012  56  0  10566
45  9496  98  737  63  0  10394
46  9341  661  158  0  41  10201
47  9938  77  0  9  45  10069
48  8987  173  545  0  73  9778
49  9196  19  0  20  295  9530
50  8544  69  511  0  16  9140
51  8886  21  0  6  1  8914
52  8519  5  1  0  2  8527
53  7522  0  0  0  0  7522
