Position	CountMatch	CountA	CountT	CountG	CountC	Depth
1  1450  0  0  0  0  1393
2  1445  0  0  0  0  1444
3  1519  2  0  3  12  1535
4  2328  13  0  4  7  2341
5  2341  5  48  13  0  2407
6  2134  284  44  2  0  2464
7  2729  0  18  2  7  2755
8  2814  0  4  2  5  2825
9  2832  0  14  3  9  2858
10  2792  27  0  49  11  2879
11  2694  150  74  0  18  2936
12  2817  72  63  0  15  2967
13  2668  55  30  0  240  2993
14  2114  18  0  22  852  3006
15  2880  18  196  14  0  3108
16  2660  451  26  0  17  3154
17  2811  206  171  0  22  3210
18  3237  0  5  16  27  3285
19  2579  579  78  89  0  3325
20  3167  0  50  363  8  3588
21  3093  0  38  518  0  3649
22  3155  83  576  0  15  3829
23  3695  112  103  40  0  3950
24  3566  82  391  19  0  4058
25  3928  203  86  0  28  4245
26  4253  22  0  34  20  4329
27  4278  41  103  0  7  4429
28  4466  0  22  7  14  4509
29  3984  44  0  490  29  4547
30  4474  83  101  0  6  4664
31  4431  131  146  0  18  4726
32  4305  393  88  31  0  4817
33  4413  333  131  32  0  4909
34  4947  0  12  30  16  5005
35  4965  0  28  45  19  5057
36  4818  58  234  32  0  5142
37  4825  59  286  23  0  5193
38  4640  420  87  0  92  5239
39  4183  129  0  901  67  5280
40  5416  0  43  17  58  5534
41  5544  13  0  13  23  5593
42  5439  105  104  0  27  5675
43  5436  189  95  27  0  5747
44  5753  0  17  39  13  5822
45  5708  106  0  5  38  5857
46  5632  0  174  33  64  5903
47  5437  210  273  0  62  5982
48  5863  0  80  48  54  6045
49  5344  592  119  60  0  6115
50  6081  0  26  60  17  6184
51  6020  0  86  27  20  6153
52  5651  89  229  0  241  6210
53  5969  178  105  0  18  6270
54  6073  72  0  40  40  6225
55  5983  116  86  64  0  6249
56  6130  92  0  18  46  6286
57  6211  91  0  36  25  6363
58  6055  158  104  0  48  6365
59  6208  0  50  67  14  6339
60  5301  478  497  65  0  6341
61  5439  838  116  0  23  6416
62  6019  324  84  0  17  6444
63  6316  0  48  45  18  6427
64  5705  72  653  33  0  6463
65  5938  398  136  0  40  6512
66  6369  101  0  9  37  6516
67  6312  46  168  56  0  6582
68  6226  86  236  36  0  6584
69  6426  0  67  38  31  6562
70  5448  243  784  59  0  6534
71  4063  2199  116  0  148  6526
72  6718  0  38  36  19  6811
73  6768  0  62  22  32  6884
74  6214  0  134  23  528  6899
75  6584  0  295  18  60  6957
76  6099  0  371  53  448  6971
77  6496  0  389  91  46  7022
78  6454  582  0  30  34  7100
79  7036  87  0  27  6  7156
80  7072  53  0  30  19  7174
81  6374  289  453  0  51  7167
82  6797  245  151  0  23  7216
83  6662  229  335  26  0  7252
84  7142  0  102  27  38  7309
85  7201  87  0  22  39  7349
86  7362  20  0  17  24  7423
87  7330  46  0  27  40  7443
88  7303  54  0  15  55  7427
89  7245  74  0  38  48  7405
90  6621  290  368  0  52  7331
91  7076  0  173  24  14  7287
92  6611  79  578  33  0  7301
93  6382  706  110  0  66  7264
94  7106  53  0  32  58  7249
95  6345  113  805  6  0  7269
96  6285  773  203  0  46  7307
97  6470  571  259  0  56  7356
98  7335  0  39  22  16  7412
99  7251  0  87  56  9  7403
100  7283  55  0  28  36  7402
101  6678  170  451  92  0  7391
102  5569  129  1627  27  0  7352
103  6267  635  211  0  278  7391
104  6813  503  87  0  36  7439
105  7415  0  45  32  20  7512
106  7482  14  0  8  29  7533
107  7104  220  223  18  0  7565
108  7409  0  65  27  61  7562
109  7039  157  344  46  0  7586
110  7272  84  229  29  0  7614
111  7148  223  265  14  0  7650
112  7505  0  105  95  60  7764
113  7757  0  36  28  9  7830
114  7701  0  77  36  20  7834
115  7701  0  84  34  10  7829
116  7655  0  79  32  23  7789
117  7498  0  109  45  45  7697
118  7460  96  0  46  38  7639
119  6949  310  247  0  92  7594
120  7131  294  85  0  32  7541
121  7314  80  0  30  44  7466
122  4925  160  2271  0  37  7391
123  7315  57  0  10  37  7419
124  6786  260  244  0  137  7425
125  7035  99  260  45  0  7438
126  6649  657  0  12  75  7390
127  7163  0  152  118  9  7436
128  7317  33  0  31  47  7427
129  7034  0  240  82  33  7383
130  7094  106  77  0  73  7348
131  7074  173  70  37  0  7353
132  7030  0  154  80  15  7277
133  6833  111  306  20  0  7269
134  7129  0  49  30  35  7241
135  6307  98  757  56  0  7218
136  6437  721  37  0  33  7226
137  7179  0  23  45  17  7259
138  7196  0  31  21  5  7251
139  7058  0  91  14  33  7195
140  7017  0  66  17  1  7100
141  6986  41  0  14  12  7053
142  6442  81  458  8  0  6988
143  5207  1495  120  0  32  6852
144  6679  57  0  20  53  6809
145  6039  56  642  50  0  6785
146  5694  858  126  0  50  6728
147  6640  0  57  18  9  6723
148  6639  0  35  14  12  6699
149  6530  0  65  28  13  6636
150  6457  66  0  44  26  6593
151  5973  360  151  0  17  6501
152  6087  0  83  189  6  6365
153  6071  205  24  0  27  6327
154  6044  195  32  0  15  6286
155  3248  101  232  0  2526  6107
156  5751  150  115  0  19  6035
157  5817  67  0  31  26  5941
158  5806  0  41  41  22  5910
159  5768  70  0  10  28  5876
160  5631  92  65  0  10  5798
161  5485  57  129  37  0  5708
162  5283  54  0  213  43  5593
163  5108  93  277  37  0  5515
164  4855  469  74  0  24  5422
165  5161  50  97  16  0  5324
166  5221  31  0  2  17  5271
167  4981  103  0  6  78  5168
168  4470  62  427  48  0  5007
169  4410  403  69  0  23  4905
170  4421  270  64  0  51  4806
171  4455  174  76  0  23  4728
172  4423  129  48  0  29  4629
173  4214  158  69  35  0  4476
174  4326  56  0  4  6  4392
175  3883  15  366  16  0  4280
176  3693  197  61  0  45  3996
177  3836  22  0  21  11  3890
178  3816  14  0  14  9  3853
179  3733  0  0  7  4  3744
180  3409  9  6  0  2  3426
181  3292  0  0  0  0  3292
182  0  0  0  0  0  0
183  0  0  0  0  0  0
