Position	CountMatch	CountA	CountT	CountG	CountC	Depth
1  0  0  0  0  0  0
2  0  0  0  0  0  0
3  31  0  0  0  0  31
4  32  0  0  0  0  32
5  32  0  0  0  0  32
6  32  0  0  0  0  32
7  32  0  0  0  0  32
8  33  0  0  0  0  33
9  33  0  0  0  0  33
10  33  0  0  0  0  33
11  33  0  0  0  0  33
12  32  1  0  0  0  33
13  33  0  0  0  0  33
14  34  0  0  0  0  34
15  34  0  0  0  0  34
16  36  0  0  0  0  36
17  36  0  0  0  0  36
18  36  0  0  0  0  36
19  35  0  1  0  0  36
20  36  0  0  0  0  36
21  13  3  21  0  0  37
22  34  0  4  0  0  38
23  39  0  0  0  0  39
24  40  0  0  0  0  40
25  40  0  0  0  0  40
26  41  0  0  0  0  41
27  43  0  0  0  0  43
28  44  0  0  0  0  44
29  33  0  11  0  0  44
30  43  1  0  0  0  44
31  44  0  0  0  0  44
32  44  0  0  0  0  44
33  42  0  4  0  0  46
34  46  0  0  0  0  46
35  48  0  0  0  0  48
36  47  0  0  0  0  47
37  47  0  0  0  0  47
38  27  11  0  1  0  39
39  38  0  0  0  0  38
40  27  11  0  0  0  38
41  13  0  0  24  0  37
42  26  0  11  0  0  37
43  42  0  0  0  0  42
44  43  0  0  0  0  43
45  42  0  0  0  0  42
46  41  0  0  0  0  41
47  0  0  0  0  41  41
48  40  0  0  0  2  42
49  42  0  0  0  0  42
50  40  0  3  0  0  43
51  41  0  0  0  1  42
52  35  0  0  6  0  41
53  0  39  0  0  0  39
54  43  0  0  1  2  46
55  48  0  0  0  0  48
56  47  0  1  0  0  48
57  48  0  0  0  0  48
58  49  0  0  0  0  49
59  47  3  0  0  0  50
60  50  0  0  2  0  52
61  52  1  0  0  0  53
62  53  0  0  0  0  53
63  52  1  0  0  0  53
64  52  0  0  0  0  52
65  14  7  0  0  30  51
66  56  0  0  0  0  56
67  53  0  0  0  2  55
68  54  0  0  0  0  54
69  51  0  0  0  4  55
70  52  3  0  0  0  55
71  55  0  0  0  0  55
72  49  7  0  0  0  56
73  55  0  1  0  0  56
74  49  0  0  6  0  55
75  55  0  0  0  0  55
76  55  0  0  0  0  55
77  11  44  0  0  0  55
78  55  0  0  0  0  55
79  55  0  0  0  0  55
80  12  43  0  0  0  55
81  57  0  0  0  0  57
82  56  0  0  0  0  56
83  57  0  0  0  0  57
84  52  6  0  0  0  58
85  57  0  1  0  0  58
86  12  1  0  0  46  59
87  62  0  0  0  0  62
88  61  0  0  0  0  61
89  61  0  1  0  0  62
90  63  0  0  0  0  63
91  65  0  0  0  0  65
92  65  0  0  1  0  66
93  66  0  0  0  0  66
94  66  0  0  0  0  66
95  67  0  0  0  0  67
96  67  0  0  0  0  67
97  56  0  0  0  10  66
98  69  0  0  0  0  69
99  69  0  0  0  0  69
100  67  0  0  1  1  69
101  71  0  0  0  0  71
102  72  0  0  0  0  72
103  72  0  0  0  0  72
104  72  0  1  1  0  74
105  72  2  0  0  0  74
106  76  0  0  0  0  76
107  76  0  0  0  0  76
108  76  0  0  0  0  76
109  76  0  0  0  0  76
110  78  0  0  0  0  78
111  78  1  0  0  0  79
112  83  0  0  0  0  83
113  84  0  0  0  0  84
114  85  0  0  0  0  85
115  82  3  0  0  0  85
116  83  1  0  0  0  84
117  87  0  0  1  0  88
118  89  0  0  0  0  89
119  91  0  0  0  0  91
120  89  0  0  0  1  90
121  90  2  0  0  0  92
122  86  5  0  0  0  91
123  92  0  0  0  0  92
124  92  0  0  0  0  92
125  70  22  0  0  0  92
126  90  0  0  0  0  90
127  89  0  0  0  0  89
128  89  0  1  1  0  91
129  84  0  3  2  1  90
130  89  0  0  0  0  89
131  73  0  14  0  0  87
132  45  40  1  0  0  86
133  87  0  0  0  0  87
134  88  2  0  0  0  90
135  85  3  1  0  2  91
136  93  0  0  0  0  93
137  100  0  0  0  0  100
138  100  0  0  0  0  100
139  96  0  2  3  0  101
140  100  2  0  0  0  102
141  101  0  0  0  0  101
142  99  0  0  0  1  100
143  91  12  0  0  0  103
144  102  0  0  0  0  102
145  100  0  0  3  0  103
146  95  0  0  0  8  103
147  82  0  3  0  18  103
148  104  0  0  0  0  104
149  107  0  0  0  0  107
150  96  12  0  0  0  108
151  110  0  0  0  0  110
152  110  0  0  0  0  110
153  111  0  0  0  0  111
154  110  0  0  1  0  111
155  111  0  0  0  0  111
156  112  0  0  0  0  112
157  112  0  0  1  0  113
158  112  0  0  1  0  113
159  112  0  0  0  0  112
160  110  0  0  1  0  111
161  110  1  0  0  0  111
162  110  0  0  0  0  110
163  109  0  0  0  0  109
164  109  0  0  0  0  109
165  108  0  0  0  0  108
166  108  0  1  0  0  109
167  109  0  0  0  0  109
168  109  0  0  0  0  109
169  108  0  0  0  0  108
170  108  0  0  0  0  108
171  108  0  0  0  0  108
172  107  0  0  1  0  108
173  60  48  0  0  0  108
174  109  0  0  0  0  109
175  110  0  0  0  0  110
176  110  0  0  0  0  110
177  109  0  0  0  0  110
178  111  0  0  0  0  111
179  108  0  2  0  0  110
180  108  0  1  0  0  109
181  108  0  0  0  0  108
182  70  29  7  0  0  106
183  108  0  0  1  0  109
184  108  0  0  0  0  108
185  109  1  0  0  0  110
186  105  0  0  1  2  108
187  89  0  18  0  0  107
188  105  0  0  1  0  106
189  106  0  0  0  0  106
190  105  0  0  1  0  106
191  105  0  0  1  0  106
192  15  0  1  83  0  99
193  21  0  4  0  75  100
194  108  0  0  0  1  109
195  107  0  0  0  3  110
196  111  0  0  0  1  112
197  117  0  0  0  0  117
198  115  0  0  3  0  118
199  117  1  0  0  0  118
200  100  1  16  0  0  117
201  120  0  2  0  0  122
202  123  0  0  0  0  123
203  124  0  0  0  0  125
204  118  6  1  0  0  125
205  121  0  6  1  0  128
206  127  0  0  0  0  127
207  113  0  16  0  0  129
208  131  0  0  0  0  131
209  131  0  0  0  1  132
210  131  0  0  0  0  131
211  130  0  0  1  0  131
212  126  0  5  0  0  131
213  118  10  1  0  0  129
214  125  0  0  1  0  126
215  129  0  0  0  0  129
216  129  0  0  0  0  129
217  127  0  0  0  0  127
218  124  0  0  0  0  124
219  125  0  0  0  0  125
220  126  0  0  0  0  126
221  124  0  1  0  0  125
222  125  0  0  1  0  126
223  118  5  0  0  0  123
224  118  0  0  1  0  120
225  117  0  2  0  0  119
226  118  0  0  2  0  120
227  122  0  0  0  0  122
228  122  0  0  1  0  123
229  90  27  0  0  0  117
230  116  0  0  0  0  116
231  113  0  1  0  0  114
232  113  0  0  0  0  113
233  113  0  0  0  0  113
234  112  0  0  0  0  112
235  111  0  0  0  0  111
236  76  0  0  32  1  109
237  110  0  0  0  0  110
238  106  4  0  0  0  110
239  109  0  0  1  0  110
240  106  0  0  3  0  109
241  109  0  0  0  0  109
242  105  4  0  0  0  109
243  107  0  0  0  0  107
244  107  0  0  0  0  107
245  105  0  0  0  0  105
246  105  0  0  0  0  105
247  101  0  1  2  0  104
248  92  0  0  0  11  103
249  0  94  0  0  1  95
250  94  0  1  0  0  95
251  95  0  0  0  0  95
252  0  0  0  95  0  95
253  98  0  0  0  0  98
254  98  0  0  1  0  99
255  99  0  0  0  0  99
256  98  0  0  0  0  98
257  97  0  0  0  0  97
258  97  0  0  0  0  97
259  96  0  0  0  0  96
260  91  3  1  0  0  95
261  95  0  1  0  1  97
262  94  2  0  0  1  97
263  97  0  0  0  0  97
264  96  0  0  1  0  97
265  97  0  0  1  0  98
266  96  0  0  0  0  96
267  94  1  0  0  0  95
268  95  0  0  0  0  95
269  66  27  0  0  0  93
270  93  0  0  0  0  93
271  89  0  1  0  0  90
272  7  19  0  63  0  89
273  89  0  0  0  0  89
274  90  0  0  0  0  90
275  67  0  0  23  0  90
276  89  0  0  2  0  91
277  90  0  1  0  0  91
278  83  8  0  0  0  91
279  92  0  0  0  0  92
280  91  0  0  1  0  92
281  92  0  0  0  0  92
282  91  0  0  0  0  91
283  90  0  0  0  0  90
284  85  0  0  0  0  85
285  83  0  0  1  0  84
286  83  0  0  1  0  84
287  79  0  4  0  0  83
288  79  0  4  0  0  83
289  74  0  6  2  0  82
290  79  1  0  0  0  80
291  74  0  0  0  0  74
292  74  0  0  0  0  74
293  74  0  0  0  0  74
294  55  6  10  0  0  71
295  68  0  0  1  1  70
296  69  0  0  0  0  69
297  64  0  0  1  0  65
298  59  1  4  0  0  64
299  65  0  0  0  0  65
300  65  0  1  0  0  66
301  66  0  0  0  0  66
302  66  0  0  0  0  66
303  63  0  0  0  0  63
304  63  0  0  0  0  63
305  60  0  0  0  0  60
306  49  0  0  8  0  57
307  56  0  0  0  0  56
308  55  0  0  0  0  55
309  55  0  0  0  0  55
310  56  0  0  0  0  56
311  54  0  1  0  0  55
312  51  0  0  0  1  52
313  49  0  0  0  0  49
314  44  0  0  0  5  49
315  50  0  0  0  0  50
316  51  0  0  0  0  51
317  50  1  0  0  0  51
318  49  1  0  0  0  50
319  42  1  0  3  1  47
320  46  0  0  0  0  46
321  47  0  0  0  0  47
322  47  0  0  0  0  47
323  45  0  2  0  0  47
324  20  27  0  0  0  47
325  47  0  0  1  0  48
326  45  0  3  0  0  48
327  44  0  0  2  0  46
328  2  0  0  37  7  46
329  50  0  0  0  0  50
330  52  0  0  0  0  52
331  54  0  0  0  0  54
332  56  0  1  0  0  57
333  57  0  0  1  0  58
334  58  0  0  0  0  58
335  57  2  0  0  0  59
336  57  0  0  2  0  59
337  61  0  0  0  0  61
338  61  0  0  0  0  61
339  34  0  26  0  0  60
340  56  0  4  0  0  60
341  54  0  0  1  4  59
342  59  0  0  0  0  59
343  1  0  0  5  51  57
344  27  0  0  30  0  57
345  54  5  0  0  0  59
346  60  0  0  0  0  60
347  57  0  0  3  1  61
348  54  7  0  0  0  61
349  57  3  0  1  0  61
350  37  24  0  0  0  61
351  62  0  1  0  0  63
352  63  0  0  0  0  63
353  63  0  0  0  0  63
354  62  0  0  0  0  62
355  62  0  0  0  0  62
356  63  0  0  0  0  63
357  59  4  0  0  0  63
358  63  0  0  0  0  63
359  60  0  0  1  0  61
360  62  0  0  0  0  62
361  62  0  0  0  0  62
362  60  0  0  2  0  62
363  60  0  0  1  0  61
364  0  0  10  0  49  59
365  58  1  0  0  0  59
366  58  0  0  1  0  59
367  60  0  0  0  0  60
368  59  0  0  0  0  59
369  58  1  0  0  0  59
370  59  0  0  0  0  59
371  49  0  0  10  0  59
372  59  0  0  0  0  59
373  59  0  0  0  0  59
374  59  0  0  0  0  59
375  54  0  0  0  5  59
376  59  0  0  0  0  59
377  59  0  0  0  0  59
378  59  0  0  0  0  59
379  55  2  0  0  0  57
380  55  0  0  1  0  56
381  54  0  1  0  0  55
382  51  3  0  0  0  54
383  53  0  0  1  0  54
384  54  0  0  0  0  54
385  54  0  0  0  0  54
386  52  0  0  1  0  53
387  53  0  0  0  0  53
388  48  0  0  0  0  48
389  44  3  0  0  0  47
390  44  0  3  0  0  47
391  46  0  0  1  0  47
392  46  1  0  0  0  47
393  25  16  0  0  2  43
394  43  0  0  0  0  43
395  42  0  2  0  0  44
396  44  0  0  0  0  44
397  43  0  1  0  0  44
398  45  0  0  0  0  45
399  45  0  0  1  0  46
400  47  0  0  0  0  47
401  46  0  0  0  1  47
402  38  0  9  0  0  47
403  44  3  0  0  0  47
404  46  0  1  0  0  47
405  47  0  0  0  0  47
406  45  2  0  0  0  47
407  1  0  43  0  0  44
408  42  0  0  3  0  45
409  47  0  0  0  0  47
410  48  0  0  0  0  48
411  47  0  0  0  0  47
412  46  1  0  0  0  47
413  47  0  0  0  0  47
414  45  0  0  0  0  45
415  43  0  0  0  0  43
416  42  0  0  1  0  43
417  43  0  0  0  0  43
418  43  0  0  0  0  43
419  25  13  2  0  0  40
420  39  0  0  0  0  39
421  38  0  0  0  0  38
422  38  0  0  0  0  38
423  37  0  0  0  0  37
424  33  4  0  0  0  37
425  37  0  0  0  0  37
426  32  0  0  4  0  36
427  36  0  0  0  0  36
428  34  0  0  0  0  34
429  28  4  0  0  0  32
430  30  0  0  0  0  30
431  29  0  0  0  0  29
432  22  1  1  0  0  24
433  23  0  0  0  0  23
434  23  0  0  0  0  23
435  0  11  0  9  0  20
436  21  0  0  0  0  21
437  23  0  0  0  0  23
438  24  0  0  0  0  24
439  23  0  0  1  0  24
440  24  0  0  0  1  25
441  25  0  0  0  0  25
442  25  0  0  0  0  25
443  15  9  0  0  0  24
444  25  0  0  0  0  25
445  22  0  1  0  0  23
446  18  3  0  0  1  22
447  21  0  0  0  0  21
448  21  0  1  0  0  22
449  22  0  0  0  0  22
450  22  0  0  0  0  22
451  22  0  1  0  0  23
452  23  0  0  0  0  23
453  22  0  0  0  0  22
454  22  0  0  0  0  22
455  18  0  0  0  3  21
456  21  0  0  0  0  21
457  21  0  0  0  1  22
458  22  0  0  0  0  22
459  22  0  0  0  1  23
460  25  0  0  0  0  25
461  22  2  0  0  1  25
462  18  0  4  4  0  26
463  26  0  0  0  0  26
464  26  0  0  0  0  26
465  27  0  0  0  0  27
466  26  0  1  0  0  27
467  28  0  0  0  1  29
468  28  0  0  0  1  29
469  30  0  0  0  0  30
470  28  0  5  0  0  33
471  34  0  0  0  0  34
472  36  0  0  0  0  36
473  36  0  0  0  0  36
474  36  0  0  0  0  36
475  36  0  0  0  0  36
476  36  0  0  0  0  36
477  35  0  0  0  1  36
478  36  0  0  0  0  36
479  35  0  0  0  1  36
480  36  0  0  0  0  36
481  36  0  0  0  0  36
482  35  0  0  0  1  36
483  30  1  4  1  0  36
484  34  2  0  0  0  36
485  34  2  0  0  0  36
486  34  0  0  1  0  35
487  35  0  0  0  0  35
488  33  0  0  0  2  35
489  35  0  0  0  0  35
490  34  0  0  0  0  34
491  28  0  5  0  0  33
492  30  2  0  0  0  32
493  32  0  0  0  0  32
494  0  0  0  28  0  28
495  28  0  0  0  1  29
496  26  0  3  0  0  29
497  28  0  1  0  0  29
498  28  0  0  0  1  29
499  30  0  0  0  0  30
500  29  0  0  2  0  31
501  33  0  0  0  0  33
502  29  0  2  0  2  33
503  33  0  0  0  0  33
504  31  1  0  0  0  32
505  20  10  0  1  0  31
506  29  0  2  0  0  31
507  0  0  0  31  0  31
508  30  1  0  0  0  31
509  31  0  0  0  0  31
510  31  0  0  0  1  32
511  32  0  0  0  0  32
512  32  0  0  0  0  32
513  32  0  0  0  0  32
514  29  0  4  0  0  33
515  32  0  0  0  0  32
516  29  0  2  0  0  31
517  0  0  30  1  0  31
518  37  0  0  0  0  37
519  37  0  0  1  0  38
520  38  0  0  0  0  38
521  34  1  1  0  1  37
522  36  0  0  2  0  38
523  37  0  0  0  0  37
524  39  0  0  0  0  39
525  38  0  0  0  0  38
526  38  0  0  0  0  38
527  39  0  0  0  0  39
528  39  0  0  0  0  39
529  38  0  0  0  1  39
530  39  0  0  1  0  40
531  40  0  0  0  1  41
532  42  0  0  0  0  42
533  44  0  0  0  0  44
534  41  3  0  0  0  44
535  44  0  0  0  0  44
536  44  0  0  0  0  44
537  42  0  0  0  0  42
538  0  0  40  0  0  40
539  39  1  0  0  0  40
540  42  0  0  0  0  42
541  42  0  0  0  0  42
542  43  0  0  0  0  43
543  43  0  0  0  0  43
544  39  0  0  0  3  42
545  44  0  0  0  0  44
546  42  0  0  0  2  44
547  43  0  0  1  0  44
548  43  0  0  0  0  43
549  40  1  3  0  0  44
550  43  1  0  0  0  44
551  41  0  2  0  0  43
552  39  6  0  0  0  45
553  45  0  0  1  0  46
554  45  0  1  0  0  46
555  48  0  0  0  0  48
556  49  0  0  0  0  49
557  49  0  0  0  0  49
558  48  0  0  1  0  49
559  48  0  0  0  0  48
560  49  0  0  0  0  49
561  48  0  0  0  0  48
562  44  0  0  1  2  47
563  45  0  2  0  0  47
564  43  4  0  0  1  48
565  46  0  0  2  0  48
566  28  0  20  0  0  48
567  48  1  2  0  0  51
568  53  0  0  0  0  53
569  54  1  0  0  0  55
570  54  0  2  0  0  56
571  55  0  0  0  0  55
572  56  1  0  0  0  57
573  59  0  0  0  0  59
574  60  0  0  0  0  60
575  41  8  11  0  0  60
576  62  0  0  1  0  63
577  64  2  0  0  0  66
578  66  0  0  0  0  66
579  64  0  2  0  0  66
580  67  0  0  0  0  67
581  64  2  0  0  1  68
582  69  0  1  0  0  70
583  60  0  17  0  0  77
584  81  0  2  0  0  83
585  82  0  1  0  0  83
586  84  0  0  0  0  84
587  84  0  0  0  0  84
588  64  0  21  0  0  85
589  86  0  1  0  0  87
590  87  0  0  0  0  87
591  88  0  0  0  0  88
592  23  0  0  0  65  88
593  90  1  0  0  0  91
594  92  0  2  0  0  94
595  98  0  0  0  0  98
596  98  0  0  2  0  100
597  101  0  0  0  0  101
598  96  5  0  0  1  102
599  95  0  7  1  0  103
600  100  2  0  0  0  102
601  98  0  3  0  1  102
602  10  0  0  0  89  99
603  97  6  0  0  0  103
604  104  0  1  0  0  105
605  113  0  0  0  0  113
606  110  5  1  0  0  116
607  110  5  0  1  0  116
608  109  0  9  0  0  118
609  112  7  1  0  0  120
610  120  0  0  0  0  120
611  123  0  1  0  0  124
612  115  3  6  0  0  124
613  128  0  0  0  0  128
614  130  0  0  0  0  130
615  129  0  0  0  0  129
616  132  0  0  0  0  132
617  130  0  0  0  0  130
618  129  0  0  0  0  129
619  129  0  2  0  0  131
620  126  0  0  1  2  129
621  122  6  0  0  0  128
622  128  0  0  0  1  129
623  127  0  0  2  1  130
624  131  1  0  0  0  132
625  133  1  0  0  0  134
626  134  0  0  0  0  134
627  134  0  0  0  0  134
628  132  2  0  0  0  134
629  130  0  0  0  0  130
630  131  0  0  0  0  131
631  130  1  0  0  0  131
632  132  0  0  0  0  132
633  164  0  0  1  0  165
634  161  4  0  0  0  165
635  167  0  0  0  0  167
636  170  0  0  0  0  170
637  168  0  0  1  1  170
638  164  0  6  0  0  170
639  160  11  0  0  0  171
640  169  0  0  1  2  172
641  169  0  4  0  0  173
642  171  0  2  0  0  173
643  173  0  0  0  0  173
644  172  0  0  0  0  172
645  169  0  0  1  0  170
646  157  0  13  0  0  170
647  91  0  71  0  2  164
648  170  0  0  0  0  170
649  174  0  0  0  0  174
650  175  0  0  0  0  175
651  174  0  0  1  2  177
652  176  0  3  0  0  179
653  174  4  0  0  0  178
654  175  1  0  0  0  176
655  175  0  0  0  1  176
656  172  4  0  0  0  176
657  172  2  0  0  0  174
658  7  3  0  0  152  162
659  166  0  0  0  0  166
660  161  2  5  0  0  168
661  155  0  13  0  0  168
662  167  1  0  0  1  169
663  168  0  0  1  0  169
664  160  9  0  0  1  170
665  147  1  22  0  0  170
666  164  1  7  0  0  172
667  173  0  0  0  1  174
668  178  0  0  0  0  178
669  172  7  0  0  0  179
670  152  0  22  0  0  174
671  156  22  0  0  0  178
672  165  0  0  0  13  178
673  168  3  11  0  0  182
674  185  0  0  0  0  185
675  185  0  0  0  0  185
676  179  8  0  0  0  187
677  185  3  0  0  0  188
678  189  1  1  0  0  191
679  168  0  21  0  0  189
680  186  1  0  0  0  187
681  187  0  1  0  0  188
682  184  1  0  0  0  185
683  183  0  0  0  0  183
684  171  11  0  0  0  182
685  178  2  2  0  0  182
686  177  0  3  0  0  180
687  167  11  0  0  0  178
688  161  0  0  16  0  177
689  143  13  14  0  0  170
690  154  0  0  15  0  169
691  163  8  0  0  0  171
692  157  0  0  0  13  170
693  150  11  7  0  0  168
694  165  0  0  1  0  166
695  157  0  4  0  0  161
696  157  0  0  0  0  157
697  152  3  0  0  0  155
698  159  0  0  0  0  159
699  153  4  0  0  0  157
700  152  2  0  0  0  154
701  140  2  1  0  4  147
702  140  0  2  0  0  142
703  140  1  2  0  0  143
704  142  0  0  0  0  142
705  139  3  0  0  0  142
706  127  0  0  15  0  142
707  116  3  23  1  0  143
708  142  0  0  0  0  142
709  138  3  0  0  0  141
710  140  0  0  0  0  140
711  133  2  0  5  0  140
712  128  9  0  2  0  139
713  139  0  0  0  0  139
714  132  0  0  2  2  136
715  135  0  0  0  0  135
716  120  0  3  0  11  134
717  113  1  17  0  0  131
718  129  0  0  0  0  129
719  126  3  0  0  0  129
720  118  0  10  0  0  128
721  110  2  15  0  0  127
722  128  0  0  0  0  128
723  129  0  0  0  0  129
724  128  0  0  0  0  128
725  122  0  0  0  1  123
726  122  0  0  0  0  122
727  101  19  1  0  0  121
728  120  0  1  0  0  121
729  94  0  0  14  11  119
730  118  0  0  0  1  119
731  121  0  0  1  0  122
732  116  2  0  0  1  119
733  121  0  0  0  0  121
734  110  0  11  0  0  121
735  120  0  0  0  0  120
736  116  0  0  1  0  117
737  117  0  0  0  0  117
738  107  7  0  0  0  114
739  115  0  0  0  0  115
740  108  0  5  0  0  113
741  107  7  0  0  3  117
742  97  1  0  0  19  117
743  111  0  8  0  0  119
744  118  2  0  0  0  120
745  118  0  0  0  0  118
746  114  0  0  0  0  114
747  113  1  0  0  0  114
748  113  0  0  0  0  113
749  108  0  2  0  0  110
750  108  3  0  0  0  111
751  105  5  0  0  0  110
752  108  0  1  0  0  109
753  104  0  0  0  1  105
754  99  4  0  0  2  105
755  84  1  18  1  0  104
756  101  0  0  0  0  101
757  101  0  0  0  0  101
758  81  0  10  4  1  96
759  84  0  7  5  0  96
760  78  0  0  15  0  93
761  23  67  0  0  0  90
762  90  0  0  0  0  90
763  89  0  0  0  0  89
764  87  0  1  0  0  88
765  87  0  0  0  0  87
766  67  0  0  15  0  82
767  84  1  1  0  0  86
768  83  0  0  0  0  83
769  81  1  0  0  0  82
770  47  0  0  0  30  77
771  76  2  1  0  0  79
772  81  0  0  0  0  81
773  80  0  0  1  1  82
774  81  0  0  0  0  81
775  55  24  0  0  0  79
776  81  0  0  0  0  81
777  81  0  0  0  0  81
778  65  5  9  0  0  79
779  78  0  0  0  0  78
780  18  28  29  0  0  75
781  73  4  0  0  0  77
782  77  0  0  0  0  77
783  76  0  0  0  0  76
784  48  0  21  4  0  73
785  73  0  0  0  0  73
786  69  0  0  0  0  69
787  56  10  1  0  0  67
788  64  0  0  0  1  65
789  59  0  5  1  0  65
790  49  0  4  0  11  64
791  64  1  0  0  0  65
792  64  0  0  0  0  64
793  63  0  0  0  0  63
794  42  13  0  0  0  55
795  54  0  0  1  0  55
796  50  0  2  0  1  53
797  54  0  0  0  0  54
798  52  0  1  0  0  53
799  23  0  4  0  22  49
800  47  0  0  0  0  47
801  48  0  0  0  0  48
802  49  0  0  0  0  49
803  34  0  9  3  0  46
804  46  0  0  0  0  46
805  45  0  2  0  0  47
806  48  0  0  0  0  48
807  43  0  0  0  0  43
808  27  0  0  0  0  27
809  17  0  0  5  1  23
810  24  0  0  0  0  24
811  23  0  0  0  1  24
812  14  10  0  0  0  24
813  16  8  0  0  0  24
814  1  23  0  0  0  24
815  24  0  0  0  0  24
816  16  0  0  8  0  24
817  28  0  0  0  0  28
818  23  0  6  0  0  29
819  30  0  0  0  0  30
820  25  6  0  0  0  31
821  27  2  0  0  0  29
822  28  0  0  0  0  28
823  28  0  0  0  0  28
824  28  0  0  0  0  28
825  14  0  14  0  0  28
826  27  0  0  1  0  28
827  23  5  0  0  0  28
828  28  0  0  0  0  28
829  14  13  0  1  0  28
830  30  0  0  1  0  31
831  25  0  6  0  0  31
832  35  0  0  0  0  35
833  35  0  0  0  0  35
834  35  0  0  0  0  35
835  35  0  0  0  0  35
836  33  0  0  0  0  33
837  23  10  0  0  0  33
838  28  0  2  0  0  30
839  30  0  0  0  0  30
840  4  21  5  0  0  30
841  34  0  0  0  0  34
842  28  0  6  0  0  34
843  34  0  0  0  0  34
844  34  0  0  0  0  34
845  34  0  0  0  0  34
846  31  0  0  0  0  31
847  30  0  0  0  1  31
848  8  0  22  0  0  30
849  31  0  0  0  0  31
850  31  0  0  0  0  31
851  9  22  0  0  0  31
852  30  0  0  0  0  30
853  30  0  0  0  0  30
854  30  0  0  0  0  30
855  30  0  0  0  0  30
856  30  0  0  0  0  30
857  30  0  0  0  0  30
858  30  0  0  0  0  30
859  23  7  0  0  0  30
860  32  0  0  0  0  32
861  30  0  0  3  0  33
862  29  0  0  4  0  33
863  40  0  0  0  0  40
864  36  4  1  0  0  41
865  50  0  0  1  1  52
866  55  0  0  0  0  55
867  55  1  0  0  0  56
868  57  0  0  0  0  57
869  57  0  0  0  0  57
870  56  1  0  0  0  57
871  51  0  6  0  0  57
872  54  2  2  0  0  58
873  57  0  0  0  1  58
874  59  0  0  0  0  59
875  59  0  0  0  0  59
876  59  0  0  0  0  59
877  59  0  0  0  0  59
878  54  0  6  0  1  61
879  55  1  0  0  6  62
880  61  0  1  0  0  62
881  61  0  1  0  0  62
882  50  12  0  0  0  62
883  62  0  0  0  0  62
884  48  0  24  0  0  72
885  73  0  0  0  0  73
886  72  1  0  0  0  73
887  70  0  3  0  0  73
888  73  0  0  0  0  73
889  75  1  0  0  0  76
890  74  0  0  1  0  75
891  74  0  1  0  0  75
892  75  0  0  0  0  75
893  76  0  0  0  0  76
894  74  0  3  1  0  78
895  70  2  7  0  0  79
896  80  0  0  0  0  80
897  78  1  0  0  0  79
898  81  0  0  0  0  81
899  81  0  0  1  1  83
900  83  0  0  0  0  83
901  81  1  0  0  0  82
902  72  8  1  0  0  81
903  81  0  0  0  0  81
904  82  0  0  0  0  82
905  79  0  2  0  0  81
906  81  0  1  1  0  83
907  81  1  0  0  0  82
908  82  1  0  0  0  83
909  83  0  0  0  0  83
910  80  0  0  3  0  83
911  77  0  6  0  2  85
912  82  0  0  4  0  86
913  86  0  0  0  0  86
914  85  0  0  0  0  85
915  78  6  0  0  0  84
916  61  0  20  0  1  82
917  75  7  0  0  0  82
918  81  0  0  0  0  81
919  75  0  0  0  4  79
920  2  0  0  1  71  74
921  75  0  0  0  0  75
922  76  1  0  0  0  77
923  75  3  0  0  0  78
924  71  5  0  1  0  77
925  57  17  4  0  0  78
926  73  0  3  0  1  77
927  82  0  0  0  0  82
928  83  0  0  0  0  83
929  82  0  0  0  0  82
930  81  0  0  0  0  81
931  66  15  0  0  0  81
932  73  8  0  0  0  81
933  81  0  0  0  0  81
934  77  0  5  0  0  82
935  76  6  0  1  0  83
936  85  0  0  0  0  85
937  85  0  0  1  1  87
938  80  6  0  0  0  86
939  87  0  0  0  0  87
940  73  13  0  0  0  86
941  73  13  0  0  0  86
942  86  0  0  0  0  86
943  81  4  0  0  0  85
944  85  1  0  0  0  86
945  89  0  0  0  0  89
946  90  0  0  0  0  90
947  93  0  0  0  0  93
948  91  0  0  2  0  93
949  94  0  0  0  0  94
950  88  0  0  0  0  88
951  87  0  0  0  0  87
952  80  1  6  0  0  87
953  86  0  0  1  0  87
954  18  0  0  61  7  86
955  77  0  0  0  12  89
956  85  0  4  0  0  89
957  85  0  7  0  0  92
958  15  0  0  0  76  91
959  99  0  5  0  0  104
960  104  0  0  0  1  105
961  107  0  0  0  0  107
962  107  0  0  0  0  107
963  108  0  0  2  0  110
964  103  2  0  0  6  111
965  110  0  0  0  0  110
966  108  2  0  1  0  111
967  111  0  3  1  0  115
968  107  5  1  2  0  115
969  108  0  0  7  1  116
970  118  0  0  2  0  120
971  120  0  0  0  0  120
972  122  0  0  0  0  122
973  123  0  1  0  0  124
974  123  0  0  0  3  126
975  122  0  0  0  0  122
976  118  4  0  0  2  124
977  117  3  0  4  1  125
978  112  0  0  0  16  128
979  127  1  0  1  1  130
980  132  0  1  0  0  133
981  132  0  1  0  0  133
982  135  0  0  0  0  135
983  133  1  1  0  0  135
984  133  1  0  2  0  136
985  140  0  0  0  0  140
986  141  0  1  0  0  142
987  142  0  0  0  0  142
988  144  0  0  0  0  144
989  145  0  0  0  0  145
990  142  0  5  0  0  147
991  149  0  0  0  0  149
992  150  0  0  0  0  150
993  147  0  0  3  0  150
994  146  0  4  0  0  150
995  149  2  0  0  0  151
996  150  2  0  0  0  152
997  150  1  0  0  1  152
998  155  0  0  1  0  156
999  152  0  4  0  0  156
1000  156  0  0  0  0  156
1001  147  10  0  0  0  157
1002  106  0  51  0  0  157
1003  158  0  0  1  0  159
1004  159  0  0  1  0  160
1005  151  0  12  0  1  164
1006  164  0  0  0  0  164
1007  168  0  0  0  0  168
1008  164  0  0  0  4  168
1009  170  0  0  0  0  170
1010  173  0  0  0  0  173
1011  165  2  5  0  1  173
1012  174  0  0  0  0  174
1013  175  0  0  0  0  175
1014  175  0  0  0  0  175
1015  171  1  0  0  0  172
1016  172  0  0  1  0  173
1017  174  0  0  0  0  174
1018  174  0  1  0  0  175
1019  170  0  0  6  0  176
1020  172  2  0  0  0  174
1021  50  119  0  0  0  169
1022  171  0  0  0  1  172
1023  160  1  10  1  0  172
1024  171  3  0  0  0  174
1025  177  0  0  0  0  177
1026  177  0  0  0  0  177
1027  169  6  1  0  0  176
1028  173  0  0  0  1  174
1029  173  0  0  1  0  174
1030  164  10  0  0  0  174
1031  171  1  0  0  1  173
1032  163  0  1  0  10  174
1033  177  0  0  0  0  177
1034  187  0  1  0  0  188
1035  190  0  0  0  0  190
1036  190  0  0  0  0  190
1037  177  0  9  0  0  187
1038  174  0  13  0  0  187
1039  174  0  0  8  0  182
1040  180  0  1  0  0  181
1041  177  0  0  1  2  180
1042  174  3  0  0  0  177
1043  163  0  0  0  14  177
1044  162  14  0  1  0  177
1045  188  0  0  0  0  188
1046  188  0  0  0  0  188
1047  175  8  0  0  0  183
1048  181  0  0  0  1  182
1049  180  0  0  0  0  180
1050  177  0  0  0  0  177
1051  177  0  0  0  0  177
1052  176  0  0  0  0  176
1053  175  0  0  0  0  175
1054  174  0  1  0  0  175
1055  112  0  57  1  0  170
1056  85  1  78  0  0  164
1057  122  0  41  1  0  164
1058  168  0  0  0  0  168
1059  166  1  0  0  1  168
1060  165  0  0  0  0  165
1061  161  0  0  0  3  164
1062  165  0  0  0  0  165
1063  162  0  0  1  1  164
1064  163  0  0  1  0  164
1065  145  6  1  0  9  161
1066  161  0  0  0  0  161
1067  151  5  3  0  0  159
1068  150  0  0  0  5  155
1069  141  0  0  0  11  152
1070  152  0  0  0  0  152
1071  144  0  5  0  0  149
1072  134  0  13  0  0  147
1073  148  0  0  0  0  148
1074  139  7  0  0  0  146
1075  143  0  1  0  0  144
1076  51  95  0  1  0  147
1077  147  0  0  0  1  148
1078  141  4  0  2  0  147
1079  182  0  0  0  0  182
1080  181  0  0  1  1  183
1081  182  0  0  0  0  182
1082  181  0  0  0  0  181
1083  168  10  1  0  0  179
1084  175  1  0  0  0  176
1085  174  0  0  0  0  174
1086  167  0  0  2  0  169
1087  161  4  0  0  6  171
1088  156  4  12  0  0  172
1089  172  0  2  0  0  174
1090  170  0  0  0  0  170
1091  168  0  0  0  1  169
1092  165  0  0  0  0  165
1093  165  0  0  0  0  165
1094  160  0  0  1  0  161
1095  159  0  0  0  0  159
1096  152  0  0  0  1  153
1097  149  4  1  0  0  154
1098  148  1  0  1  2  152
1099  145  0  6  0  0  151
1100  155  0  0  0  0  155
1101  118  34  0  0  1  153
1102  152  1  1  0  0  154
1103  114  0  2  34  1  151
1104  167  0  1  0  1  169
1105  169  0  0  0  0  169
1106  169  0  0  0  0  169
1107  156  13  5  0  0  174
1108  174  0  0  0  0  174
1109  174  0  0  0  0  174
1110  174  0  0  0  0  174
1111  174  0  0  0  0  174
1112  173  0  1  1  0  175
1113  177  0  0  0  0  177
1114  178  0  0  0  0  178
1115  177  0  4  0  0  181
1116  176  0  0  5  0  181
1117  181  0  0  0  0  181
1118  182  0  0  0  0  182
1119  143  2  0  0  23  168
1120  167  0  0  0  0  167
1121  135  23  0  0  8  166
1122  1  0  0  0  162  163
1123  174  10  0  0  0  184
1124  196  0  0  1  0  197
1125  200  0  1  0  0  201
1126  202  0  1  0  0  203
1127  201  4  0  1  0  206
1128  207  2  2  0  0  211
1129  216  0  0  0  0  216
1130  215  0  0  3  0  218
1131  210  0  10  0  0  220
1132  183  0  0  0  36  219
1133  223  0  0  0  0  223
1134  225  0  0  0  0  225
1135  229  0  1  0  0  230
1136  233  0  0  1  0  234
1137  227  0  6  5  0  238
1138  240  0  0  0  0  240
1139  238  0  4  0  0  242
1140  248  4  0  0  0  252
1141  250  0  0  1  1  252
1142  251  2  1  0  0  254
1143  256  0  1  0  1  258
1144  257  0  1  0  0  259
1145  211  2  46  0  0  259
1146  261  0  0  0  0  261
1147  221  0  0  39  2  262
1148  272  0  0  0  0  272
1149  262  0  12  0  0  274
1150  279  0  1  0  0  280
1151  275  3  0  0  0  278
1152  279  0  0  2  0  281
1153  281  0  0  2  0  283
1154  285  0  0  1  1  287
1155  286  0  0  0  0  286
1156  278  0  0  0  8  286
1157  285  2  0  1  0  288
1158  280  1  7  0  0  288
1159  267  0  21  1  0  289
1160  292  0  0  0  0  292
1161  293  0  0  0  0  293
1162  282  0  10  0  0  292
1163  291  0  1  2  0  294
1164  294  1  0  0  0  295
1165  277  18  0  0  0  295
1166  282  14  0  0  0  296
1167  296  0  0  0  0  296
1168  286  10  0  0  0  296
1169  273  3  0  4  13  293
1170  145  0  0  0  141  286
1171  290  0  0  0  2  292
1172  295  0  0  0  0  295
1173  285  3  0  0  9  297
1174  289  2  0  3  1  295
1175  284  0  5  4  0  293
1176  193  1  97  0  0  292
1177  255  37  0  0  0  292
1178  274  0  0  18  0  292
1179  261  0  28  0  0  289
1180  288  0  0  1  1  290
1181  191  0  0  6  91  288
1182  183  109  1  0  1  294
1183  297  0  0  0  0  297
1184  296  0  0  1  0  297
1185  295  0  0  1  0  296
1186  294  0  0  0  0  294
1187  293  0  0  0  0  293
1188  268  1  0  22  1  292
1189  283  9  1  0  0  293
1190  243  0  47  0  0  290
1191  286  5  0  0  0  291
1192  286  0  0  2  0  288
1193  291  0  0  0  0  291
1194  290  0  0  0  0  290
1195  278  12  0  0  0  290
1196  285  0  0  0  0  285
1197  243  0  0  23  0  266
1198  166  1  0  97  0  264
1199  259  1  0  1  1  262
1200  258  2  1  0  0  261
1201  259  0  0  0  0  259
1202  255  2  0  2  0  259
1203  240  0  0  18  0  258
1204  251  6  0  0  0  257
1205  248  0  8  0  0  256
1206  251  0  0  0  0  251
1207  222  29  2  0  0  253
1208  250  0  0  1  0  251
1209  245  1  4  0  0  250
1210  233  11  2  0  0  246
1211  235  0  0  0  0  235
1212  227  6  0  0  0  233
1213  232  0  0  0  0  232
1214  222  0  0  1  5  228
1215  227  0  0  0  0  227
1216  221  0  3  0  0  224
1217  215  0  0  1  1  217
1218  217  0  0  0  0  217
1219  215  0  0  2  0  217
1220  198  13  1  0  0  212
1221  205  0  0  0  1  206
1222  199  0  0  0  0  199
1223  174  0  1  11  0  186
1224  172  11  0  0  1  184
1225  176  0  0  1  0  177
1226  176  1  0  0  0  177
1227  177  0  0  0  0  177
1228  173  0  0  1  0  174
1229  173  0  0  0  0  173
1230  165  5  0  0  0  170
1231  160  0  1  0  0  161
1232  160  0  0  0  0  160
1233  149  4  1  0  0  154
1234  143  0  0  0  0  143
1235  138  0  0  0  0  138
1236  133  1  3  0  0  137
1237  126  7  0  0  0  133
1238  121  0  0  1  2  124
1239  112  0  0  0  0  112
1240  108  1  3  0  0  112
1241  109  1  1  0  0  111
1242  100  0  0  0  0  100
1243  2  1  0  93  0  96
1244  99  0  0  0  0  99
1245  99  0  0  0  0  99
1246  100  0  0  0  0  100
1247  91  5  1  0  0  97
1248  77  0  9  1  0  87
1249  62  25  0  0  0  87
1250  83  0  6  0  0  89
1251  87  0  0  2  0  89
1252  86  0  0  0  0  86
1253  86  0  0  0  0  86
1254  84  2  1  0  0  87
1255  86  0  0  0  0  86
1256  81  1  0  0  4  86
1257  86  0  0  1  0  87
1258  82  0  0  1  1  84
1259  83  0  0  0  0  83
1260  80  0  0  0  0  80
1261  78  3  0  0  0  81
1262  79  0  1  0  0  80
1263  76  0  0  0  0  76
1264  73  0  0  0  0  73
1265  67  0  0  0  1  68
1266  67  0  1  0  0  68
1267  63  2  0  0  1  66
1268  62  0  0  0  0  62
1269  55  0  4  0  0  59
1270  57  0  1  0  0  58
1271  53  1  0  0  1  55
1272  53  0  0  0  0  53
1273  51  0  0  0  0  51
1274  51  0  0  0  0  51
1275  47  2  0  0  0  49
1276  49  0  0  0  0  49
1277  47  0  0  0  0  47
1278  42  4  0  0  0  46
1279  44  0  0  0  0  44
1280  42  2  0  0  0  44
1281  41  1  0  2  0  44
1282  32  0  11  0  0  43
1283  42  1  0  0  0  43
1284  39  1  1  0  0  41
1285  39  0  0  0  0  39
1286  39  0  0  0  0  39
1287  40  0  0  0  0  40
1288  40  0  0  0  0  40
1289  40  0  0  0  0  40
1290  40  0  0  0  0  40
1291  40  0  0  0  0  40
1292  38  0  0  0  0  38
1293  38  0  0  0  0  38
1294  38  0  0  0  0  38
1295  37  0  0  0  0  37
1296  36  2  0  0  0  38
1297  38  0  0  0  0  38
1298  38  0  0  0  0  38
1299  35  0  0  0  0  35
1300  34  0  0  0  0  34
1301  34  0  0  0  0  34
1302  29  0  5  0  0  34
1303  34  0  0  0  0  34
1304  33  0  0  0  0  33
1305  32  0  0  0  0  32
1306  31  0  0  0  0  31
1307  29  0  0  0  0  29
1308  28  0  0  0  0  28
1309  0  0  0  0  28  28
1310  29  0  0  0  0  29
1311  29  0  0  0  0  29
1312  29  0  0  0  0  29
1313  28  0  0  0  0  28
1314  28  0  0  0  0  28
1315  28  0  0  0  0  28
1316  28  0  0  0  0  28
1317  30  0  0  0  0  30
1318  31  0  0  0  0  31
1319  31  0  0  0  0  31
1320  31  0  0  0  0  31
1321  32  0  0  0  0  32
1322  33  0  0  0  0  33
1323  33  0  0  0  0  33
1324  33  0  0  0  0  33
1325  33  0  0  0  0  33
1326  32  0  0  0  1  33
1327  33  0  0  0  0  33
1328  32  0  0  0  0  32
1329  32  0  0  0  0  32
1330  32  0  0  0  0  32
1331  31  0  0  0  0  31
1332  31  0  0  0  0  31
1333  27  1  3  0  0  31
1334  32  0  0  0  0  32
1335  31  1  0  0  0  32
1336  32  0  0  0  0  32
1337  32  0  0  0  0  32
1338  1  0  0  0  28  29
1339  30  0  0  0  0  30
1340  30  0  0  0  0  30
1341  24  6  0  0  0  30
1342  30  0  0  0  0  30
1343  29  1  0  0  0  30
1344  29  0  0  0  1  30
1345  28  0  3  0  0  31
1346  29  0  2  0  0  31
1347  24  0  0  1  3  28
1348  28  0  0  0  0  28
1349  25  2  0  0  0  27
1350  24  0  0  0  2  26
1351  24  0  1  0  0  25
1352  2  0  0  21  0  23
1353  23  0  0  0  2  25
1354  25  0  0  0  0  25
1355  31  0  0  0  0  31
1356  32  0  0  0  0  32
1357  31  0  0  0  0  31
1358  30  0  0  0  0  30
1359  32  0  0  0  0  32
1360  30  0  0  0  0  30
1361  30  0  0  0  0  30
1362  30  0  0  0  0  30
1363  30  0  0  0  0  30
1364  1  0  0  0  28  29
1365  31  0  1  0  0  32
1366  28  0  2  2  1  33
1367  24  9  0  0  0  33
1368  41  0  0  0  0  41
1369  40  0  3  0  0  43
1370  48  0  0  0  0  48
1371  49  0  0  0  0  49
1372  49  0  0  0  0  49
1373  49  0  0  0  0  49
1374  49  0  0  0  0  49
1375  41  0  0  6  2  49
1376  4  0  0  0  45  49
1377  11  41  0  0  0  52
1378  88  0  0  0  0  88
1379  89  1  0  0  0  90
1380  93  0  0  0  0  93
1381  95  0  0  0  0  95
1382  98  0  0  0  0  98
1383  99  0  3  0  0  102
1384  102  2  0  0  0  104
1385  114  0  0  0  0  114
1386  123  0  0  0  0  123
1387  127  0  0  0  2  129
1388  132  0  0  0  0  132
1389  137  0  0  0  0  137
1390  144  5  0  0  0  149
1391  158  0  0  0  0  158
1392  167  0  0  0  0  167
1393  169  0  0  1  1  171
1394  172  3  1  0  0  176
1395  183  0  0  0  0  183
1396  189  1  0  0  0  190
1397  195  0  0  0  0  195
1398  197  0  0  0  6  203
1399  205  0  0  0  0  205
1400  210  0  0  0  1  211
1401  211  0  7  0  0  218
1402  221  0  2  0  0  224
1403  228  0  0  0  0  228
1404  229  0  0  0  0  229
1405  237  4  0  0  0  241
1406  242  0  4  0  0  246
1407  250  0  1  0  0  251
1408  250  5  0  0  0  255
1409  258  0  0  0  0  258
1410  200  28  33  0  0  261
1411  266  0  0  0  7  273
1412  274  7  0  0  0  281
1413  280  0  0  8  0  289
1414  277  13  0  0  0  290
1415  294  0  0  1  0  295
1416  303  0  0  1  0  304
1417  308  5  0  0  0  313
1418  317  0  0  0  0  317
1419  318  0  0  0  1  319
1420  319  4  0  0  0  323
1421  329  0  0  0  0  329
1422  330  0  0  0  0  330
1423  330  0  0  0  0  330
1424  330  0  0  0  0  330
1425  329  0  0  3  0  332
1426  335  0  0  0  0  335
1427  333  0  0  1  1  335
1428  336  0  0  0  0  336
1429  327  10  0  0  0  337
1430  47  0  287  0  0  334
1431  339  0  0  0  0  339
1432  334  5  1  0  0  340
1433  341  0  0  0  1  342
1434  341  0  2  0  0  343
1435  335  0  0  0  6  341
1436  342  0  0  0  0  342
1437  337  0  6  0  0  343
1438  339  3  0  0  0  342
1439  280  56  0  0  3  339
1440  337  0  2  0  0  339
1441  338  5  0  0  0  343
1442  340  0  0  0  0  340
1443  339  0  0  0  0  340
1444  341  0  0  0  0  341
1445  334  0  0  1  0  335
1446  335  0  0  0  0  335
1447  324  0  0  0  11  335
1448  334  0  4  0  0  338
1449  328  0  10  0  0  338
1450  332  5  2  0  0  339
1451  331  0  0  6  0  337
1452  338  0  0  0  0  338
1453  337  0  0  0  0  337
1454  332  0  0  0  1  333
1455  332  0  1  0  0  333
1456  323  6  2  0  0  331
1457  326  2  0  0  1  329
1458  329  0  0  0  0  329
1459  328  0  1  0  1  330
1460  330  0  0  0  0  330
1461  326  0  0  0  0  326
1462  314  9  1  0  0  324
1463  323  0  0  0  0  323
1464  305  0  14  2  0  321
1465  320  1  0  0  0  321
1466  313  4  0  0  0  317
1467  299  0  1  5  3  308
1468  307  0  0  1  0  308
1469  304  5  0  0  0  309
1470  298  8  3  0  0  309
1471  300  1  0  0  0  301
1472  274  0  0  4  0  278
1473  259  18  0  0  0  277
1474  245  5  0  26  3  279
1475  279  0  1  0  0  280
1476  281  0  0  0  0  281
1477  276  0  2  0  0  278
1478  279  0  0  1  0  280
1479  280  0  0  0  1  281
1480  265  11  2  0  0  278
1481  270  2  3  1  0  276
1482  269  0  0  4  0  273
1483  266  0  0  0  1  267
1484  267  0  0  0  0  267
1485  266  0  0  0  4  270
1486  261  2  2  0  0  265
1487  201  0  0  15  0  216
1488  205  4  5  1  0  215
1489  216  1  0  0  0  217
1490  214  0  0  2  1  217
1491  207  0  0  10  0  217
1492  216  0  0  0  1  217
1493  210  0  0  1  5  216
1494  214  1  2  0  0  217
1495  212  0  0  0  0  212
1496  180  7  2  2  0  191
1497  178  6  0  0  0  184
1498  171  0  0  2  0  173
1499  175  0  0  0  0  175
1500  171  0  2  0  1  174
1501  158  2  4  1  0  165
1502  185  0  1  0  0  186
1503  192  0  0  2  0  194
1504  199  0  0  0  0  199
1505  198  1  0  1  0  200
1506  159  14  28  0  0  201
1507  184  13  0  0  0  197
1508  184  1  0  2  8  195
1509  199  6  0  0  0  205
1510  214  0  0  0  0  214
1511  214  0  0  2  1  217
1512  217  1  1  0  0  219
1513  221  0  0  1  0  222
1514  223  0  0  1  0  224
1515  229  0  0  0  0  229
1516  216  0  7  0  6  229
1517  229  0  0  2  0  231
1518  230  0  0  8  0  238
1519  243  0  0  0  1  244
1520  245  3  1  0  1  250
1521  250  0  1  0  0  251
1522  255  0  0  0  0  255
1523  253  0  0  2  0  255
1524  211  42  0  0  8  261
1525  262  1  8  0  0  271
1526  269  6  1  0  0  276
1527  275  0  2  0  0  277
1528  278  0  0  0  0  278
1529  289  0  0  0  0  289
1530  305  0  0  0  0  305
1531  307  0  0  0  0  307
1532  308  0  1  0  0  309
1533  153  0  157  0  0  310
1534  298  0  0  21  0  319
1535  302  5  14  0  0  321
1536  282  0  0  43  0  325
1537  324  0  0  1  1  326
1538  319  5  6  1  0  331
1539  261  69  0  0  3  333
1540  338  0  0  0  0  338
1541  338  0  0  2  0  340
1542  300  1  35  7  0  343
1543  344  0  0  0  1  345
1544  334  11  0  0  0  345
1545  346  0  0  0  0  346
1546  178  0  0  170  0  348
1547  346  0  0  1  3  350
1548  335  1  0  0  14  350
1549  314  10  15  12  0  351
1550  351  1  0  0  0  352
1551  357  0  0  0  0  357
1552  357  0  1  0  0  358
1553  349  0  8  0  0  357
1554  341  0  0  12  0  353
1555  170  0  7  173  2  352
1556  322  28  3  0  0  353
1557  338  0  0  0  16  354
1558  358  1  0  0  0  359
1559  356  1  0  0  0  357
1560  357  1  0  0  0  358
1561  329  25  1  0  0  355
1562  347  0  7  0  0  354
1563  338  0  0  13  0  351
1564  345  0  8  0  0  353
1565  341  0  0  7  0  348
1566  341  0  0  0  8  349
1567  345  1  0  2  1  349
1568  335  0  1  1  9  346
1569  335  3  9  0  0  347
1570  337  0  0  9  1  347
1571  352  0  0  0  0  352
1572  344  0  6  0  0  350
1573  338  8  6  0  0  352
1574  351  0  0  1  0  352
1575  327  0  0  22  0  349
1576  350  0  0  0  0  350
1577  346  0  0  0  1  347
1578  347  0  0  0  0  347
1579  344  2  1  0  0  347
1580  347  0  1  0  0  348
1581  306  0  0  38  0  344
1582  347  0  1  0  0  348
1583  349  0  0  1  1  351
1584  347  3  0  1  0  351
1585  348  0  2  0  0  350
1586  346  0  0  1  0  347
1587  342  0  0  0  0  343
1588  342  0  0  1  0  343
1589  103  228  0  0  2  333
1590  342  0  0  0  0  342
1591  345  3  3  0  1  352
1592  353  1  0  0  2  356
1593  355  0  5  0  0  360
1594  343  0  18  1  0  362
1595  354  0  3  0  0  357
1596  71  0  5  270  0  346
1597  360  0  0  1  0  361
1598  360  0  1  0  1  363
1599  352  6  7  0  0  365
1600  362  1  0  0  0  363
1601  332  0  17  0  1  350
1602  337  7  7  0  0  351
1603  344  1  0  2  0  347
1604  345  0  0  3  0  348
1605  343  0  1  0  0  345
1606  334  4  1  0  0  339
1607  330  0  1  1  0  332
1608  328  0  0  0  0  328
1609  325  0  0  0  0  325
1610  317  5  0  0  0  322
1611  313  0  1  0  0  314
1612  307  0  7  0  0  314
1613  284  12  8  0  1  305
1614  285  1  13  0  0  299
1615  294  0  0  0  0  294
1616  286  0  0  0  0  286
1617  276  6  0  0  0  282
1618  278  1  0  0  0  279
1619  268  5  2  0  0  275
1620  268  0  0  0  1  269
1621  260  0  1  0  0  261
1622  252  0  6  0  0  258
1623  253  0  2  0  0  255
1624  247  1  0  0  0  248
1625  236  0  1  0  1  238
1626  234  0  0  0  0  234
1627  227  1  0  2  1  231
1628  226  0  0  0  0  226
1629  219  0  2  0  0  221
1630  208  4  1  0  0  213
1631  205  0  0  0  1  206
1632  203  0  0  0  1  204
1633  196  0  0  5  0  201
1634  197  0  0  0  0  197
1635  191  0  0  0  0  191
1636  181  0  5  0  0  186
1637  179  0  0  0  0  179
1638  161  14  0  0  0  175
1639  164  10  0  0  0  174
1640  168  0  6  0  0  174
1641  171  0  1  0  2  174
1642  171  0  0  0  0  171
1643  169  1  1  0  0  171
1644  165  1  2  0  0  168
1645  161  0  1  0  2  164
1646  162  0  0  0  0  162
1647  159  0  0  1  0  160
1648  156  0  2  0  1  159
1649  158  0  0  0  0  158
1650  156  0  0  0  1  157
1651  156  0  0  0  0  156
1652  2  0  0  0  147  149
1653  152  0  1  0  0  153
1654  152  1  0  0  0  153
1655  153  0  0  0  0  153
1656  149  0  1  0  0  150
1657  143  1  5  0  0  149
1658  149  0  0  0  0  149
1659  47  91  1  0  0  139
1660  47  68  0  25  0  140
1661  140  0  0  0  0  140
1662  139  0  0  0  0  139
1663  137  0  0  0  0  137
1664  117  16  1  0  0  134
1665  39  93  0  0  0  132
1666  39  0  91  0  0  130
1667  131  0  0  0  0  131
1668  130  0  0  0  0  130
1669  129  0  0  0  0  129
1670  126  0  0  0  5  131
1671  129  0  1  0  0  130
1672  127  1  0  0  0  128
1673  102  0  0  17  0  119
1674  117  0  0  0  0  117
1675  117  0  1  0  0  118
1676  114  1  2  1  0  118
1677  116  0  0  0  0  116
1678  118  0  0  0  0  118
1679  117  1  0  0  0  118
1680  115  0  0  0  0  115
1681  111  0  0  0  0  111
1682  106  0  0  0  0  106
1683  101  0  1  0  0  102
1684  28  36  0  0  1  65
1685  62  1  1  0  0  64
1686  65  0  0  0  0  65
1687  33  24  0  0  0  57
1688  57  0  0  0  0  57
1689  23  0  0  0  32  55
1690  53  0  0  0  0  53
1691  53  0  0  0  1  54
1692  54  0  0  0  0  54
1693  54  0  0  0  0  54
1694  52  0  1  0  0  53
1695  50  0  2  0  1  53
1696  51  0  0  0  0  51
1697  51  0  0  0  0  51
1698  51  0  0  0  0  51
1699  49  0  0  0  0  49
1700  44  0  0  0  0  44
1701  44  0  0  0  0  44
1702  43  0  0  0  0  43
1703  42  0  0  0  0  42
1704  40  0  0  0  0  40
1705  19  19  0  0  0  38
1706  37  0  0  0  0  37
1707  17  0  1  19  0  37
1708  38  0  0  0  0  38
1709  36  0  0  2  0  38
1710  38  0  0  0  0  38
1711  38  0  0  0  0  38
1712  31  0  6  0  0  37
1713  36  0  0  0  0  36
1714  36  0  0  0  0  36
1715  36  0  0  0  0  36
1716  35  0  0  0  1  36
1717  36  0  0  0  0  36
1718  36  0  0  0  0  36
1719  34  0  0  0  0  34
1720  0  18  0  16  0  34
1721  34  0  0  0  0  34
1722  35  0  0  0  2  37
1723  38  0  0  0  0  38
1724  36  0  0  0  0  36
1725  23  14  0  0  0  37
1726  37  0  0  0  0  37
1727  37  0  0  0  0  37
1728  35  0  0  2  0  37
1729  37  0  0  0  0  37
1730  34  0  0  0  4  38
1731  38  0  0  1  0  39
1732  41  0  0  0  0  41
1733  41  0  0  0  0  41
1734  42  0  0  0  0  42
1735  42  0  0  0  0  42
1736  42  0  0  0  0  42
1737  40  0  0  1  0  41
1738  43  0  1  0  0  44
1739  44  0  1  0  0  45
1740  42  0  0  2  1  45
1741  41  2  0  0  0  43
1742  44  0  0  0  1  45
1743  47  0  0  0  0  47
1744  47  0  0  0  0  47
1745  48  0  0  1  0  49
1746  48  0  0  1  0  49
1747  47  1  0  0  0  48
1748  41  0  8  0  0  49
1749  49  0  0  0  0  49
1750  48  0  0  0  0  48
1751  48  0  0  0  0  48
1752  48  0  0  0  1  49
1753  49  0  0  0  0  49
1754  6  35  1  0  0  42
1755  42  0  0  0  0  42
1756  0  2  0  39  0  41
1757  41  0  0  0  0  41
1758  0  0  0  0  41  41
1759  67  0  0  1  0  68
1760  82  1  0  0  0  83
1761  83  4  0  0  0  87
1762  92  1  0  0  0  93
1763  99  0  0  0  0  99
1764  102  0  0  0  0  102
1765  104  0  0  0  2  106
1766  104  0  0  0  5  109
1767  111  0  0  0  0  111
1768  112  2  0  0  0  114
1769  119  0  0  0  0  119
1770  118  0  0  2  0  120
1771  121  0  0  0  0  121
1772  120  2  0  0  0  122
1773  122  1  0  0  0  123
1774  122  0  0  0  0  122
1775  124  0  0  0  0  124
1776  125  0  0  0  0  125
1777  135  0  0  0  0  135
1778  134  0  0  1  0  135
1779  139  0  0  0  1  140
1780  139  4  0  0  0  143
1781  144  0  0  1  0  145
1782  145  0  0  0  0  145
1783  148  0  0  0  0  148
1784  149  0  0  0  0  149
1785  148  5  1  0  0  154
1786  167  0  0  0  0  167
1787  174  0  0  0  0  174
1788  173  1  1  0  0  175
1789  180  0  0  0  0  180
1790  184  0  0  2  0  186
1791  194  0  0  0  0  194
1792  194  2  0  0  0  196
1793  200  0  0  0  0  200
1794  199  0  1  0  0  200
1795  200  1  0  0  0  201
1796  196  3  2  1  0  202
1797  5  168  0  28  0  201
1798  226  1  1  0  0  228
1799  227  0  0  0  1  228
1800  230  0  2  1  0  233
1801  235  0  0  0  0  235
1802  251  0  0  0  0  251
1803  251  0  0  0  0  251
1804  251  0  0  0  0  251
1805  27  0  226  0  0  253
1806  262  0  1  1  1  265
1807  266  1  0  0  0  267
1808  264  5  0  0  0  269
1809  271  2  2  0  0  275
1810  278  2  0  0  0  280
1811  281  0  0  0  0  281
1812  163  0  118  0  0  281
1813  286  0  5  0  0  292
1814  294  1  1  0  0  296
1815  295  0  0  1  1  297
1816  298  0  0  0  0  298
1817  301  0  0  0  1  302
1818  305  0  0  0  0  305
1819  310  0  2  0  0  312
1820  308  0  7  0  0  315
1821  313  2  0  0  2  317
1822  316  0  0  0  0  316
1823  312  0  3  0  0  315
1824  312  0  0  2  0  314
1825  307  0  1  0  4  312
1826  19  0  0  0  286  305
1827  5  10  1  289  0  305
1828  339  0  0  0  0  339
1829  351  0  0  0  0  351
1830  354  1  0  0  6  361
1831  367  1  1  0  0  369
1832  375  0  0  1  0  376
1833  375  0  0  2  2  379
1834  385  0  0  0  0  385
1835  394  0  0  0  0  394
1836  397  0  0  1  0  398
1837  403  0  0  0  0  403
1838  404  0  0  0  1  405
1839  406  0  0  1  0  407
1840  409  0  1  0  0  410
1841  412  0  0  1  1  414
1842  418  0  0  1  0  419
1843  422  0  0  0  0  422
1844  400  2  19  0  0  422
1845  421  1  4  0  0  426
1846  424  4  0  1  0  429
1847  433  0  0  0  0  433
1848  436  0  0  1  0  437
1849  435  2  0  0  2  439
1850  447  0  0  0  0  447
1851  451  2  0  0  0  453
1852  448  0  0  0  0  448
1853  446  0  0  0  0  446
1854  69  0  1  364  0  434
1855  452  0  0  0  0  452
1856  456  0  0  0  1  457
1857  456  0  0  0  0  456
1858  453  0  0  0  0  453
1859  450  0  0  0  1  451
1860  2  0  432  2  0  436
1861  451  2  0  0  0  453
1862  458  0  0  0  0  458
1863  464  0  0  0  0  464
1864  463  0  0  0  0  463
1865  454  0  0  3  0  457
1866  459  0  0  0  0  459
1867  452  1  0  3  0  456
1868  453  0  0  0  0  453
1869  448  1  0  0  0  449
1870  445  0  0  1  1  447
1871  439  1  0  2  0  442
1872  441  0  1  0  0  442
1873  425  0  14  0  0  439
1874  436  0  1  0  0  437
1875  439  0  0  0  0  439
1876  411  23  0  0  0  434
1877  423  1  0  5  1  430
1878  376  0  52  2  0  430
1879  427  1  0  0  0  428
1880  415  5  6  0  1  427
1881  421  4  0  2  0  427
1882  425  0  0  0  1  426
1883  427  0  1  0  0  428
1884  419  0  0  9  1  429
1885  420  0  0  0  2  422
1886  420  0  0  1  1  422
1887  418  0  0  0  0  418
1888  423  0  0  0  0  423
1889  396  1  0  3  21  421
1890  420  0  1  0  1  422
1891  414  0  1  0  5  420
1892  414  0  0  2  1  417
1893  411  0  0  1  0  412
1894  412  0  0  2  0  414
1895  408  0  5  0  0  413
1896  394  13  0  0  0  407
1897  403  0  0  0  0  403
1898  403  0  0  0  0  403
1899  376  11  15  1  0  403
1900  402  0  0  1  1  404
1901  401  0  0  1  1  403
1902  404  0  1  0  0  406
1903  399  0  0  0  1  400
1904  400  0  0  0  0  400
1905  91  6  0  286  2  385
1906  383  2  12  0  0  397
1907  389  2  4  1  0  396
1908  386  0  0  1  13  400
1909  391  2  2  0  0  395
1910  375  0  0  4  7  386
1911  385  0  2  0  0  387
1912  389  0  0  2  0  391
1913  381  0  0  0  5  386
1914  385  3  0  0  1  389
1915  387  0  0  1  0  388
1916  388  0  0  0  0  388
1917  391  0  0  1  0  392
1918  391  0  1  2  0  394
1919  386  0  0  1  1  388
1920  384  0  0  5  0  389
1921  385  1  0  2  0  388
1922  380  3  5  0  0  388
1923  217  0  13  123  0  353
1924  361  0  3  0  0  364
1925  363  0  2  3  0  368
1926  370  0  0  0  0  370
1927  365  3  0  1  1  370
1928  361  5  0  1  0  367
1929  357  1  3  0  0  361
1930  352  1  0  0  1  354
1931  342  0  0  4  0  346
1932  336  0  2  0  0  338
1933  319  0  7  1  0  327
1934  326  0  0  1  0  327
1935  307  14  0  0  0  321
1936  280  6  31  0  0  317
1937  311  3  0  0  1  315
1938  284  0  0  23  0  307
1939  305  1  0  1  1  308
1940  306  0  3  0  1  310
1941  290  10  0  0  1  301
1942  290  1  0  2  0  293
1943  293  0  2  0  0  295
1944  292  0  0  0  2  294
1945  289  0  0  0  2  291
1946  277  0  1  2  1  281
1947  278  0  0  0  0  278
1948  278  0  0  0  0  278
1949  253  18  2  0  0  273
1950  269  1  0  0  0  270
1951  262  0  0  1  0  263
1952  258  0  0  0  0  258
1953  253  0  0  0  0  253
1954  249  0  0  0  1  250
1955  243  0  1  0  0  244
1956  239  1  2  0  0  242
1957  231  1  0  5  3  240
1958  230  2  5  0  0  237
1959  231  0  0  0  3  234
1960  216  1  14  0  0  231
1961  222  0  0  0  4  226
1962  230  0  2  0  0  232
1963  231  0  0  0  1  232
1964  229  0  0  1  1  231
1965  227  0  9  0  0  236
1966  231  1  0  0  1  233
1967  231  1  0  7  0  239
1968  241  0  0  1  0  242
1969  238  0  0  4  2  244
1970  240  0  0  2  0  242
1971  138  101  0  0  0  239
1972  255  0  0  0  0  255
1973  259  0  0  0  0  259
1974  261  0  0  0  0  261
1975  252  0  2  0  1  255
1976  257  2  0  0  0  259
1977  235  0  1  17  1  254
1978  253  0  0  0  0  253
1979  258  0  0  0  0  258
1980  254  0  4  0  0  258
1981  218  33  1  0  1  253
1982  253  0  2  0  0  255
1983  235  17  1  0  1  254
1984  248  1  0  0  2  251
1985  250  0  0  0  0  250
1986  251  2  0  0  0  253
1987  248  0  0  0  0  248
1988  238  0  0  4  3  245
1989  242  4  0  0  0  246
1990  238  0  1  0  2  241
1991  241  0  1  0  0  242
1992  241  0  0  1  0  242
1993  240  1  0  0  0  241
1994  235  3  1  0  0  239
1995  234  2  0  0  0  236
1996  225  7  0  0  0  232
1997  221  0  1  1  0  223
1998  218  2  1  0  0  221
1999  219  3  0  0  0  222
2000  217  0  0  0  1  218
2001  214  1  0  0  0  215
2002  212  0  0  0  0  212
2003  206  0  0  0  0  206
2004  54  0  0  1  141  196
2005  198  0  1  0  0  199
2006  194  6  0  0  0  200
2007  192  2  0  2  1  197
2008  194  0  3  0  0  197
2009  190  3  0  2  0  195
2010  205  0  0  0  0  205
2011  205  0  0  0  0  205
2012  191  0  0  1  1  193
2013  192  0  0  0  0  192
2014  194  0  0  0  0  194
2015  192  0  0  0  0  192
2016  188  0  1  0  0  189
2017  184  0  0  0  0  184
2018  180  0  0  0  0  180
2019  180  0  0  0  0  180
2020  179  0  0  0  0  179
2021  173  0  1  3  0  177
2022  176  0  0  0  0  176
2023  170  4  1  0  0  175
2024  166  0  5  0  0  171
2025  160  5  0  0  0  165
2026  165  0  0  0  0  165
2027  165  0  0  0  0  165
2028  162  0  2  0  0  164
2029  27  1  0  1  134  163
2030  158  5  0  0  0  163
2031  164  0  0  0  0  164
2032  164  0  0  0  0  164
2033  164  0  0  0  0  164
2034  156  4  0  0  1  161
2035  161  0  0  0  0  161
2036  147  14  0  0  0  161
2037  160  0  0  0  0  160
2038  159  0  0  0  0  159
2039  158  0  0  0  0  158
2040  157  1  0  0  0  158
2041  152  0  1  0  1  154
2042  151  1  0  0  0  152
2043  139  0  0  0  8  147
2044  139  8  0  0  0  147
2045  142  0  0  0  3  145
2046  0  0  6  0  136  142
2047  142  0  0  0  0  142
2048  139  0  1  1  1  142
2049  142  0  0  0  0  142
2050  142  0  0  0  0  142
2051  140  0  0  0  0  140
2052  139  0  0  0  0  139
2053  142  0  1  0  0  143
2054  145  0  0  0  0  145
2055  136  0  0  8  0  144
2056  144  0  0  0  0  144
2057  142  0  0  0  0  142
2058  141  0  0  0  0  141
2059  139  0  0  1  0  140
2060  139  0  0  0  0  139
2061  0  0  2  0  120  122
2062  123  0  0  0  1  124
2063  124  0  0  0  0  124
2064  124  0  0  0  0  124
2065  109  0  8  0  0  118
2066  113  0  0  0  1  114
2067  103  0  2  0  0  105
2068  83  19  0  0  0  102
2069  92  2  0  0  5  99
2070  96  0  0  0  0  96
2071  92  0  0  0  0  92
2072  86  0  0  0  0  86
2073  76  4  0  0  0  80
2074  72  0  0  0  3  75
2075  72  0  0  0  0  72
2076  69  0  1  0  0  70
2077  65  0  0  0  0  65
2078  58  5  0  0  0  63
2079  56  0  0  3  0  59
2080  54  0  0  0  0  54
2081  52  0  0  0  0  52
2082  10  29  3  0  0  42
2083  44  0  0  0  0  44
2084  41  0  0  1  3  45
2085  46  1  0  0  0  47
2086  48  0  0  0  0  48
2087  47  0  0  0  0  47
2088  41  0  2  0  0  43
2089  43  0  0  0  0  43
2090  41  0  3  0  0  44
2091  42  0  0  0  0  42
2092  36  0  0  6  0  42
2093  42  0  0  0  0  42
2094  40  0  2  0  0  42
2095  43  0  0  0  0  43
2096  39  2  0  0  0  41
2097  41  0  0  0  0  41
2098  41  0  0  0  0  41
2099  41  0  2  0  0  43
2100  42  2  0  0  0  44
2101  44  0  0  0  0  44
2102  46  0  0  0  0  46
2103  46  0  0  0  0  46
2104  46  0  0  0  0  46
2105  47  0  0  0  0  47
2106  43  0  1  0  0  44
2107  42  0  2  0  0  44
2108  39  4  0  0  1  44
2109  44  0  0  0  0  44
2110  44  0  0  0  0  44
2111  43  0  0  0  0  43
2112  43  0  0  0  0  43
2113  42  0  0  0  1  43
2114  43  0  0  0  0  43
2115  40  0  0  0  3  43
2116  43  0  0  0  0  43
2117  43  0  0  0  0  43
2118  37  6  0  0  0  43
2119  45  0  0  0  0  45
2120  45  0  0  0  0  45
2121  43  0  3  0  0  46
2122  46  0  0  0  0  46
2123  47  0  0  0  0  47
2124  45  0  0  0  2  47
2125  43  0  6  0  0  49
2126  49  0  0  1  0  50
2127  48  0  0  1  0  49
2128  48  0  0  0  1  49
2129  48  0  0  0  0  48
2130  50  1  0  0  0  51
2131  45  3  2  0  0  50
2132  48  0  0  0  0  48
2133  48  0  0  0  0  48
2134  50  0  0  0  0  50
2135  50  0  0  0  0  50
2136  50  0  0  0  1  51
2137  50  0  1  0  0  51
2138  50  0  0  0  0  50
2139  48  0  2  0  0  50
2140  28  0  0  22  0  50
2141  52  0  0  1  1  54
2142  54  0  0  1  0  55
2143  56  0  0  0  0  56
2144  55  1  0  0  0  56
2145  56  0  0  0  0  56
2146  56  0  0  0  0  56
2147  10  8  27  0  10  55
2148  63  0  0  0  0  63
2149  63  0  0  0  1  64
2150  64  0  0  0  0  64
2151  58  0  7  0  0  65
2152  65  1  0  0  0  66
2153  66  0  0  1  0  67
2154  66  1  0  0  0  67
2155  61  2  2  0  0  65
2156  64  0  0  0  0  64
2157  55  1  7  0  0  63
2158  54  9  1  0  0  64
2159  64  0  1  0  0  65
2160  61  0  0  7  0  68
2161  68  0  0  0  0  68
2162  74  0  0  0  0  74
2163  73  0  0  0  0  73
2164  72  0  0  0  2  74
2165  75  0  0  0  1  76
2166  76  0  0  0  0  76
2167  74  2  0  0  1  77
2168  75  0  0  0  0  75
2169  75  0  0  0  0  75
2170  78  0  0  0  0  78
2171  79  0  0  0  1  80
2172  68  0  11  0  0  79
2173  80  0  1  0  1  82
2174  82  0  0  1  0  83
2175  83  0  3  0  0  86
2176  82  6  0  0  0  88
2177  88  0  1  0  0  89
2178  84  0  0  0  6  90
2179  91  0  0  0  0  91
2180  88  1  4  0  0  93
2181  94  0  0  0  0  94
2182  81  0  13  0  0  94
2183  94  0  0  0  0  94
2184  96  0  1  0  0  97
2185  100  0  0  0  0  100
2186  102  0  0  0  0  102
2187  101  0  0  1  0  102
2188  105  0  0  0  0  105
2189  103  0  0  3  0  106
2190  91  0  0  0  15  106
2191  107  0  0  0  0  107
2192  87  6  13  0  0  106
2193  108  0  0  0  1  109
2194  85  0  24  0  0  109
2195  109  1  0  0  0  110
2196  105  9  0  0  0  114
2197  113  0  0  0  0  113
2198  103  10  0  0  0  113
2199  103  0  9  2  1  115
2200  106  0  11  0  0  117
2201  99  1  21  0  0  121
2202  131  2  0  0  0  133
2203  135  1  1  0  0  137
2204  142  0  0  0  1  143
2205  156  2  0  0  0  158
2206  156  0  0  2  0  158
2207  164  0  0  0  0  164
2208  177  9  0  0  0  186
2209  193  0  0  0  0  193
2210  192  0  0  0  0  192
2211  191  0  0  0  0  191
2212  191  0  0  0  0  191
2213  0  6  0  179  0  185
2214  175  24  1  0  0  200
2215  193  0  12  1  0  206
2216  198  16  1  0  0  215
2217  205  0  0  0  14  219
2218  219  0  2  0  0  221
2219  227  0  0  0  0  227
2220  223  0  0  8  0  231
2221  238  0  1  0  0  239
2222  233  0  0  7  1  241
2223  244  0  0  0  0  244
2224  240  0  5  0  0  245
2225  249  0  0  0  0  249
2226  251  0  0  0  0  251
2227  250  0  0  0  0  250
2228  250  0  0  0  0  250
2229  243  2  0  0  4  249
2230  257  0  1  0  1  259
2231  259  0  0  1  0  260
2232  255  0  3  5  0  263
2233  262  0  1  0  0  264
2234  261  0  1  4  0  266
2235  260  1  10  0  0  271
2236  263  15  0  0  0  278
2237  277  0  0  1  0  278
2238  262  11  4  1  0  278
2239  9  0  4  264  0  277
2240  286  0  4  0  0  290
2241  293  0  0  1  0  294
2242  292  0  0  0  1  293
2243  290  1  0  1  1  293
2244  162  1  127  0  0  290
2245  291  0  1  0  1  293
2246  295  0  3  0  0  298
2247  296  7  0  0  0  303
2248  303  0  0  0  0  303
2249  294  0  0  0  5  299
2250  299  0  0  0  0  299
2251  1  0  0  296  0  297
2252  303  0  0  0  0  303
2253  283  0  0  0  21  304
2254  295  12  0  0  0  307
2255  307  0  0  0  0  307
2256  306  0  1  0  1  308
2257  297  11  0  0  1  309
2258  309  0  0  0  0  309
2259  306  0  3  0  0  309
2260  308  0  0  0  0  308
2261  309  0  0  2  0  311
2262  311  0  0  0  0  311
2263  312  0  0  0  0  312
2264  283  21  7  0  0  311
2265  314  0  0  0  1  315
2266  312  0  0  0  3  315
2267  308  0  3  2  4  317
2268  318  1  0  0  0  319
2269  318  1  0  0  0  319
2270  321  0  0  0  0  321
2271  311  0  12  0  0  323
2272  320  0  1  0  0  321
2273  309  11  0  0  0  320
2274  317  1  0  0  0  318
2275  312  1  2  2  0  317
2276  19  0  0  294  0  313
2277  315  0  0  18  0  333
2278  334  0  0  0  0  334
2279  331  0  0  4  0  335
2280  337  0  0  0  0  337
2281  341  0  0  0  0  341
2282  340  0  1  0  0  341
2283  342  0  0  0  0  342
2284  339  1  0  0  0  340
2285  335  1  1  0  0  337
2286  335  0  0  0  1  336
2287  2  196  0  0  131  329
2288  334  7  0  0  0  341
2289  318  0  0  11  17  346
2290  358  0  0  0  0  358
2291  355  1  0  0  3  359
2292  339  5  0  13  1  358
2293  355  1  3  0  0  359
2294  340  2  15  1  0  358
2295  352  0  6  0  0  358
2296  352  1  0  0  0  353
2297  334  0  0  0  0  334
2298  21  0  0  295  0  316
2299  333  0  2  0  0  335
2300  308  0  22  5  0  335
2301  339  0  0  0  0  339
2302  326  1  1  0  0  328
2303  315  0  9  0  1  325
2304  301  0  14  0  0  315
2305  293  8  0  0  0  301
2306  288  0  0  0  1  289
2307  262  8  14  0  0  284
2308  267  3  1  0  0  271
2309  264  0  0  0  0  264
2310  256  4  0  0  0  260
2311  256  0  1  0  0  257
2312  253  0  0  2  0  255
2313  242  0  6  0  0  248
2314  245  1  0  0  0  246
2315  246  0  0  0  0  246
2316  226  11  6  0  0  243
2317  241  0  1  0  0  242
2318  232  4  2  0  2  240
2319  240  0  0  0  0  240
2320  238  0  0  0  0  238
2321  232  0  0  2  0  234
2322  225  0  0  0  5  230
2323  227  3  0  0  0  230
2324  215  0  15  0  0  230
2325  228  0  0  0  0  228
2326  218  12  0  0  0  230
2327  229  0  0  0  0  229
2328  200  1  0  0  25  226
2329  226  0  0  0  0  226
2330  221  2  0  0  0  223
2331  221  0  0  1  0  222
2332  221  0  0  0  0  221
2333  219  0  0  0  0  219
2334  215  0  1  0  0  216
2335  213  4  0  0  0  217
2336  214  0  0  0  1  215
2337  55  0  131  0  20  206
2338  197  8  0  0  2  207
2339  203  0  0  0  4  207
2340  202  1  3  0  0  206
2341  202  0  0  1  1  204
2342  199  3  0  0  2  204
2343  195  1  0  5  0  202
2344  201  0  2  0  0  203
2345  201  1  0  0  0  202
2346  179  1  13  2  0  195
2347  188  7  0  0  0  195
2348  189  0  1  0  0  190
2349  187  0  0  0  1  188
2350  179  6  0  0  0  185
2351  183  0  0  0  0  183
2352  181  0  0  0  0  181
2353  179  1  3  0  1  184
2354  179  0  2  1  0  182
2355  183  0  0  0  0  183
2356  182  0  0  0  0  182
2357  179  0  0  2  1  182
2358  174  5  2  0  0  181
2359  173  7  0  0  0  180
2360  180  0  0  0  0  180
2361  176  0  0  1  1  178
2362  172  0  1  1  0  174
2363  6  0  3  0  156  165
2364  165  0  2  0  0  167
2365  164  1  1  0  0  166
2366  166  1  0  0  0  167
2367  164  0  1  0  0  165
2368  158  0  3  0  0  161
2369  162  0  0  0  0  162
2370  160  0  0  1  1  162
2371  161  0  0  1  0  162
2372  161  0  0  0  0  161
2373  160  0  0  0  0  160
2374  155  0  0  0  1  156
2375  142  0  0  6  0  148
2376  72  63  0  0  0  135
2377  134  0  0  1  0  135
2378  135  1  0  0  0  136
2379  129  6  0  0  0  135
2380  125  1  4  1  0  131
2381  124  0  0  0  0  124
2382  118  0  0  2  0  120
2383  117  0  0  0  0  117
2384  111  0  0  1  0  112
2385  109  0  0  0  0  109
2386  105  0  0  0  0  105
2387  104  0  0  0  0  104
2388  101  0  0  0  0  101
2389  96  1  0  0  0  97
2390  95  0  0  0  0  95
2391  90  1  1  0  0  92
2392  83  3  1  0  0  87
2393  84  0  1  0  0  85
2394  81  0  0  0  0  81
2395  74  0  0  1  1  76
2396  75  0  0  0  0  75
2397  67  5  0  0  0  72
2398  64  0  0  0  0  64
2399  60  0  0  0  0  60
2400  40  1  1  15  0  57
2401  52  6  0  0  0  58
2402  58  1  0  0  0  59
2403  60  1  0  1  0  62
2404  64  0  0  0  0  64
2405  63  0  0  0  0  63
2406  63  0  0  0  0  63
2407  61  0  0  1  0  62
2408  62  0  0  0  0  62
2409  60  0  0  0  0  60
2410  60  0  1  0  0  61
2411  61  0  0  0  0  61
2412  58  0  1  0  0  59
2413  57  1  0  0  0  58
2414  57  0  0  0  1  58
2415  1  54  0  0  0  55
2416  55  2  0  0  0  57
2417  57  0  0  0  0  57
2418  56  0  0  0  1  57
2419  48  0  10  0  0  58
2420  59  1  0  0  0  60
2421  59  0  0  2  0  61
2422  61  0  1  0  0  62
2423  58  0  0  0  0  58
2424  49  0  7  1  0  57
2425  55  0  0  0  0  55
2426  53  0  0  0  0  53
2427  53  0  0  0  0  53
2428  50  0  0  0  1  51
2429  52  0  0  0  0  52
2430  50  1  0  0  0  51
2431  51  0  0  0  0  51
2432  49  0  0  3  0  52
2433  51  0  0  1  0  52
2434  28  0  1  0  22  51
2435  2  0  0  48  0  50
2436  56  0  0  0  0  56
2437  57  0  0  0  0  57
2438  56  0  0  0  0  56
2439  56  0  0  0  0  56
2440  56  0  0  0  0  56
2441  55  0  0  0  0  55
2442  53  0  1  0  0  54
2443  53  0  0  0  0  53
2444  52  0  0  1  0  53
2445  48  3  1  0  0  52
2446  51  0  1  0  0  52
2447  50  0  0  1  0  51
2448  30  0  0  1  19  50
2449  49  2  0  0  0  51
2450  50  2  0  0  0  52
2451  50  0  0  2  0  52
2452  52  0  0  0  0  52
2453  52  0  0  0  0  52
2454  51  0  1  0  0  52
2455  52  0  0  0  0  52
2456  51  0  0  1  0  52
2457  40  0  13  0  0  53
2458  55  0  0  0  0  55
2459  55  0  0  0  0  55
2460  54  0  0  1  0  56
2461  55  0  0  0  0  55
2462  54  0  0  0  0  54
2463  53  2  0  0  0  55
2464  54  0  0  1  0  55
2465  55  0  0  0  0  55
2466  55  0  0  0  0  55
2467  54  0  0  0  0  54
2468  54  0  0  0  0  54
2469  53  0  0  0  0  53
2470  50  1  2  0  0  53
2471  10  3  0  0  37  50
2472  51  1  1  0  0  53
2473  53  0  0  0  0  53
2474  57  0  0  0  0  57
2475  59  0  0  0  0  59
2476  58  0  0  0  0  59
2477  61  0  0  0  1  63
2478  58  0  0  3  2  63
2479  64  0  0  0  0  64
2480  65  0  0  0  0  65
2481  60  0  3  0  0  63
2482  63  0  0  0  0  63
2483  61  0  0  1  0  62
2484  34  0  0  27  0  61
2485  59  0  0  1  0  60
2486  57  2  1  0  0  60
2487  58  0  0  1  0  59
2488  60  0  0  0  0  60
2489  58  1  1  0  0  60
2490  58  1  1  0  0  60
2491  60  0  0  0  0  60
2492  59  0  0  0  0  59
2493  59  0  0  0  0  59
2494  56  1  0  0  2  59
2495  58  0  1  0  0  59
2496  58  0  0  1  0  59
2497  55  0  3  0  0  58
2498  55  3  0  0  0  58
2499  59  0  0  0  0  59
2500  62  0  0  0  0  62
2501  64  0  0  0  0  64
2502  59  0  0  4  1  64
2503  58  0  0  1  0  59
2504  50  5  0  0  0  56
2505  54  1  0  1  1  57
2506  50  1  0  6  0  57
2507  56  0  0  0  0  56
2508  55  1  0  0  0  56
2509  54  1  0  0  1  56
2510  56  0  1  0  0  57
2511  57  3  0  0  0  60
2512  64  0  0  0  0  64
2513  65  0  0  0  0  65
2514  69  0  0  0  0  69
2515  70  0  0  4  0  74
2516  76  0  0  1  0  77
2517  60  12  3  1  0  77
2518  71  0  7  0  0  78
2519  79  0  0  0  0  79
2520  65  0  0  0  18  83
2521  90  0  0  0  0  90
2522  92  0  1  0  0  93
2523  92  1  0  2  0  95
2524  95  0  0  0  0  96
2525  93  0  0  1  0  94
2526  91  6  0  0  0  97
2527  83  7  4  3  0  97
2528  93  2  0  0  3  99
2529  97  3  0  0  0  100
2530  97  0  1  0  0  98
2531  106  0  0  0  0  106
2532  106  0  0  0  0  106
2533  108  0  0  0  1  110
2534  97  0  0  13  1  111
2535  115  0  0  0  0  115
2536  117  0  0  0  0  117
2537  118  0  0  0  0  118
2538  118  0  0  0  0  118
2539  119  0  0  0  0  119
2540  122  0  0  0  0  122
2541  32  0  1  87  0  120
2542  119  1  6  0  0  126
2543  129  0  0  0  0  129
2544  131  0  0  1  0  132
2545  130  5  0  0  0  135
2546  138  0  0  1  0  139
2547  143  0  0  0  0  143
2548  144  0  0  0  0  144
2549  145  0  0  0  0  145
2550  142  5  1  0  0  148
2551  133  7  0  0  11  152
2552  157  0  0  0  0  157
2553  154  0  4  0  0  158
2554  163  0  0  0  0  163
2555  164  0  0  0  0  164
2556  167  0  1  0  0  168
2557  169  0  0  0  0  169
2558  170  0  2  0  0  172
2559  171  0  0  0  0  171
2560  167  3  0  0  0  170
2561  169  0  0  0  0  169
2562  168  0  2  0  0  170
2563  169  0  0  1  0  170
2564  169  1  0  0  0  170
2565  161  0  0  0  9  170
2566  171  0  0  0  0  171
2567  171  0  0  0  0  171
2568  168  0  0  0  3  171
2569  169  2  0  0  0  171
2570  170  0  0  0  0  170
2571  172  0  0  0  0  172
2572  173  0  0  0  0  173
2573  171  0  0  1  0  172
2574  170  0  0  0  0  170
2575  168  0  1  0  0  169
2576  165  3  0  0  0  168
2577  158  0  6  0  0  164
2578  139  18  3  0  4  164
2579  163  0  0  1  0  164
2580  2  0  0  162  0  164
2581  166  0  0  0  0  166
2582  165  0  0  1  0  166
2583  137  0  0  29  0  166
2584  165  0  0  2  0  167
2585  167  0  0  0  0  167
2586  167  2  0  0  0  169
2587  167  0  0  0  0  167
2588  166  0  0  0  0  166
2589  165  0  2  0  0  167
2590  167  0  0  0  0  167
2591  164  4  0  0  0  168
2592  164  0  0  3  0  167
2593  164  2  0  0  0  166
2594  153  2  9  0  0  164
2595  85  0  0  77  1  163
2596  161  3  0  0  0  164
2597  160  3  0  0  0  163
2598  154  5  0  3  0  162
2599  162  0  0  0  0  162
2600  8  1  0  1  148  158
2601  78  84  0  0  0  162
2602  164  0  0  0  0  164
2603  164  0  0  0  0  164
2604  164  0  0  0  0  164
2605  163  0  0  0  0  163
2606  164  0  0  0  0  164
2607  152  1  3  1  0  157
2608  157  0  0  0  0  157
2609  156  0  0  0  2  158
2610  152  0  6  0  0  158
2611  143  2  6  0  0  151
2612  140  0  0  0  0  140
2613  139  0  0  0  1  140
2614  132  3  1  0  0  136
2615  129  1  0  0  0  130
2616  120  0  0  0  5  125
2617  113  0  8  0  0  121
2618  111  7  0  0  0  118
2619  111  0  5  0  0  116
2620  113  1  0  0  2  116
2621  117  0  0  0  1  118
2622  118  1  0  0  0  119
2623  118  0  0  0  0  118
2624  115  0  0  0  0  115
2625  112  0  0  1  0  113
2626  108  0  0  0  5  113
2627  0  0  0  103  0  103
2628  102  1  0  0  0  103
2629  103  0  0  0  0  103
2630  101  0  1  0  0  102
2631  100  0  0  0  0  100
2632  64  0  33  0  0  97
2633  96  0  0  0  0  96
2634  58  0  0  33  0  91
2635  92  0  0  0  0  92
2636  84  0  7  0  0  91
2637  87  0  2  1  0  90
2638  90  0  0  0  0  90
2639  85  0  0  0  0  85
2640  79  0  0  0  0  79
2641  78  0  0  0  0  78
2642  77  2  0  0  0  79
2643  71  4  0  0  0  75
2644  71  0  0  0  0  71
2645  67  0  0  0  0  67
2646  60  0  3  0  0  63
2647  51  6  1  0  0  58
2648  8  0  0  39  0  47
2649  47  1  0  0  0  48
2650  48  0  0  0  0  48
2651  48  0  0  0  0  48
2652  47  1  0  0  0  48
2653  38  0  10  0  0  48
2654  50  0  0  0  0  50
2655  47  0  0  2  1  50
2656  52  0  0  0  0  52
2657  52  0  0  0  0  52
2658  53  0  0  0  0  53
2659  54  0  0  0  0  54
2660  53  0  0  0  0  53
2661  53  1  1  0  0  55
2662  55  0  0  0  0  55
2663  53  0  0  0  1  54
2664  45  9  0  0  0  54
2665  53  0  0  0  1  54
2666  0  3  13  0  37  53
2667  59  0  0  1  0  60
2668  63  0  0  0  0  63
2669  65  0  1  0  0  66
2670  66  0  0  0  0  66
2671  66  0  0  0  0  66
2672  68  0  0  0  0  68
2673  67  0  0  0  0  67
2674  68  0  0  0  0  68
2675  70  0  0  0  0  70
2676  69  1  0  0  0  70
2677  67  1  0  1  0  69
2678  16  53  0  0  0  69
2679  74  0  0  0  0  74
2680  75  0  0  0  0  75
2681  75  0  0  0  0  75
2682  73  0  0  1  1  75
2683  75  0  0  0  0  75
2684  37  1  0  0  33  71
2685  69  0  0  0  0  69
2686  4  0  64  0  0  68
2687  62  11  0  0  0  73
2688  75  0  0  0  0  75
2689  72  1  1  0  0  75
2690  74  2  0  0  0  76
2691  75  0  0  0  0  75
2692  76  0  1  0  0  77
2693  77  0  1  0  0  78
2694  76  1  1  0  0  78
2695  77  0  1  0  0  78
2696  78  0  0  0  0  78
2697  80  0  0  0  0  80
2698  80  0  0  0  0  80
2699  79  0  0  0  0  79
2700  75  0  2  0  0  77
2701  75  0  2  0  0  77
2702  35  0  1  39  0  75
2703  76  0  0  0  0  76
2704  77  0  0  0  0  77
2705  78  0  0  0  0  78
2706  74  4  0  0  0  78
2707  77  0  1  0  0  78
2708  77  0  0  0  0  77
2709  71  0  0  7  0  78
2710  77  0  0  1  0  78
2711  77  0  2  0  0  79
2712  77  0  0  0  1  78
2713  79  0  0  0  0  79
2714  78  2  0  0  0  80
2715  59  21  0  0  0  80
2716  82  0  0  0  0  82
2717  79  0  0  3  0  82
2718  84  0  0  0  0  84
2719  86  0  0  0  0  86
2720  86  0  0  0  0  86
2721  84  2  0  0  0  86
2722  84  2  0  0  0  86
2723  78  8  0  0  0  86
2724  86  0  0  0  0  86
2725  85  0  1  0  0  86
2726  40  43  0  0  0  83
2727  44  0  0  0  39  83
2728  41  0  0  0  42  83
2729  89  0  0  0  0  89
2730  89  0  0  0  0  89
2731  89  0  0  0  0  89
2732  62  0  0  26  0  88
2733  88  0  2  0  0  90
2734  86  4  0  0  0  90
2735  90  0  0  0  0  90
2736  90  0  1  0  0  91
2737  90  0  1  0  0  91
2738  83  5  2  0  0  90
2739  87  0  0  0  2  89
2740  88  0  0  0  0  88
2741  89  1  0  0  0  91
2742  90  0  0  0  0  90
2743  90  0  0  0  0  90
2744  85  1  1  0  0  87
2745  88  0  0  0  0  88
2746  89  0  0  0  0  89
2747  90  0  0  0  0  90
2748  88  0  1  0  2  91
2749  92  0  0  0  0  92
2750  90  0  4  0  0  94
2751  95  0  0  0  0  95
2752  91  2  0  0  0  93
2753  94  0  0  0  0  94
2754  94  0  0  0  0  94
2755  92  1  0  1  0  94
2756  43  0  47  0  0  91
2757  89  3  0  0  0  92
2758  91  0  0  0  1  92
2759  86  6  0  0  0  92
2760  92  0  0  0  0  92
2761  90  0  0  0  0  90
2762  89  0  2  0  0  91
2763  88  0  0  0  0  88
2764  87  0  0  0  1  88
2765  86  0  0  0  2  88
2766  82  3  0  0  1  86
2767  84  0  0  0  0  84
2768  84  0  0  0  0  84
2769  81  0  0  0  0  81
2770  80  0  0  0  0  80
2771  76  0  0  0  0  76
2772  74  0  0  0  0  74
2773  72  1  0  0  0  73
2774  73  0  0  0  0  73
2775  72  0  0  0  0  72
2776  69  0  0  0  0  69
2777  68  0  0  0  0  68
2778  66  0  1  0  0  67
2779  66  0  0  0  0  66
2780  62  0  0  0  0  62
2781  60  1  0  0  0  61
2782  53  1  5  0  0  59
2783  59  0  0  0  0  59
2784  59  0  0  0  0  59
2785  59  0  0  0  0  59
2786  58  0  0  0  0  58
2787  58  0  0  0  0  58
2788  54  0  0  0  0  54
2789  54  0  0  0  0  54
2790  49  0  0  0  0  49
2791  0  0  0  0  0  0
2792  0  0  0  0  0  0
2793  0  0  0  0  0  0
2794  0  0  0  0  0  0
2795  0  0  0  0  0  0
2796  0  0  0  0  0  0
2797  0  0  0  0  0  0
2798  0  0  0  0  0  0
2799  0  0  0  0  0  0
2800  0  0  0  0  0  0
2801  0  0  0  0  0  0
2802  0  0  0  0  0  0
2803  0  0  0  0  0  0
2804  0  0  0  0  0  0
2805  0  0  0  0  0  0
2806  0  0  0  0  0  0
2807  0  0  0  0  0  0
2808  0  0  0  0  0  0
2809  0  0  0  0  0  0
2810  0  0  0  0  0  0
2811  0  0  0  0  0  0
2812  0  0  0  0  0  0
2813  0  0  0  0  0  0
2814  0  0  0  0  0  0
2815  0  0  0  0  0  0
2816  0  0  0  0  0  0
2817  0  0  0  0  0  0
2818  0  0  0  0  0  0
2819  0  0  0  0  0  0
2820  0  0  0  0  0  0
2821  0  0  0  0  0  0
2822  0  0  0  0  0  0
2823  0  0  0  0  0  0
2824  0  0  0  0  0  0
