Position	CountMatch	CountA	CountT	CountG	CountC	Depth
1  5745  0  0  0  0  5520
2  6031  0  0  0  0  6025
3  7729  9  0  11  26  7705
4  7540  228  202  18  0  7984
5  7877  31  330  14  0  8245
6  8364  147  38  0  32  8576
7  6395  2046  193  0  102  8734
8  9604  161  138  19  0  9896
9  9967  47  93  18  0  10124
10  9663  218  452  21  0  10351
11  10445  0  57  39  78  10619
12  10603  60  0  13  24  10700
13  10858  46  0  9  17  10930
14  10883  66  0  72  34  11055
15  10144  379  722  0  33  11278
16  11000  272  69  0  50  11390
17  11241  0  82  130  28  11481
18  8342  3065  139  0  29  11575
19  11786  107  137  0  43  12073
20  12011  95  131  0  22  12259
21  11922  53  0  327  54  12355
22  12024  228  220  76  0  12548
23  12605  0  62  37  58  12762
24  12816  0  38  16  13  12883
25  12733  0  79  58  106  12976
26  12453  107  506  78  0  13143
27  12742  649  80  0  42  13513
28  13597  0  67  44  3  13711
29  13190  229  403  0  30  13852
30  13640  133  238  58  0  14066
31  13604  148  449  29  0  14230
32  13701  118  517  55  0  14391
33  13585  103  814  42  0  14544
34  13441  1021  78  0  103  14643
35  14652  0  96  38  33  14818
36  14750  0  92  65  18  14925
37  14599  270  121  0  53  15042
38  13930  253  929  85  0  15197
39  14624  540  136  0  60  15360
40  15126  0  91  72  170  15459
41  15253  174  118  0  52  15597
42  15413  124  178  35  0  15749
43  15646  0  79  87  19  15831
44  15671  112  0  18  80  15881
45  15588  0  95  89  58  15830
46  15105  172  536  46  0  15859
47  11907  509  150  0  3202  15768
48  15649  79  274  55  0  16057
49  15746  114  192  31  0  16083
50  15755  84  0  38  184  16061
51  15200  280  696  37  0  16212
52  16009  0  95  102  61  16265
53  16101  117  0  42  45  16305
54  16190  50  0  67  32  16339
55  16237  65  0  16  24  16342
56  14899  200  964  119  0  16182
57  14929  1006  123  0  63  16121
58  15845  0  102  73  28  16048
59  12695  120  3149  36  0  16000
60  15197  741  178  0  32  16148
61  16039  0  107  26  27  16199
62  16120  92  0  18  26  16256
63  16071  153  0  15  22  16261
64  16179  50  0  15  19  16263
65  16080  42  0  22  63  16207
66  14859  137  965  87  0  16048
67  14856  831  230  0  78  15989
68  15642  134  0  147  77  16000
69  15540  271  177  0  77  16065
70  15666  125  0  52  97  15940
71  15588  134  240  0  54  16016
72  15492  114  201  96  0  15903
73  15122  481  0  72  152  15827
74  15632  0  55  142  50  15878
75  15605  115  0  20  141  15881
76  14250  0  1184  190  53  15677
77  15071  528  97  0  82  15778
78  15021  297  361  114  0  15793
79  15513  0  114  79  54  15760
80  13118  2459  136  32  0  15744
81  15558  0  106  48  81  15792
82  15425  141  315  20  0  15900
83  14530  343  690  352  0  15915
84  15504  0  305  51  81  15941
85  15612  224  0  61  68  15964
86  15922  87  0  34  47  16087
87  16087  67  0  20  19  16192
88  16016  128  0  27  29  16199
89  16025  68  0  41  48  16182
90  15664  138  0  79  250  16130
91  15210  443  309  0  71  16033
92  15447  387  148  0  15  15997
93  15056  621  245  0  47  15969
94  15670  140  0  76  36  15922
95  15314  292  331  0  25  15962
96  15773  0  67  61  26  15927
97  15743  70  0  20  69  15902
98  15013  145  654  59  0  15871
99  14452  230  760  346  0  15789
100  12595  2776  284  0  78  15732
101  14718  738  247  0  85  15790
102  15641  0  72  46  43  15802
103  15670  108  0  22  61  15858
104  15704  89  0  22  35  15850
105  14014  273  1361  98  0  15745
106  14135  242  1328  69  0  15773
107  14176  1407  150  0  40  15773
108  15262  0  155  301  50  15768
109  14189  470  1170  41  0  15870
110  15072  655  222  0  41  15990
111  15778  124  0  31  51  15984
112  14991  638  387  52  0  16065
113  15916  0  110  86  51  16158
114  16019  0  132  56  33  16239
115  16139  0  131  34  35  16335
116  16253  0  63  21  21  16355
117  16107  0  127  48  47  16324
118  15963  174  0  168  30  16333
119  15609  339  378  0  33  16348
120  15757  215  329  58  0  16352
121  14748  1119  385  74  0  16323
122  16095  0  165  66  39  16347
123  16083  0  199  22  51  16348
124  15209  0  979  39  95  16313
125  15161  856  0  55  160  16228
126  14422  747  0  915  75  16149
127  15672  359  0  66  84  16171
128  11977  313  0  3591  77  15940
129  15812  191  0  28  41  16051
130  15770  108  0  35  102  16010
131  11703  189  3838  122  0  15848
132  13529  1810  409  0  118  15854
133  15658  103  0  78  81  15913
134  15212  452  206  0  125  15990
135  15408  348  148  0  84  15986
136  15579  0  131  105  37  15849
137  14726  284  778  79  0  15865
138  13929  1679  149  0  52  15802
139  15591  70  0  35  63  15758
140  15053  176  545  28  0  15797
141  13862  175  1623  59  0  15718
142  13457  1197  939  0  120  15706
143  15493  74  0  38  120  15723
144  15174  292  241  145  0  15836
145  15638  0  128  54  49  15862
146  15370  0  189  98  38  15691
147  15083  199  305  0  97  15682
148  15346  0  106  86  118  15654
149  15318  179  233  48  0  15772
150  14581  436  206  408  0  15631
151  15185  224  0  36  105  15548
152  15392  86  0  28  81  15578
153  13753  205  1276  0  185  15419
154  14891  137  0  68  196  15292
155  13748  844  410  134  0  15136
156  14426  392  0  66  116  15000
157  14554  0  149  82  21  14806
158  14510  75  0  49  94  14728
159  14062  192  232  0  53  14539
160  13857  222  206  58  0  14343
161  13857  0  84  116  26  14083
162  13739  106  0  69  49  13963
163  12031  0  156  126  1282  13595
164  12209  233  916  100  0  13458
165  12451  683  122  0  29  13285
166  12395  488  152  0  58  13093
167  12623  106  0  99  96  12924
168  12595  103  0  49  27  12775
169  11735  163  610  0  45  12553
170  11338  134  816  0  54  12342
171  11556  362  197  53  0  12168
172  11530  233  222  17  0  12002
173  10886  0  86  53  727  11752
174  11591  25  0  17  32  11665
175  11141  166  144  8  0  11459
176  10969  0  26  103  57  11155
177  10278  199  360  43  0  10880
178  9848  505  55  0  50  10458
179  9838  45  85  0  8  9976
180  8898  21  16  3  0  8938
181  7892  0  0  0  0  7892
182  0  0  0  0  0  0
183  0  0  0  0  0  0
