Position	CountMatch	CountA	CountT	CountG	CountC	Depth
1  2704  0  0  0  0  2568
2  2644  0  0  0  0  2644
3  2639  15  0  3  92  2747
4  5107  5  0  2  13  5090
5  5196  16  33  5  0  5250
6  4758  410  194  7  0  5369
7  5744  0  30  12  16  5797
8  5836  0  25  16  9  5886
9  5893  0  27  16  6  5942
10  5711  32  0  212  26  5981
11  5487  440  146  0  17  6091
12  5970  99  50  0  12  6131
13  5960  66  109  0  26  6161
14  3451  84  0  68  2583  6186
15  6051  69  217  40  0  6377
16  5726  651  67  0  31  6475
17  5582  480  466  0  17  6547
18  6615  0  16  38  19  6688
19  4959  1626  118  60  0  6763
20  6777  0  104  573  13  7467
21  6714  0  102  775  7  7598
22  7137  232  534  0  35  7938
23  7656  228  161  37  0  8082
24  7581  119  513  68  0  8281
25  7952  304  180  0  73  8509
26  8460  31  0  41  66  8598
27  8554  92  112  0  28  8785
28  8830  0  24  21  7  8883
29  8145  45  0  705  38  8934
30  8805  175  140  0  8  9128
31  8839  136  226  0  40  9241
32  8486  723  115  41  0  9367
33  8764  562  135  45  0  9507
34  9473  0  70  40  47  9631
35  9509  0  56  86  45  9696
36  9173  143  420  55  0  9792
37  9225  114  454  36  0  9830
38  8964  660  171  0  68  9864
39  8243  115  0  1472  56  9887
40  10036  0  73  20  71  10200
41  10095  60  0  38  71  10264
42  10019  166  164  0  48  10397
43  10120  160  149  41  0  10470
44  10320  0  40  82  25  10467
45  10246  127  0  7  98  10478
46  10101  0  226  74  29  10430
47  9615  268  532  0  86  10501
48  10393  0  56  59  85  10593
49  9581  783  187  102  0  10654
50  10527  0  58  63  19  10667
51  10409  0  136  61  13  10618
52  9685  125  319  0  479  10608
53  10428  118  120  0  32  10699
54  10337  50  0  124  91  10602
55  10258  187  116  66  0  10627
56  10436  141  0  19  46  10643
57  10555  115  0  15  52  10738
58  10243  186  199  0  98  10727
59  10412  0  44  109  32  10598
60  8822  758  890  109  0  10582
61  9282  1136  130  0  55  10604
62  10116  396  79  0  63  10654
63  10479  0  37  64  27  10607
64  9445  122  1074  21  0  10664
65  9988  472  155  0  84  10700
66  10522  96  0  32  51  10702
67  10418  78  232  53  0  10781
68  10281  121  339  89  0  10830
69  10563  0  88  61  60  10772
70  9313  299  1050  69  0  10731
71  6855  3640  157  0  78  10730
72  10891  0  56  54  43  11045
73  10917  0  136  41  33  11127
74  9387  0  222  33  1456  11098
75  10828  0  276  37  61  11202
76  10035  0  516  45  586  11182
77  10507  0  536  103  77  11224
78  10246  973  0  57  25  11301
79  11145  165  0  38  12  11360
80  11141  148  0  33  51  11376
81  10091  333  886  0  68  11378
82  10909  290  194  0  47  11442
83  10834  289  318  30  0  11473
84  11199  0  193  36  66  11494
85  11333  100  0  57  18  11510
86  11499  51  0  11  19  11580
87  11500  87  0  22  19  11628
88  11473  50  0  28  54  11608
89  11365  73  0  51  64  11553
90  10576  328  524  0  51  11480
91  11229  0  114  55  35  11433
92  10532  139  723  52  0  11447
93  10133  1050  159  0  45  11388
94  11086  118  0  49  100  11355
95  10192  131  998  49  0  11372
96  10186  984  177  0  48  11395
97  9968  1186  208  0  69  11432
98  11419  0  58  22  25  11523
99  11330  0  114  46  11  11503
100  11368  54  0  24  46  11493
101  10518  198  664  79  0  11459
102  9118  172  2095  49  0  11435
103  10167  761  210  0  328  11467
104  10781  594  121  0  46  11542
105  11493  0  43  34  25  11595
106  11466  69  0  24  57  11616
107  11136  256  222  18  0  11632
108  11404  0  85  46  74  11609
109  11065  165  397  45  0  11673
110  11292  108  303  10  0  11713
111  11143  312  260  63  0  11779
112  11443  0  184  173  72  11869
113  11803  0  83  35  41  11960
114  11826  0  102  39  28  11995
115  11901  0  48  21  21  11990
116  11752  0  76  54  38  11920
117  11569  0  163  55  52  11837
118  11436  251  0  80  52  11817
119  10864  439  302  0  179  11782
120  11291  262  149  0  38  11738
121  11409  105  0  102  56  11672
122  8358  127  3094  0  35  11608
123  11410  101  0  40  81  11631
124  10897  427  251  0  98  11668
125  11036  98  436  89  0  11658
126  10267  1128  0  43  167  11603
127  11532  0  90  159  12  11766
128  11551  78  0  56  87  11769
129  11165  0  350  152  41  11699
130  11446  155  93  0  59  11738
131  11345  249  111  70  0  11770
132  11449  0  121  96  43  11707
133  11282  173  232  54  0  11733
134  11414  0  97  76  61  11647
135  10582  154  799  102  0  11637
136  10616  950  72  0  48  11678
137  11700  0  39  36  33  11801
138  11734  0  50  12  22  11815
139  11586  0  131  17  21  11753
140  11539  0  60  35  22  11656
141  11494  77  0  12  33  11619
142  10755  148  589  31  0  11523
143  8620  2540  93  0  81  11335
144  11086  107  0  29  57  11281
145  10238  138  874  63  0  11311
146  10138  866  209  0  98  11308
147  11201  0  47  30  14  11289
148  11124  0  43  30  15  11212
149  10945  0  80  45  29  11098
150  10824  58  0  71  77  11032
151  10202  489  208  0  14  10912
152  10463  0  81  156  20  10720
153  10327  220  62  0  47  10656
154  10201  296  50  0  34  10582
155  4045  90  353  0  5781  10269
156  9701  284  166  0  38  10189
157  9893  60  0  47  63  10064
158  9854  0  89  46  26  10015
159  9819  47  0  21  56  9944
160  9605  141  62  0  31  9839
161  9488  97  97  31  0  9714
162  9303  65  0  153  46  9567
163  8937  105  341  32  0  9415
164  8491  545  155  0  56  9247
165  8835  63  190  33  0  9121
166  8923  50  0  14  24  9011
167  8757  91  0  8  30  8886
168  8124  53  460  56  0  8694
169  7955  461  66  0  29  8512
170  7969  329  57  0  26  8383
171  7899  245  77  0  27  8249
172  7828  144  92  0  28  8092
173  7568  245  90  29  0  7933
174  7717  61  0  6  18  7802
175  7039  37  527  25  0  7629
176  6918  285  58  0  68  7331
177  7070  28  0  59  34  7191
178  7070  25  0  5  23  7124
179  6924  5  0  9  12  6950
180  6373  5  18  0  1  6398
181  6093  0  0  0  0  6093
182  0  0  0  0  0  0
183  0  0  0  0  0  0
