Position	CountMatch	CountA	CountT	CountG	CountC	Depth
1  5286  0  0  0  0  5084
2  5560  0  0  0  0  5559
3  7409  3  0  3  18  7353
4  7149  217  193  10  0  7568
5  7577  31  245  5  0  7851
6  7877  129  63  0  12  8079
7  5440  2502  226  0  71  8234
8  9264  146  135  21  0  9535
9  9611  41  97  20  0  9765
10  9377  167  386  24  0  9953
11  10085  0  73  18  68  10242
12  10269  41  0  12  19  10338
13  10421  63  0  7  12  10503
14  10389  96  0  51  86  10622
15  9634  480  663  0  26  10803
16  10470  295  69  0  56  10890
17  10862  0  54  39  15  10970
18  7304  3586  122  0  43  11055
19  11350  117  142  0  7  11616
20  11534  109  105  0  24  11772
21  11435  81  0  304  55  11874
22  11520  259  214  64  0  12057
23  12127  0  79  57  26  12289
24  12342  0  37  24  14  12417
25  12301  0  77  57  67  12502
26  11990  153  458  45  0  12646
27  12065  804  77  0  34  12980
28  13029  0  86  36  16  13167
29  12560  193  511  0  52  13315
30  13140  105  237  26  0  13508
31  12919  178  489  52  0  13638
32  13246  99  400  51  0  13796
33  12752  129  955  54  0  13890
34  12887  910  98  0  92  13987
35  13920  0  158  61  22  14161
36  14099  0  78  58  19  14254
37  14009  227  118  0  44  14398
38  13375  256  871  58  0  14560
39  13937  556  144  0  46  14683
40  14364  0  117  66  183  14729
41  14583  133  108  0  54  14878
42  14618  165  184  43  0  15010
43  14853  0  93  95  29  15070
44  14940  96  0  13  75  15123
45  14849  0  102  88  37  15076
46  14327  249  432  63  0  15071
47  10380  483  222  0  3907  14993
48  14921  82  266  51  0  15320
49  15040  77  201  32  0  15350
50  15052  101  0  22  200  15374
51  14463  251  742  40  0  15496
52  15307  0  87  112  48  15554
53  15338  127  0  53  50  15568
54  15504  60  0  35  17  15615
55  15503  57  0  23  19  15602
56  14092  214  1136  98  0  15540
57  14146  1128  119  0  73  15466
58  15265  0  74  53  24  15417
59  12036  92  3234  33  0  15395
60  14674  681  139  0  25  15519
61  15397  0  69  32  51  15549
62  15503  72  0  6  21  15600
63  15403  161  0  10  29  15603
64  15514  56  0  12  21  15603
65  15448  40  0  37  37  15562
66  14208  102  1025  75  0  15410
67  14223  892  152  0  97  15364
68  15121  89  0  74  58  15341
69  14923  282  156  0  63  15424
70  15055  135  0  43  77  15310
71  14886  152  269  0  70  15377
72  14874  137  193  103  0  15307
73  14574  452  0  72  139  15237
74  14991  0  105  134  69  15299
75  15117  108  0  29  120  15374
76  13706  0  1233  175  67  15180
77  14472  577  145  0  87  15281
78  14664  329  263  86  0  15342
79  15070  0  120  72  42  15304
80  12507  2552  173  62  0  15294
81  15096  0  121  66  57  15339
82  14966  150  292  25  0  15433
83  14083  443  635  302  0  15463
84  15006  0  291  53  126  15475
85  15205  195  0  46  67  15513
86  15400  141  0  31  65  15637
87  15529  87  0  11  67  15695
88  15462  172  0  26  47  15707
89  15546  99  0  32  44  15721
90  15206  176  0  86  226  15694
91  14834  399  313  0  73  15619
92  15044  346  158  0  28  15575
93  14815  508  192  0  34  15549
94  15240  99  0  79  41  15459
95  14838  267  362  0  26  15493
96  15322  0  70  50  13  15455
97  15275  100  0  9  57  15441
98  14422  214  693  54  0  15383
99  13753  302  863  405  0  15323
100  12004  2905  292  0  73  15273
101  14174  837  261  0  70  15342
102  15235  0  64  39  25  15364
103  15170  153  0  13  65  15401
104  15212  125  0  21  40  15398
105  13572  268  1323  109  0  15272
106  13562  194  1454  56  0  15266
107  13895  1238  136  0  25  15294
108  14773  0  140  376  45  15334
109  13651  525  1167  40  0  15382
110  14371  883  186  0  43  15483
111  15295  90  0  20  64  15469
112  14446  641  418  62  0  15566
113  15445  0  106  74  55  15678
114  15574  0  74  81  21  15745
115  15613  0  111  23  43  15786
116  15660  0  81  22  15  15776
117  15526  0  104  65  56  15747
118  15339  267  0  93  28  15726
119  15048  364  313  0  34  15750
120  15177  211  345  35  0  15758
121  14142  1102  442  69  0  15746
122  15520  0  173  52  27  15758
123  15460  0  203  25  64  15746
124  14636  0  956  39  72  15696
125  14665  803  0  70  96  15622
126  13779  781  0  950  74  15577
127  15101  356  0  101  63  15608
128  12224  339  0  2829  28  15409
129  15227  218  0  30  38  15502
130  15157  134  0  72  111  15470
131  11078  255  3905  79  0  15311
132  13177  1660  375  0  123  15327
133  15105  130  0  84  66  15378
134  14697  472  178  0  95  15434
135  14894  346  99  0  73  15411
136  15045  0  126  79  25  15271
137  14356  286  604  51  0  15296
138  13220  1792  145  0  58  15213
139  14981  66  0  21  94  15162
140  14303  212  637  49  0  15197
141  13265  190  1628  39  0  15119
142  12849  1194  923  0  114  15076
143  14819  104  0  30  152  15104
144  14480  315  320  152  0  15254
145  15045  0  134  71  38  15284
146  14844  0  180  90  29  15142
147  14545  201  301  0  81  15126
148  14811  0  128  73  94  15104
149  14737  181  214  60  0  15187
150  13855  456  211  541  0  15063
151  14729  164  0  24  80  14994
152  14810  70  0  23  77  14976
153  13303  264  1123  0  169  14855
154  14422  60  0  73  186  14740
155  13475  713  281  132  0  14601
156  13993  353  0  59  57  14462
157  13907  0  198  135  24  14264
158  13988  52  0  30  112  14182
159  13513  227  211  0  54  14005
160  13392  190  212  42  0  13836
161  13440  0  62  81  20  13603
162  13331  81  0  66  25  13503
163  11584  0  140  56  1315  13095
164  11753  264  821  125  0  12963
165  11819  790  133  0  38  12780
166  11801  620  164  0  44  12629
167  12210  80  0  93  101  12484
168  12194  90  0  39  21  12344
169  11256  165  629  0  68  12118
170  10833  146  851  0  67  11897
171  11224  318  165  28  0  11735
172  11108  229  223  19  0  11579
173  10564  0  81  73  646  11364
174  11226  21  0  14  16  11277
175  10748  171  133  23  0  11075
176  10760  0  20  28  42  10850
177  10075  155  308  39  0  10577
178  9491  513  65  0  61  10130
179  9504  49  75  0  8  9636
180  8513  11  11  3  0  8538
181  7522  0  0  0  0  7522
182  0  0  0  0  0  0
183  0  0  0  0  0  0
