Position	CountMatch	CountA	CountT	CountG	CountC	Depth
1  4108  0  0  0  0  4079
2  4225  0  0  0  0  4223
3  6399  8  11  11  0  6387
4  6956  0  283  95  7  7335
5  6851  659  75  0  21  7606
6  7665  91  123  20  0  7897
7  7924  0  104  14  38  8079
8  7885  163  106  31  0  8184
9  7822  0  27  461  42  8351
10  8032  323  138  100  0  8593
11  8498  0  125  63  23  8709
12  8194  98  487  29  0  8807
13  7931  839  125  0  71  8966
14  8276  760  21  0  54  9111
15  9091  38  0  8  41  9178
16  8430  176  539  66  0  9211
17  8091  944  110  0  86  9231
18  3121  6085  37  0  23  9266
19  9560  0  44  64  29  9696
20  9137  135  466  43  0  9781
21  8516  1090  264  0  21  9891
22  9752  0  55  184  23  10014
23  9276  89  639  40  0  10044
24  9420  530  78  0  34  10062
25  10019  23  0  6  18  10066
26  9489  109  405  72  0  10075
27  8977  978  110  0  10  10075
28  9592  367  74  0  42  10075
29  9890  118  25  0  41  10074
30  9556  133  271  109  0  10069
31  9567  414  67  0  15  10063
32  9975  32  0  40  5  10052
33  9757  53  203  0  30  10043
34  9560  384  37  0  49  10030
35  9627  119  239  16  0  10001
36  9858  0  66  25  28  9977
37  9888  50  0  14  10  9962
38  9585  100  198  0  30  9913
39  7272  2403  70  30  0  9775
40  9422  153  136  17  0  9728
41  9576  0  38  32  23  9669
42  9516  34  0  14  70  9634
43  9295  114  90  21  0  9520
44  9210  0  66  18  22  9316
45  6390  80  0  30  2463  8963
46  6619  1781  269  46  0  8715
47  7659  557  246  0  21  8483
48  8218  59  86  6  0  8369
49  7972  76  57  10  0  8115
50  4138  101  3159  62  0  7460
51  7267  27  0  2  4  7300
52  7065  6  0  0  2  7073
53  6598  0  0  0  0  6598
