Position	CountMatch	CountA	CountT	CountG	CountC	Depth
1  5790  0  0  0  0  5776
2  5987  0  0  0  0  5985
3  6412  4  6  0  4  6425
4  6727  37  123  0  12  6897
5  5697  0  9  1274  38  7018
6  6940  265  248  23  0  7471
7  7048  0  571  213  42  7873
8  7207  649  168  0  125  8149
9  8138  75  115  37  0  8365
10  8205  0  164  59  37  8465
11  8001  305  230  60  0  8596
12  8162  0  37  554  32  8785
13  8180  414  169  188  0  8951
14  8868  0  77  37  54  9036
15  8205  153  723  32  0  9113
16  8095  951  155  0  45  9246
17  8480  746  48  0  75  9349
18  9274  70  0  28  39  9411
19  8487  259  557  132  0  9435
20  8063  1164  132  0  117  9476
21  3912  5538  46  0  15  9511
22  9608  0  45  48  57  9758
23  8574  145  982  90  0  9790
24  8226  1071  540  0  43  9880
25  9512  0  111  325  23  9971
26  9140  212  618  29  0  9999
27  9066  787  128  0  20  10001
28  9936  17  0  8  39  10000
29  9262  91  586  40  0  9979
30  8678  1010  178  0  99  9965
31  9264  491  147  0  47  9949
32  9628  177  68  0  48  9921
33  9344  77  410  56  0  9887
34  8968  723  102  0  55  9848
35  9706  68  0  23  21  9818
36  9628  54  93  0  19  9794
37  9161  501  57  0  30  9749
38  9221  272  125  61  0  9679
39  9509  0  46  49  14  9618
40  9496  49  0  16  25  9586
41  8984  147  282  0  44  9457
42  6648  2309  128  56  0  9141
43  8633  136  291  36  0  9096
44  8904  0  24  73  26  9027
45  8804  45  0  90  39  8978
46  8514  114  161  12  0  8801
47  8369  0  16  55  28  8468
48  5452  80  0  38  1808  7378
49  6279  400  356  121  0  7156
50  6269  203  56  0  22  6550
51  6384  5  10  1  0  6400
52  5950  1  4  0  0  5955
53  2364  0  0  0  0  2364
