Position	CountMatch	CountA	CountT	CountG	CountC	Depth
1  4913  0  0  0  0  4709
2  5131  0  0  0  0  5129
3  6339  13  0  8  21  6332
4  6265  170  131  25  0  6587
5  6632  29  227  11  0  6892
6  6835  190  47  0  25  7096
7  5614  1438  154  0  64  7268
8  7773  139  125  18  0  8045
9  8094  46  97  20  0  8253
10  7871  157  342  28  0  8397
11  8411  0  100  28  65  8603
12  8599  39  0  11  31  8680
13  8806  17  0  5  31  8859
14  8766  62  0  56  81  8965
15  8233  333  582  0  35  9179
16  8908  262  67  0  35  9272
17  9239  0  60  46  16  9361
18  7390  1891  144  0  32  9457
19  9561  96  113  0  27  9797
20  9696  91  100  0  17  9904
21  9565  58  0  299  63  9985
22  9739  215  119  59  0  10132
23  10237  0  20  37  19  10313
24  10332  0  49  21  17  10418
25  10298  0  73  58  74  10503
26  10033  168  377  70  0  10648
27  10312  570  53  0  27  10962
28  10960  0  90  44  12  11106
29  10621  200  387  0  28  11236
30  10985  130  245  34  0  11394
31  10924  142  495  62  0  11621
32  11131  154  425  37  0  11747
33  11053  114  619  78  0  11864
34  11098  705  70  0  64  11936
35  11885  0  94  82  17  12078
36  12007  0  83  40  22  12152
37  11761  341  110  0  64  12276
38  11472  232  650  70  0  12424
39  11991  351  203  0  36  12580
40  12407  0  67  114  83  12671
41  12506  157  92  0  56  12811
42  12568  144  165  64  0  12941
43  12801  0  65  118  31  13015
44  12887  84  0  21  66  13058
45  12856  0  63  116  29  13063
46  12407  131  491  55  0  13085
47  9905  470  167  0  2487  13029
48  12894  89  283  35  0  13301
49  12997  83  193  55  0  13328
50  13135  92  0  25  89  13340
51  12549  289  609  47  0  13494
52  13227  0  80  160  53  13520
53  13343  107  0  41  42  13533
54  13454  50  0  11  49  13564
55  13477  61  0  15  18  13571
56  12458  205  767  91  0  13521
57  12482  827  110  0  57  13476
58  13223  0  70  76  22  13391
59  10699  86  2596  17  0  13398
60  12765  561  167  0  21  13514
61  13388  0  92  56  17  13553
62  13463  82  0  13  54  13612
63  13500  105  0  21  24  13650
64  13579  32  0  19  21  13650
65  13516  25  0  32  50  13623
66  12491  92  854  44  0  13481
67  12565  681  139  0  82  13467
68  13287  78  0  59  41  13466
69  12982  282  209  0  45  13518
70  13187  101  0  43  112  13443
71  13058  109  271  0  70  13508
72  13040  119  194  78  0  13431
73  12688  427  0  59  211  13385
74  13148  0  84  172  57  13461
75  13142  125  0  12  163  13442
76  12287  0  784  227  37  13333
77  12831  366  112  0  60  13369
78  12702  238  377  89  0  13405
79  13088  0  115  114  19  13335
80  11095  1999  169  42  0  13305
81  13104  0  144  38  54  13339
82  12961  115  283  50  0  13409
83  12240  362  555  253  0  13410
84  13017  0  238  35  182  13472
85  13197  144  0  75  82  13498
86  13373  81  0  51  52  13557
87  13414  89  0  29  41  13572
88  13338  129  0  49  55  13571
89  13333  115  0  44  54  13546
90  13091  129  0  79  183  13481
91  12632  351  367  0  59  13409
92  12867  351  103  0  33  13354
93  12695  390  189  0  70  13344
94  13115  89  0  55  40  13299
95  12820  199  316  0  21  13355
96  13239  0  48  34  8  13329
97  13149  91  0  11  65  13316
98  12503  135  615  45  0  13298
99  12164  219  611  269  0  13263
100  11102  1812  238  0  78  13228
101  12229  734  185  0  86  13235
102  13186  0  44  49  17  13296
103  13109  120  0  24  60  13313
104  13199  40  0  17  38  13294
105  11611  267  1213  86  0  13177
106  11853  224  1029  68  0  13174
107  12011  1012  121  0  52  13196
108  12956  0  114  94  54  13218
109  11767  203  1257  30  0  13256
110  12372  715  156  0  47  13290
111  13095  110  0  31  35  13271
112  12270  607  379  88  0  13342
113  13175  0  85  80  91  13422
114  13363  0  43  63  17  13482
115  13339  0  103  33  29  13500
116  13356  0  92  21  19  13486
117  13247  0  107  47  66  13462
118  13177  172  0  73  45  13464
119  12781  336  327  0  28  13462
120  13037  178  232  40  0  13472
121  12006  1062  347  44  0  13455
122  13271  0  155  31  47  13490
123  13202  0  209  30  39  13473
124  12435  0  855  27  105  13412
125  12619  595  0  70  102  13379
126  11648  511  0  1078  92  13316
127  12968  275  0  85  52  13361
128  10557  378  0  2236  64  13221
129  12939  241  0  59  73  13300
130  13115  55  0  32  87  13283
131  9845  190  2983  122  0  13134
132  11169  1413  459  0  96  13132
133  12905  96  0  73  93  13161
134  12496  390  205  0  142  13225
135  12755  285  104  0  73  13210
136  12914  0  95  79  22  13108
137  12254  221  517  119  0  13107
138  11406  1414  159  0  44  13019
139  12798  94  0  33  61  12983
140  12353  119  470  34  0  12974
141  11420  125  1325  37  0  12907
142  10503  1272  920  0  163  12854
143  12610  112  0  49  98  12869
144  12389  252  215  109  0  12956
145  12739  0  133  57  27  12950
146  12530  0  178  45  37  12788
147  12293  195  218  0  65  12770
148  12474  0  106  79  95  12753
149  12457  154  167  63  0  12835
150  12036  266  174  242  0  12718
151  12370  146  0  58  60  12632
152  12479  61  0  31  71  12636
153  11223  251  919  0  115  12507
154  12169  50  0  44  122  12383
155  11411  411  277  144  0  12243
156  11764  259  0  58  51  12132
157  11625  0  173  123  16  11937
158  11639  62  0  37  124  11862
159  11304  137  182  0  68  11691
160  11052  202  224  66  0  11544
161  11141  0  98  93  32  11364
162  11127  66  0  44  44  11281
163  9864  0  133  68  843  10908
164  9852  239  634  88  0  10813
165  9853  641  126  0  43  10663
166  9895  450  145  0  49  10539
167  10171  68  0  78  82  10399
168  10119  62  0  44  43  10268
169  9263  120  652  0  54  10089
170  9125  167  596  0  42  9930
171  9318  267  165  33  0  9783
172  9220  222  166  24  0  9632
173  9026  0  62  74  272  9434
174  9289  41  0  12  23  9365
175  8953  103  103  17  0  9176
176  8798  0  22  64  29  8913
177  8200  162  277  61  0  8700
178  7700  462  65  0  72  8299
179  7754  46  71  0  5  7876
180  6902  13  17  1  0  6933
181  6332  0  0  0  0  6332
182  0  0  0  0  0  0
183  0  0  0  0  0  0
