Position	CountMatch	CountA	CountT	CountG	CountC	Depth
1  6352  0  0  0  0  6310
2  6555  0  0  0  0  6551
3  6851  12  8  0  2  6868
4  7143  33  25  0  7  7205
5  5692  0  11  1561  11  7275
6  7418  176  224  59  0  7866
7  7809  0  430  159  16  8410
8  7576  839  131  0  37  8583
9  8400  134  178  44  0  8755
10  8685  0  133  15  44  8877
11  8552  257  133  32  0  8974
12  8501  0  25  527  42  9095
13  8664  331  151  110  0  9256
14  9149  0  127  70  23  9369
15  8750  120  552  33  0  9455
16  8467  880  151  0  77  9575
17  8829  764  26  0  70  9689
18  9651  35  0  9  42  9737
19  8922  188  586  68  0  9764
20  8609  969  115  0  82  9775
21  3441  6288  31  0  31  9791
22  10007  0  60  64  21  10151
23  9540  150  473  51  0  10214
24  8599  1338  331  0  21  10289
25  10101  0  65  162  29  10357
26  9575  107  640  50  0  10372
27  9634  592  97  0  52  10375
28  10326  25  0  7  17  10375
29  9721  105  469  79  0  10374
30  9122  1113  118  0  12  10365
31  9832  400  85  0  41  10358
32  10159  114  27  0  48  10348
33  9744  153  304  113  0  10314
34  9705  494  68  0  21  10288
35  10179  37  0  46  8  10270
36  9919  65  243  0  26  10253
37  9622  504  48  0  52  10226
38  9784  119  260  17  0  10180
39  9989  0  72  27  36  10124
40  10029  55  0  11  5  10100
41  9594  146  242  0  26  10008
42  7118  2573  62  33  0  9786
43  9423  152  142  19  0  9736
44  9591  0  35  30  15  9671
45  9518  29  0  16  64  9627
46  9262  99  90  13  0  9464
47  9142  0  57  13  12  9224
48  6118  50  0  20  2216  8404
49  6435  1359  167  29  0  7990
50  7107  295  62  0  14  7478
51  7304  10  8  2  0  7324
52  6970  3  3  0  0  6976
53  3140  0  0  0  0  3140
