Position	CountMatch	CountA	CountT	CountG	CountC	Depth
1  5325  0  0  0  0  5090
2  5581  0  0  0  0  5578
3  6904  10  0  5  21  6887
4  6788  202  143  22  0  7149
5  7178  37  277  5  0  7489
6  7440  192  54  0  32  7715
7  5854  1874  129  0  68  7913
8  8622  146  141  17  0  8911
9  8986  42  80  27  0  9135
10  8737  156  428  17  0  9337
11  9405  0  75  46  52  9576
12  9580  52  0  4  38  9672
13  9768  42  0  13  23  9846
14  9767  68  0  66  51  9952
15  8933  376  774  0  44  10127
16  9727  339  94  0  65  10225
17  10176  0  56  58  16  10306
18  7490  2719  169  0  35  10413
19  10710  117  111  0  6  10943
20  10873  90  120  0  8  11091
21  10799  71  0  256  52  11178
22  10891  191  179  74  0  11334
23  11412  0  35  41  47  11534
24  11591  0  55  14  7  11665
25  11504  0  61  86  103  11753
26  11182  169  461  78  0  11890
27  11391  704  71  0  29  12195
28  12223  0  94  35  18  12370
29  11757  245  440  0  53  12495
30  12266  144  250  30  0  12689
31  12153  160  528  73  0  12910
32  12360  155  499  46  0  13059
33  12124  159  799  96  0  13178
34  12241  862  92  0  78  13273
35  13260  0  134  59  8  13461
36  13467  0  72  32  11  13582
37  13099  419  104  0  70  13692
38  12854  233  693  74  0  13854
39  13305  522  151  0  48  14025
40  13754  0  104  111  178  14147
41  13948  197  110  0  45  14300
42  14022  128  208  77  0  14435
43  14253  0  87  131  41  14512
44  14355  115  0  22  64  14556
45  14324  0  83  84  42  14533
46  13863  142  483  70  0  14558
47  10233  479  232  0  3518  14462
48  14239  106  372  53  0  14770
49  14391  127  227  55  0  14800
50  14472  130  0  24  185  14811
51  13963  265  699  48  0  14975
52  14778  0  95  121  49  15043
53  14879  124  0  27  38  15068
54  15003  37  0  13  39  15092
55  14969  97  0  13  10  15088
56  13636  254  990  117  0  14997
57  13735  1000  145  0  61  14941
58  14671  0  94  64  32  14860
59  11805  95  2916  31  0  14847
60  14041  683  224  0  29  14977
61  14854  0  119  47  16  15035
62  14948  70  0  17  34  15069
63  14921  127  0  26  17  15091
64  14999  41  0  8  24  15072
65  14918  38  0  38  41  15035
66  13744  92  1022  48  0  14906
67  13769  826  156  0  79  14830
68  14601  99  0  69  58  14827
69  14323  354  166  0  47  14889
70  14577  141  0  41  90  14848
71  14413  127  307  0  71  14918
72  14477  96  200  80  0  14853
73  14056  487  0  48  232  14822
74  14619  0  83  124  46  14872
75  14594  84  0  15  163  14855
76  13629  0  826  220  46  14720
77  14093  466  119  0  92  14770
78  14020  283  367  114  0  14784
79  14497  0  133  95  26  14751
80  11848  2575  247  34  0  14704
81  14517  0  120  54  66  14756
82  14277  143  335  59  0  14814
83  13534  416  592  283  0  14825
84  14376  0  283  66  115  14840
85  14506  203  0  70  80  14859
86  14705  89  0  76  37  14906
87  14713  139  0  29  37  14918
88  14675  162  0  30  36  14902
89  14616  152  0  39  68  14875
90  14313  194  0  64  235  14806
91  13856  386  398  0  61  14702
92  14165  353  127  0  15  14661
93  13848  545  184  0  70  14647
94  14318  145  0  69  64  14596
95  14080  192  338  0  17  14627
96  14481  0  38  54  14  14587
97  14405  76  0  9  79  14568
98  13622  146  665  45  0  14478
99  13007  263  817  310  0  14397
100  11506  2485  269  0  67  14327
101  13334  702  224  0  114  14374
102  14315  0  50  49  26  14440
103  14179  189  0  19  63  14450
104  14333  53  0  23  37  14446
105  12654  248  1361  73  0  14336
106  12821  220  1196  84  0  14320
107  12971  1182  137  0  31  14318
108  14083  0  122  101  44  14349
109  12759  225  1356  56  0  14397
110  13450  797  158  0  57  14462
111  14271  97  0  37  44  14449
112  13261  785  401  86  0  14533
113  14352  0  93  82  92  14616
114  14503  0  63  70  26  14660
115  14573  0  80  26  12  14688
116  14557  0  86  27  21  14683
117  14468  0  118  45  47  14675
118  14400  155  0  56  66  14674
119  13989  314  351  0  29  14669
120  14204  177  286  41  0  14701
121  13206  1020  367  73  0  14660
122  14484  0  149  53  33  14706
123  14463  0  198  27  35  14717
124  13558  0  948  24  155  14676
125  13829  591  0  61  123  14601
126  12660  610  0  1205  70  14535
127  14082  310  0  91  84  14558
128  11379  412  0  2526  89  14399
129  14187  224  0  41  64  14503
130  14249  78  0  47  115  14476
131  10381  142  3681  85  0  14280
132  12270  1548  431  0  104  14334
133  14124  121  0  78  78  14399
134  13720  435  238  0  97  14483
135  14049  290  103  0  60  14497
136  14110  0  147  92  28  14374
137  13390  234  639  97  0  14358
138  12666  1420  160  0  40  14283
139  14014  85  0  35  81  14214
140  13535  166  513  32  0  14242
141  12566  185  1410  29  0  14185
142  11592  1314  1037  0  164  14104
143  13860  86  0  42  139  14126
144  13671  256  265  83  0  14267
145  14031  0  127  79  35  14269
146  13863  0  179  48  48  14136
147  13533  212  292  0  83  14120
148  13817  0  109  59  114  14098
149  13741  166  202  78  0  14179
150  13132  392  195  325  0  14044
151  13662  149  0  85  74  13969
152  13783  49  0  24  115  13966
153  12398  251  1001  0  167  13813
154  13432  84  0  60  129  13705
155  12378  674  341  183  0  13575
156  13044  308  0  68  47  13467
157  12908  0  217  123  15  13263
158  12973  60  0  49  100  13182
159  12655  188  101  0  63  13007
160  12327  212  233  55  0  12827
161  12378  0  105  110  33  12626
162  12370  80  0  56  26  12532
163  10740  0  139  50  1189  12118
164  10949  272  684  103  0  12008
165  10828  822  151  0  39  11840
166  10877  539  172  0  123  11711
167  11314  64  0  82  86  11547
168  11251  76  0  62  37  11426
169  10252  170  739  0  74  11236
170  10094  152  761  0  44  11051
171  10405  288  164  46  0  10903
172  10293  219  202  21  0  10735
173  9810  0  52  60  584  10506
174  10369  28  0  9  28  10435
175  9985  133  106  19  0  10243
176  9851  0  10  69  25  9956
177  9121  144  336  93  0  9694
178  8777  372  74  0  62  9285
179  8707  46  41  0  4  8799
180  7885  11  13  2  0  7911
181  7046  0  0  0  0  7046
182  0  0  0  0  0  0
183  0  0  0  0  0  0
