Position	CountMatch	CountA	CountT	CountG	CountC	Depth
1  282  0  0  0  0  279
2  286  0  0  0  0  286
3  311  1  1  0  0  313
4  354  0  3  0  0  357
5  366  0  0  0  1  367
6  371  0  4  0  0  375
7  370  0  15  0  0  385
8  381  0  10  1  0  392
9  387  1  0  9  0  397
10  364  21  9  8  0  402
11  381  7  0  2  18  408
12  425  0  0  3  1  429
13  386  5  43  0  0  434
14  403  26  3  0  11  443
15  438  7  0  0  0  445
16  281  5  161  1  0  448
17  430  16  28  2  0  476
18  475  0  12  0  0  487
19  484  4  0  0  0  488
20  499  1  0  0  2  502
21  504  7  0  1  1  513
22  486  33  0  0  7  526
23  535  0  0  2  1  539
24  530  0  11  0  0  541
25  498  38  9  0  2  547
26  548  2  0  1  2  553
27  561  0  0  0  0  561
28  538  14  0  1  12  565
29  546  1  27  0  0  574
30  573  0  1  2  2  578
31  477  8  81  15  0  581
32  575  19  2  0  0  596
33  603  0  0  0  0  603
34  603  0  3  0  1  607
35  598  0  0  5  0  603
36  374  226  0  1  1  602
37  508  49  20  0  33  610
38  599  9  0  1  3  612
39  544  39  31  0  0  614
40  595  0  10  13  4  622
41  572  19  35  0  0  626
42  634  1  0  1  0  636
43  663  0  0  0  0  663
44  653  14  0  1  1  669
45  656  0  3  4  4  667
46  606  0  50  2  15  673
47  660  0  0  7  0  667
48  646  6  6  0  18  676
49  588  49  30  0  6  673
50  577  14  64  0  15  670
51  647  20  22  0  0  687
52  673  4  0  5  1  683
53  608  0  11  68  2  689
54  640  2  47  4  0  693
55  695  2  0  1  0  698
56  713  4  0  0  0  717
57  661  0  18  0  41  720
58  711  3  0  2  2  718
59  633  44  41  0  1  719
60  721  0  6  0  0  727
61  731  0  0  0  0  731
62  730  0  1  0  0  731
63  716  0  16  0  2  734
64  728  2  0  2  3  735
65  722  6  0  1  1  730
66  720  11  0  0  2  733
67  644  43  42  0  0  729
68  720  0  1  0  1  722
69  706  0  3  3  3  715
70  568  37  97  12  0  714
71  717  0  0  5  0  722
72  709  14  0  0  4  727
73  681  9  40  0  0  730
74  719  0  0  15  1  735
75  727  0  4  2  1  734
76  667  0  0  35  26  728
77  636  39  54  0  0  729
78  633  94  2  0  0  729
79  668  53  4  0  1  727
80  698  0  17  8  1  724
81  323  38  344  15  0  720
82  664  0  69  1  1  735
83  730  6  0  3  2  741
84  742  0  3  1  1  747
85  755  0  0  0  1  756
86  729  0  20  2  0  751
87  720  0  5  8  13  746
88  700  2  40  0  0  742
89  700  25  14  0  2  741
90  706  4  27  1  0  738
91  676  61  1  0  3  741
92  723  3  12  1  0  739
93  731  0  1  3  2  738
94  725  7  0  0  4  736
95  700  0  33  1  0  734
96  685  7  37  0  0  730
97  706  17  7  0  0  730
98  709  0  11  0  1  721
99  676  2  0  39  1  718
100  685  15  15  0  1  716
101  706  1  0  2  2  711
102  642  37  31  0  0  710
103  655  0  55  0  0  710
104  691  18  0  0  0  709
105  697  0  0  1  3  701
106  690  3  0  0  7  700
107  634  59  10  1  0  704
108  663  26  4  0  2  695
109  676  0  6  0  1  683
110  632  39  8  0  0  679
111  621  7  43  0  0  671
112  599  26  13  24  0  662
113  349  0  5  280  10  644
114  614  0  27  0  6  647
115  579  54  0  3  2  638
116  559  80  0  0  0  640
117  579  57  0  3  0  639
118  576  43  0  7  10  637
119  608  30  0  6  9  653
120  588  4  0  2  31  625
121  617  0  0  1  2  620
122  549  2  58  3  0  612
123  332  54  24  211  0  621
124  609  0  7  17  2  636
125  619  0  0  17  2  638
126  612  14  13  2  0  641
127  539  8  66  21  0  634
128  600  15  0  1  28  644
129  570  44  40  0  0  654
130  648  0  1  1  2  652
131  641  3  0  0  8  652
132  644  5  0  0  1  650
133  620  0  27  1  0  648
134  585  17  0  47  0  649
135  646  7  0  0  3  657
136  648  5  0  2  0  655
137  619  28  0  1  2  650
138  636  8  0  0  0  644
139  597  18  0  7  10  632
140  383  8  0  68  161  620
141  553  17  45  0  4  619
142  589  0  6  5  26  626
143  583  0  0  2  42  627
144  610  0  0  12  0  622
145  612  5  0  0  7  624
146  561  25  5  28  0  619
147  560  54  0  2  1  617
148  581  0  22  8  0  611
149  492  25  85  8  0  610
150  544  51  5  0  1  601
151  536  18  42  3  0  599
152  431  120  40  0  1  592
153  629  0  1  1  0  631
154  616  0  0  0  16  632
155  630  0  0  0  0  630
156  613  0  12  0  1  626
157  602  0  10  4  1  617
158  170  35  351  5  0  561
159  552  0  11  4  0  567
160  428  53  55  40  0  576
161  530  5  44  7  0  586
162  578  0  2  1  3  584
163  436  16  130  1  0  583
164  530  36  1  0  32  599
165  601  1  1  0  0  603
166  598  0  3  3  5  609
167  578  15  7  7  0  607
168  583  20  0  1  5  609
169  484  57  51  0  10  602
170  551  19  30  0  0  600
171  485  81  38  0  0  604
172  314  0  13  264  4  595
173  600  1  0  0  5  606
174  576  0  18  1  17  612
175  520  15  71  0  13  619
176  602  19  0  0  0  621
177  580  0  42  2  0  624
178  610  6  8  0  0  624
179  571  27  0  27  2  627
180  613  13  0  0  12  638
181  638  0  1  2  0  641
182  629  0  0  0  10  639
183  613  0  6  19  0  638
184  503  18  108  0  6  636
185  631  2  0  3  6  642
186  643  2  0  0  1  646
187  616  16  0  8  6  646
188  638  2  0  0  6  646
189  647  0  0  2  0  649
190  594  6  34  10  0  644
191  565  79  0  0  3  647
192  630  0  0  7  12  649
193  649  0  0  0  0  649
194  637  4  0  1  1  643
195  581  0  48  13  0  642
196  640  0  0  0  3  643
197  575  10  51  1  0  637
198  538  80  10  0  2  630
199  292  0  30  275  16  613
200  572  3  0  34  19  628
201  640  0  0  0  4  644
202  611  36  0  1  1  649
203  629  10  0  1  11  651
204  623  5  0  11  2  641
205  411  162  53  0  2  628
206  634  0  1  3  2  639
207  538  49  50  3  0  640
208  594  27  28  0  0  649
209  633  0  21  0  3  657
210  656  0  0  0  2  658
211  647  0  12  4  0  663
212  644  16  0  1  7  668
213  661  0  4  2  1  668
214  654  13  0  1  0  668
215  648  0  6  11  0  665
216  606  44  11  0  0  661
217  655  3  0  0  4  662
218  527  125  1  0  1  654
219  345  35  264  2  0  646
220  663  0  2  0  1  666
221  675  0  1  1  0  677
222  668  0  1  0  8  677
223  635  0  37  1  0  673
224  671  2  0  1  1  675
225  624  38  0  0  11  673
226  661  0  4  10  0  675
227  645  19  0  4  3  671
228  671  0  0  0  0  671
229  655  0  8  0  3  666
230  557  47  24  0  32  660
231  589  66  5  0  1  661
232  666  0  0  1  0  667
233  673  0  1  0  0  674
234  668  0  0  0  0  668
235  665  0  2  0  2  669
236  637  0  6  0  18  661
237  616  0  12  8  2  638
238  399  5  0  37  189  630
239  495  109  18  0  9  631
240  630  0  0  10  0  641
241  576  0  32  16  16  640
242  585  0  53  2  0  640
243  577  11  28  0  28  644
244  615  12  0  2  15  644
245  536  58  40  7  0  641
246  634  0  0  0  17  651
247  651  0  1  0  0  652
248  640  0  8  0  0  648
249  642  1  0  0  6  649
250  551  36  49  0  0  636
251  574  14  17  0  24  629
252  577  32  15  0  0  624
253  617  0  0  4  0  621
254  524  38  60  0  0  622
255  609  0  1  14  0  624
256  615  0  11  0  0  626
257  613  0  0  0  7  620
258  546  7  35  0  26  614
259  422  166  4  0  2  594
260  466  77  48  0  3  594
261  591  0  1  1  1  594
262  551  7  0  18  17  593
263  580  12  0  1  0  593
264  574  2  12  0  0  588
265  450  61  59  0  5  575
266  389  175  0  0  0  564
267  558  0  0  2  1  561
268  420  2  1  136  0  559
269  554  3  0  0  1  558
270  544  0  0  11  0  555
271  482  4  59  3  0  548
272  534  12  4  0  0  550
273  472  28  35  0  2  537
274  478  2  56  0  0  536
275  272  218  30  0  4  524
276  507  12  0  1  0  520
277  514  0  1  1  0  516
278  288  20  0  198  1  507
279  504  0  2  0  10  516
280  512  2  0  0  1  515
281  462  48  0  2  0  512
282  504  1  0  1  2  508
283  480  8  11  0  0  499
284  356  0  3  110  21  490
285  466  0  0  11  21  498
286  463  0  1  37  1  502
287  485  0  14  0  0  499
288  489  0  2  0  2  493
289  482  0  0  2  0  484
290  445  0  13  18  0  476
291  441  1  0  0  31  473
292  470  0  0  0  0  470
293  459  0  0  0  1  460
294  415  17  22  0  2  456
295  409  19  22  0  0  450
296  441  0  1  1  0  443
297  412  0  21  0  1  434
298  387  16  11  0  15  429
299  411  10  0  2  0  423
300  371  46  0  0  0  417
301  412  0  0  0  0  412
302  367  0  13  12  2  394
303  372  0  10  7  0  389
304  363  0  0  16  0  379
305  314  0  25  31  3  373
306  346  0  14  0  5  365
307  333  0  13  16  0  362
308  282  0  25  45  0  352
309  280  8  56  0  0  344
310  335  0  6  0  0  341
311  328  0  0  6  0  334
312  330  0  0  0  0  330
313  303  1  16  1  0  321
314  282  15  14  0  3  314
315  303  3  6  0  0  312
316  285  1  13  0  0  299
317  291  0  6  0  0  297
318  273  15  3  0  0  291
319  267  0  0  0  11  278
320  268  0  1  8  0  277
321  272  0  0  0  0  272
322  257  0  0  1  0  258
323  245  0  2  0  0  247
324  244  0  0  0  0  244
325  239  3  0  0  0  242
326  227  0  6  0  0  233
327  208  7  3  0  0  218
328  212  0  0  0  0  212
329  191  1  0  0  0  192
330  166  0  0  0  0  166
331  0  0  0  0  0  0
332  0  0  0  0  0  0
333  0  0  0  0  0  0
334  0  0  0  0  0  0
