Position	CountMatch	CountA	CountT	CountG	CountC	Depth
1  94  0  0  0  0  94
2  98  0  0  0  0  98
3  113  0  0  0  0  113
4  125  0  0  0  0  125
5  133  0  0  0  0  133
6  132  0  1  1  0  134
7  146  0  0  0  0  146
8  150  0  0  0  0  150
9  154  0  0  0  1  155
10  127  24  3  5  0  159
11  161  1  0  1  0  163
12  174  0  2  0  0  176
13  173  1  4  0  0  178
14  158  10  3  0  8  179
15  177  2  0  0  0  179
16  62  1  117  0  0  180
17  173  14  5  0  0  192
18  197  0  0  0  2  199
19  191  9  0  0  0  200
20  207  1  0  0  0  208
21  206  2  0  0  1  209
22  209  1  1  0  7  218
23  226  0  0  0  0  226
24  227  0  2  0  0  229
25  229  1  4  0  1  235
26  238  2  0  0  1  241
27  249  0  0  0  0  249
28  253  1  0  0  0  254
29  253  1  4  0  0  258
30  260  0  0  1  6  267
31  214  9  41  5  0  269
32  276  3  7  0  0  286
33  290  0  3  0  0  293
34  292  0  2  0  0  294
35  291  0  0  3  0  294
36  95  197  0  0  0  292
37  282  18  8  0  0  308
38  310  1  0  1  0  312
39  275  13  27  0  0  315
40  296  0  7  14  4  321
41  279  16  27  1  0  323
42  325  3  0  0  0  328
43  336  1  0  0  2  339
44  328  5  0  0  7  340
45  325  0  7  10  0  342
46  340  0  0  3  0  343
47  340  0  2  0  0  342
48  334  0  0  0  15  349
49  336  10  6  0  1  353
50  314  12  7  0  19  352
51  330  11  32  0  1  373
52  343  18  0  11  3  375
53  348  0  9  20  2  379
54  368  0  10  3  0  381
55  375  8  0  0  0  383
56  391  0  0  0  1  392
57  376  0  9  0  9  394
58  395  2  0  1  0  398
59  364  8  28  0  2  402
60  406  0  7  0  0  413
61  418  0  0  0  0  418
62  414  0  3  0  0  417
63  407  0  13  0  0  420
64  421  2  0  0  0  423
65  421  6  0  0  0  427
66  427  3  0  0  0  430
67  350  27  46  0  0  423
68  428  0  1  0  0  429
69  429  0  1  1  1  432
70  396  21  12  2  0  431
71  432  1  0  0  0  433
72  413  18  0  0  0  431
73  393  17  18  7  0  435
74  434  0  0  0  1  435
75  439  0  3  0  0  442
76  411  0  1  3  27  442
77  387  31  20  2  0  440
78  372  66  2  0  3  443
79  394  38  12  0  0  444
80  446  0  0  0  0  446
81  116  27  300  0  0  443
82  458  0  2  0  5  465
83  451  1  0  0  16  468
84  476  0  1  2  0  479
85  479  0  0  0  1  480
86  473  0  8  1  0  482
87  472  0  1  2  2  477
88  452  0  23  0  0  475
89  455  17  4  0  1  477
90  453  2  25  0  0  480
91  447  32  0  0  1  480
92  471  2  5  0  0  478
93  482  0  0  0  0  482
94  474  7  0  0  1  482
95  453  6  16  0  0  475
96  457  2  14  1  0  474
97  436  27  11  0  1  475
98  463  0  12  0  0  475
99  463  12  0  0  1  476
100  436  9  32  0  0  477
101  471  0  0  1  1  473
102  446  3  24  0  0  473
103  434  1  41  0  0  476
104  459  7  2  0  0  468
105  455  0  3  0  1  459
106  458  0  0  0  0  458
107  417  7  23  2  0  449
108  425  17  2  0  0  444
109  436  0  0  2  0  438
110  436  1  0  0  0  437
111  385  2  46  0  0  433
112  395  1  15  16  0  427
113  92  0  12  302  6  412
114  394  0  17  0  5  416
115  425  2  0  0  0  427
116  427  0  0  1  0  428
117  433  1  0  0  0  434
118  418  2  0  4  8  432
119  433  0  0  0  0  433
120  383  0  0  0  19  402
121  397  0  0  5  0  402
122  359  2  34  1  0  396
123  185  35  7  171  0  398
124  387  0  0  0  0  387
125  374  0  0  0  9  383
126  360  4  22  0  0  386
127  319  12  21  29  0  381
128  386  2  0  0  1  389
129  363  2  22  0  0  387
130  379  0  0  1  0  380
131  371  0  0  0  11  382
132  379  1  0  0  0  380
133  369  0  3  0  0  372
134  368  4  0  0  0  372
135  355  0  0  18  0  373
136  365  5  0  0  0  370
137  353  16  0  0  0  369
138  367  0  0  0  0  367
139  314  28  0  7  17  366
140  299  0  0  16  42  357
141  309  19  14  0  10  352
142  350  0  0  7  0  357
143  359  1  0  0  0  360
144  356  0  0  2  0  358
145  351  5  0  0  1  357
146  314  23  1  15  0  353
147  325  30  0  0  0  355
148  341  0  12  1  0  354
149  296  16  31  10  0  353
150  311  39  0  0  0  350
151  347  0  2  0  0  349
152  237  84  19  0  3  343
153  357  0  0  1  0  358
154  341  0  0  0  17  358
155  354  0  0  0  0  354
156  342  0  8  0  0  350
157  321  0  16  1  0  338
158  98  17  195  0  0  310
159  317  0  0  0  0  317
160  290  2  36  0  0  328
161  303  3  26  1  0  333
162  336  0  0  0  0  336
163  248  17  63  3  0  331
164  304  15  0  0  19  338
165  339  3  0  0  0  342
166  338  0  0  0  0  338
167  337  0  2  1  0  340
168  317  20  0  0  2  339
169  251  53  27  0  1  332
170  329  0  7  0  0  336
171  305  23  3  0  0  331
172  173  0  12  134  0  319
173  325  0  0  0  2  327
174  316  0  18  0  0  334
175  298  20  17  0  0  335
176  335  9  6  0  0  350
177  303  0  44  0  0  347
178  342  1  7  0  0  350
179  354  0  0  0  0  354
180  340  17  0  0  0  357
181  356  0  0  0  0  356
182  356  0  0  0  0  356
183  326  0  22  0  0  348
184  312  36  0  0  0  348
185  322  0  0  15  14  351
186  353  3  0  0  0  356
187  345  16  0  0  0  361
188  349  0  0  0  17  366
189  363  0  0  1  0  364
190  343  0  24  0  0  367
191  369  1  0  0  0  370
192  351  0  0  15  8  374
193  380  0  0  0  0  381
194  378  0  0  0  2  380
195  316  0  36  19  0  372
196  369  0  0  0  2  371
197  313  2  56  0  0  371
198  321  46  2  0  1  370
199  151  0  16  181  7  355
200  328  0  0  25  13  366
201  369  0  0  0  14  382
202  389  0  0  0  0  389
203  370  0  0  0  16  387
204  383  4  0  0  0  388
205  186  144  47  0  0  378
206  396  0  1  1  0  398
207  333  24  44  1  0  402
208  379  16  16  0  0  411
209  388  0  13  0  14  415
210  413  3  0  1  0  417
211  418  0  2  1  0  421
212  402  0  0  0  18  420
213  422  0  3  0  0  425
214  413  12  0  0  0  425
215  420  0  8  0  0  428
216  412  12  5  0  0  429
217  425  1  0  0  4  430
218  384  29  11  0  0  424
219  192  30  190  5  0  417
220  432  0  0  0  0  432
221  439  0  0  0  1  440
222  444  0  0  0  0  444
223  449  0  0  0  0  449
224  450  0  0  0  0  450
225  409  20  0  0  20  449
226  439  0  1  13  0  453
227  440  14  0  0  4  458
228  454  0  3  0  0  457
229  440  0  13  0  2  455
230  365  52  11  0  20  448
231  438  16  0  0  1  455
232  455  0  0  0  0  455
233  444  0  0  14  0  458
234  458  0  0  0  0  458
235  454  0  1  0  1  456
236  413  0  10  0  24  447
237  409  0  21  1  3  434
238  264  4  0  3  161  432
239  314  90  14  0  16  434
240  427  0  0  16  0  443
241  427  0  1  0  15  443
242  409  0  28  1  0  438
243  384  25  12  0  15  436
244  409  8  0  0  19  436
245  356  54  19  7  0  436
246  421  0  0  0  15  436
247  433  0  2  0  1  436
248  417  0  14  0  0  431
249  427  2  0  1  0  430
250  381  38  6  0  0  425
251  388  11  18  0  2  419
252  388  25  4  0  0  417
253  413  1  0  0  2  416
254  386  8  20  1  0  415
255  376  0  2  38  0  416
256  413  0  1  3  0  417
257  411  0  0  0  0  411
258  294  9  89  0  13  405
259  157  224  0  0  1  382
260  333  2  47  0  0  382
261  375  0  0  2  0  377
262  298  3  0  43  32  376
263  355  20  0  0  1  376
264  360  4  7  0  1  372
265  350  11  5  0  1  367
266  127  226  2  0  0  355
267  355  0  0  0  0  355
268  162  0  0  192  0  354
269  359  1  0  1  2  363
270  346  0  1  13  0  360
271  340  5  16  0  0  361
272  350  11  0  0  0  361
273  329  8  12  0  0  349
274  312  4  27  0  0  343
275  148  186  0  0  0  334
276  320  8  0  0  1  329
277  320  0  2  6  0  328
278  42  19  0  261  0  322
279  291  0  22  0  9  322
280  319  1  0  2  0  322
281  283  36  2  2  0  323
282  319  0  0  0  4  323
283  309  5  8  0  0  322
284  174  0  0  123  18  315
285  276  0  4  10  27  317
286  310  0  3  2  0  315
287  310  0  4  0  0  314
288  305  0  0  0  4  309
289  303  0  0  1  1  305
290  288  0  0  11  0  299
291  289  0  0  9  0  298
292  290  0  0  0  1  291
293  281  0  1  2  0  284
294  256  12  10  0  3  281
295  244  30  4  0  0  278
296  273  0  0  0  0  273
297  255  0  14  0  0  269
298  254  8  1  0  4  267
299  248  15  0  0  0  263
300  255  1  0  0  3  259
301  249  2  0  0  2  253
302  234  0  13  0  0  247
303  222  0  5  11  0  238
304  229  0  1  2  1  233
305  207  0  14  1  1  223
306  206  0  10  0  2  218
307  193  0  13  7  0  213
308  201  0  1  0  0  202
309  142  10  39  0  0  191
310  177  0  12  0  0  189
311  178  0  0  3  0  181
312  179  1  0  0  0  180
313  163  0  8  0  0  171
314  146  7  5  0  1  159
315  152  3  0  0  0  155
316  135  0  7  0  0  142
317  137  2  0  0  0  139
318  132  2  2  0  0  136
319  128  0  0  0  6  134
320  122  0  1  8  0  131
321  129  0  0  0  0  129
322  115  0  4  0  0  119
323  110  0  2  0  0  112
324  105  0  0  0  0  105
325  101  0  0  0  0  101
326  96  0  0  0  0  96
327  86  2  2  0  0  90
328  88  0  0  0  0  88
329  78  0  0  0  0  78
330  66  0  0  0  0  66
331  0  0  0  0  0  0
332  0  0  0  0  0  0
333  0  0  0  0  0  0
334  0  0  0  0  0  0
