Position	CountMatch	CountA	CountT	CountG	CountC	Depth
1  6531  0  0  0  0  6484
2  6699  0  0  0  0  6695
3  6940  16  16  0  0  6967
4  7200  36  13  0  44  7291
5  5946  0  7  1413  15  7378
6  7393  166  290  92  0  7930
7  8228  0  391  169  17  8797
8  8130  745  120  0  29  9021
9  8923  101  160  22  0  9204
10  9050  0  212  34  34  9330
11  8899  371  146  35  0  9451
12  9113  0  32  470  26  9641
13  9140  411  206  73  0  9830
14  9792  0  105  41  9  9947
15  9206  144  615  71  0  10036
16  9038  949  84  0  77  10148
17  9154  1016  15  0  95  10280
18  10290  29  0  20  32  10371
19  9234  525  566  78  0  10403
20  9167  1105  70  0  82  10423
21  3311  7099  34  0  18  10462
22  10635  0  49  88  40  10812
23  9986  125  659  89  0  10859
24  9439  1216  285  0  9  10949
25  10598  0  36  348  36  11018
26  10175  97  728  54  0  11054
27  10247  674  85  0  51  11057
28  10992  44  0  8  14  11058
29  10473  96  451  36  0  11056
30  9929  1034  65  0  21  11049
31  10402  546  73  0  15  11036
32  10847  109  34  0  31  11021
33  10344  117  421  98  0  10980
34  10394  439  104  0  13  10950
35  10841  33  0  32  20  10926
36  10607  66  192  0  44  10909
37  10088  718  44  0  15  10865
38  10488  99  205  29  0  10821
39  10641  0  56  24  28  10749
40  10630  40  0  45  6  10721
41  10273  89  229  0  29  10620
42  7987  2237  140  14  0  10378
43  9967  136  177  29  0  10309
44  10106  0  29  46  19  10200
45  10052  23  0  21  63  10159
46  9778  99  100  12  0  9989
47  9663  0  17  12  66  9758
48  6696  41  0  20  2153  8910
49  6980  1250  165  27  0  8422
50  7448  296  50  0  12  7806
51  7609  9  7  3  0  7628
52  7199  1  4  0  0  7204
53  3158  0  0  0  0  3158
