Position	CountMatch	CountA	CountT	CountG	CountC	Depth
1  4  0  0  0  0  4
2  4  0  0  0  0  4
3  4  0  0  0  0  4
4  4  0  0  0  0  4
5  4  0  0  0  0  4
6  4  0  0  0  0  4
7  4  0  0  0  0  4
8  4  0  0  0  0  4
9  4  0  0  0  0  4
10  4  0  0  0  0  4
11  4  0  0  0  0  4
12  4  0  0  0  0  4
13  2  0  0  0  2  4
14  4  0  0  0  0  4
15  4  0  0  0  0  4
16  4  0  0  0  0  4
17  4  0  0  0  0  4
18  4  0  0  0  0  4
19  2  0  0  0  2  4
20  4  0  0  0  0  4
21  4  0  0  0  0  4
22  0  0  4  0  0  4
23  4  0  0  0  0  4
24  4  0  0  0  0  4
25  4  0  0  0  0  4
26  4  0  0  0  0  4
27  4  0  0  0  0  4
28  4  0  0  0  0  4
29  4  0  0  0  0  4
30  4  0  0  0  0  4
31  4  0  0  0  0  4
32  4  0  0  0  0  4
33  4  0  0  0  0  4
34  4  0  0  0  0  4
35  4  0  0  0  0  4
36  4  0  0  0  0  4
37  4  0  0  0  0  4
38  4  0  0  0  0  4
39  4  0  0  0  0  4
40  2  0  0  2  0  4
41  4  0  0  0  0  4
42  4  0  0  0  0  4
43  4  0  0  0  0  4
44  4  0  0  0  0  4
45  4  0  0  0  0  4
46  4  0  0  0  0  4
47  4  0  0  0  0  4
48  3  0  0  0  0  3
49  4  0  0  0  0  4
50  4  0  0  0  0  4
51  5  0  0  0  0  5
52  5  0  0  0  0  5
53  5  0  0  0  0  5
54  5  0  0  0  0  5
55  5  0  0  0  0  5
56  5  0  0  0  0  5
57  5  0  0  0  0  5
58  5  0  0  0  0  5
59  5  0  0  0  0  5
60  5  0  0  0  0  5
61  5  0  0  0  0  5
62  5  0  0  0  0  5
63  5  0  0  0  0  5
64  5  0  0  0  0  5
65  5  0  0  0  0  5
66  5  0  0  0  0  5
67  5  0  0  0  0  5
68  5  0  0  0  0  5
69  5  0  0  0  0  5
70  5  0  0  0  0  5
71  5  0  0  0  0  5
72  5  0  0  0  0  5
73  5  0  0  0  0  5
74  5  0  0  0  0  5
75  5  0  0  0  0  5
76  5  0  0  0  0  5
77  5  0  0  0  0  5
78  5  0  0  0  0  5
79  5  0  0  0  0  5
80  5  0  0  0  0  5
81  5  0  0  0  0  5
82  5  0  0  0  0  5
83  5  0  0  0  0  5
84  5  0  0  0  0  5
85  5  0  0  0  0  5
86  5  0  0  0  0  5
87  5  0  0  0  0  5
88  5  0  0  0  0  5
89  5  0  0  0  0  5
90  5  0  0  0  0  5
91  5  0  0  0  0  5
92  5  0  0  0  0  5
93  5  0  0  0  0  5
94  0  0  5  0  0  5
95  5  0  0  0  0  5
96  5  0  0  0  0  5
97  0  0  0  0  5  5
98  5  0  0  0  0  5
99  5  0  0  0  0  5
100  0  0  0  0  5  5
101  6  0  0  0  0  6
102  6  0  0  0  0  6
103  6  0  0  0  0  6
104  6  0  0  0  0  6
105  6  0  0  0  0  6
106  6  0  0  0  0  6
107  6  0  0  0  0  6
108  6  0  0  0  0  6
109  6  0  0  0  0  6
110  6  0  0  0  0  6
111  6  0  0  0  0  6
112  6  0  0  0  0  6
113  6  0  0  0  0  6
114  5  0  0  0  0  5
115  5  0  0  0  0  5
116  5  0  0  0  0  5
117  5  0  0  0  0  5
118  0  0  0  5  0  5
119  5  0  0  0  0  5
120  5  0  0  0  0  5
121  5  0  0  0  0  5
122  5  0  0  0  0  5
123  5  0  0  0  0  5
124  5  0  0  0  0  5
125  5  0  0  0  0  5
126  5  0  0  0  0  5
127  4  0  0  0  0  4
128  4  0  0  0  0  4
129  4  0  0  0  0  4
130  4  0  0  0  0  4
131  4  0  0  0  0  4
132  4  0  0  0  0  4
133  0  4  0  0  0  4
134  4  0  0  0  0  4
135  4  0  0  0  0  4
136  4  0  0  0  0  4
137  4  0  0  0  0  4
138  4  0  0  0  0  4
139  4  0  0  0  0  4
140  4  0  0  0  0  4
141  4  0  0  0  0  4
142  4  0  0  0  0  4
143  0  0  0  0  2  2
144  2  0  0  0  0  2
145  0  0  0  2  0  2
146  3  0  0  0  0  3
147  3  0  0  0  0  3
148  3  0  0  0  0  3
149  3  0  0  0  0  3
150  3  0  0  0  0  3
151  3  0  0  0  0  3
152  3  0  0  0  0  3
153  3  0  0  0  0  3
154  0  3  0  0  0  3
155  3  0  0  0  0  3
156  3  0  0  0  0  3
157  0  0  3  0  0  3
158  3  0  0  0  0  3
159  3  0  0  0  0  3
160  0  0  0  3  0  3
161  3  0  0  0  0  3
162  3  0  0  0  0  3
163  3  0  0  0  0  3
164  3  0  0  0  0  3
165  3  0  0  0  0  3
166  0  0  3  0  0  3
167  3  0  0  0  0  3
168  3  0  0  0  0  3
169  0  0  0  0  3  3
170  3  0  0  0  0  3
171  3  0  0  0  0  3
172  3  0  0  0  0  3
173  3  0  0  0  0  3
174  3  0  0  0  0  3
175  0  0  0  0  3  3
176  3  0  0  0  0  3
177  3  0  0  0  0  3
178  3  0  0  0  0  3
179  3  0  0  0  0  3
180  3  0  0  0  0  3
181  0  0  0  0  3  3
182  3  0  0  0  0  3
183  3  0  0  0  0  3
184  0  0  0  0  3  3
185  3  0  0  0  0  3
186  3  0  0  0  0  3
187  0  0  3  0  0  3
188  4  0  0  0  0  4
189  4  0  0  0  0  4
190  4  0  0  0  0  4
191  4  0  0  0  0  4
192  4  0  0  0  0  4
193  0  0  4  0  0  4
194  4  0  0  0  0  4
195  4  0  0  0  0  4
196  0  0  0  4  0  4
197  4  0  0  0  0  4
198  4  0  0  0  0  4
199  4  0  0  0  0  4
200  4  0  0  0  0  4
201  4  0  0  0  0  4
202  3  0  0  0  0  3
203  3  0  0  0  0  3
204  3  0  0  0  0  3
205  3  0  0  0  0  3
206  3  0  0  0  0  3
207  3  0  0  0  0  3
208  3  0  0  0  0  3
209  3  0  0  0  0  3
210  3  0  0  0  0  3
211  3  0  0  0  0  3
212  3  0  0  0  0  3
213  3  0  0  0  0  3
214  0  0  0  0  3  3
215  3  0  0  0  0  3
216  3  0  0  0  0  3
217  3  0  0  0  0  3
218  3  0  0  0  0  3
219  3  0  0  0  0  3
220  3  0  0  0  0  3
221  3  0  0  0  0  3
222  3  0  0  0  0  3
223  3  0  0  0  0  3
224  3  0  0  0  0  3
225  3  0  0  0  0  3
226  3  0  0  0  0  3
227  3  0  0  0  0  3
228  3  0  0  0  0  3
229  3  0  0  0  0  3
230  3  0  0  0  0  3
231  3  0  0  0  0  3
232  3  0  0  0  0  3
233  3  0  0  0  0  3
234  3  0  0  0  0  3
235  3  0  0  0  0  3
236  3  0  0  0  0  3
237  3  0  0  0  0  3
238  3  0  0  0  0  3
239  3  0  0  0  0  3
240  3  0  0  0  0  3
241  3  0  0  0  0  3
242  3  0  0  0  0  3
243  3  0  0  0  0  3
244  2  0  0  0  0  2
245  2  0  0  0  0  2
246  2  0  0  0  0  2
247  2  0  0  0  0  2
248  2  0  0  0  0  2
249  2  0  0  0  0  2
250  2  0  0  0  0  2
251  2  0  0  0  0  2
252  2  0  0  0  0  2
253  2  0  0  0  0  2
254  2  0  0  0  0  2
255  2  0  0  0  0  2
256  2  0  0  0  0  2
257  2  0  0  0  0  2
258  2  0  0  0  0  2
259  2  0  0  0  0  2
260  2  0  0  0  0  2
261  2  0  0  0  0  2
262  2  0  0  0  0  2
263  2  0  0  0  0  2
264  2  0  0  0  0  2
265  2  0  0  0  0  2
266  2  0  0  0  0  2
267  2  0  0  0  0  2
268  2  0  0  0  0  2
269  2  0  0  0  0  2
270  2  0  0  0  0  2
271  0  0  0  2  0  2
272  2  0  0  0  0  2
273  2  0  0  0  0  2
274  2  0  0  0  0  2
275  2  0  0  0  0  2
276  2  0  0  0  0  2
277  2  0  0  0  0  2
278  2  0  0  0  0  2
279  2  0  0  0  0  2
280  0  2  0  0  0  2
281  2  0  0  0  0  2
282  2  0  0  0  0  2
283  2  0  0  0  0  2
284  2  0  0  0  0  2
285  2  0  0  0  0  2
286  2  0  0  0  0  2
287  2  0  0  0  0  2
288  2  0  0  0  0  2
289  2  0  0  0  0  2
290  2  0  0  0  0  2
291  2  0  0  0  0  2
292  2  0  0  0  0  2
293  2  0  0  0  0  2
294  2  0  0  0  0  2
295  2  0  0  0  0  2
296  1  0  0  0  0  1
297  1  0  0  0  0  1
298  0  0  0  1  0  1
299  1  0  0  0  0  1
300  1  0  0  0  0  1
301  1  0  0  0  0  1
302  1  0  0  0  0  1
303  1  0  0  0  0  1
304  1  0  0  0  0  1
305  1  0  0  0  0  1
306  1  0  0  0  0  1
307  0  0  0  0  1  1
308  1  0  0  0  0  1
309  1  0  0  0  0  1
310  0  0  0  0  1  1
311  1  0  0  0  0  1
312  1  0  0  0  0  1
313  0  0  0  0  1  1
314  1  0  0  0  0  1
315  1  0  0  0  0  1
316  1  0  0  0  0  1
317  1  0  0  0  0  1
318  1  0  0  0  0  1
319  1  0  0  0  0  1
320  1  0  0  0  0  1
321  1  0  0  0  0  1
322  1  0  0  0  0  1
323  1  0  0  0  0  1
324  1  0  0  0  0  1
325  1  0  0  0  0  1
326  1  0  0  0  0  1
327  1  0  0  0  0  1
328  0  0  0  0  0  0
329  0  0  0  0  0  0
330  0  0  0  0  0  0
331  0  0  0  0  0  0
332  0  0  0  0  0  0
333  0  0  0  0  0  0
334  0  0  0  0  0  0
335  0  0  0  0  0  0
336  0  0  0  0  0  0
337  0  0  0  0  0  0
338  0  0  0  0  0  0
339  0  0  0  0  0  0
340  0  0  0  0  0  0
341  0  0  0  0  0  0
342  0  0  0  0  0  0
343  0  0  0  0  0  0
344  0  0  0  0  0  0
345  0  0  0  0  0  0
346  0  0  0  0  0  0
347  0  0  0  0  0  0
348  0  0  0  0  0  0
349  0  0  0  0  0  0
350  0  0  0  0  0  0
351  0  0  0  0  0  0
352  0  0  0  0  0  0
353  0  0  0  0  0  0
354  0  0  0  0  0  0
355  0  0  0  0  0  0
356  0  0  0  0  0  0
357  0  0  0  0  0  0
358  0  0  0  0  0  0
359  0  0  0  0  0  0
360  0  0  0  0  0  0
361  0  0  0  0  0  0
362  0  0  0  0  0  0
363  0  0  0  0  0  0
364  0  0  0  0  0  0
365  0  0  0  0  0  0
366  0  0  0  0  0  0
367  0  0  0  0  0  0
368  0  0  0  0  0  0
369  0  0  0  0  0  0
370  0  0  0  0  0  0
371  0  0  0  0  0  0
372  0  0  0  0  0  0
373  0  0  0  0  0  0
374  0  0  0  0  0  0
375  0  0  0  0  0  0
376  0  0  0  0  0  0
377  0  0  0  0  0  0
378  0  0  0  0  0  0
379  0  0  0  0  0  0
380  0  0  0  0  0  0
381  0  0  0  0  0  0
382  0  0  0  0  0  0
383  0  0  0  0  0  0
384  1  0  0  0  0  1
385  2  0  0  0  0  2
386  2  0  0  0  0  2
387  2  0  0  0  0  2
388  2  0  0  0  0  2
389  2  0  0  0  0  2
390  2  0  0  0  0  2
391  2  0  0  0  0  2
392  2  0  0  0  0  2
393  2  0  0  0  0  2
394  2  0  0  0  0  2
395  2  0  0  0  0  2
396  2  0  0  0  0  2
397  2  0  0  0  0  2
398  2  0  0  0  0  2
399  2  0  0  0  0  2
400  2  0  0  0  0  2
401  2  0  0  0  0  2
402  2  0  0  0  0  2
403  2  0  0  0  0  2
404  2  0  0  0  0  2
405  2  0  0  0  0  2
406  2  0  0  0  0  2
407  2  0  0  0  0  2
408  2  0  0  0  0  2
409  2  0  0  0  0  2
410  2  0  0  0  0  2
411  2  0  0  0  0  2
412  2  0  0  0  0  2
413  2  0  0  0  0  2
414  2  0  0  0  0  2
415  2  0  0  0  0  2
416  2  0  0  0  0  2
417  2  0  0  0  0  2
418  2  0  0  0  0  2
419  2  0  0  0  0  2
420  2  0  0  0  0  2
421  1  0  1  0  0  2
422  2  0  0  0  0  2
423  2  0  0  0  0  2
424  2  0  0  0  0  2
425  2  0  0  0  0  2
426  2  0  0  0  0  2
427  2  0  0  0  0  2
428  2  0  0  0  0  2
429  2  0  0  0  0  2
430  2  0  0  0  0  2
431  2  0  0  0  0  2
432  2  0  0  0  0  2
433  2  0  0  0  0  2
434  2  0  0  0  0  2
435  2  0  0  0  0  2
436  2  0  0  0  0  2
437  2  0  0  0  0  2
438  2  0  0  0  0  2
439  2  0  0  0  0  2
440  2  0  0  0  0  2
441  2  0  0  0  0  2
442  2  0  0  0  0  2
443  2  0  0  0  0  2
444  2  0  0  0  0  2
445  2  0  0  0  0  2
446  2  0  0  0  0  2
447  2  0  0  0  0  2
448  2  0  0  0  0  2
449  0  0  0  0  2  2
450  2  0  0  0  0  2
451  2  0  0  0  0  2
452  2  0  0  0  0  2
453  2  0  0  0  0  2
454  2  0  0  0  0  2
455  2  0  0  0  0  2
456  2  0  0  0  0  2
457  2  0  0  0  0  2
458  2  0  0  0  0  2
459  2  0  0  0  0  2
460  2  0  0  0  0  2
461  2  0  0  0  0  2
462  2  0  0  0  0  2
463  2  0  0  0  0  2
464  2  0  0  0  0  2
465  2  0  0  0  0  2
466  3  0  0  0  0  3
467  3  0  0  0  0  3
468  3  0  0  0  0  3
469  0  0  0  0  3  3
470  3  0  0  0  0  3
471  3  0  0  0  0  3
472  3  0  0  0  0  3
473  3  0  0  0  0  3
474  3  0  0  0  0  3
475  3  0  0  0  0  3
476  3  0  0  0  0  3
477  4  0  0  0  0  4
478  4  0  0  0  0  4
479  4  0  0  0  0  4
480  4  0  0  0  0  4
481  4  0  0  0  0  4
482  4  0  0  0  0  4
483  4  0  0  0  0  4
484  4  0  0  0  0  4
485  4  0  0  0  0  4
486  4  0  0  0  0  4
487  4  0  0  0  0  4
488  4  0  0  0  0  4
489  4  0  0  0  0  4
490  4  0  0  0  0  4
491  4  0  0  0  0  4
492  4  0  0  0  0  4
493  4  0  0  0  0  4
494  4  0  0  0  0  4
495  4  0  0  0  0  4
496  0  0  4  0  0  4
497  4  0  0  0  0  4
498  4  0  0  0  0  4
499  4  0  0  0  0  4
500  4  0  0  0  0  4
501  4  0  0  0  0  4
502  4  0  0  0  0  4
503  4  0  0  0  0  4
504  4  0  0  0  0  4
505  4  0  0  0  0  4
506  4  0  0  0  0  4
507  4  0  0  0  0  4
508  0  0  0  0  4  4
509  4  0  0  0  0  4
510  4  0  0  0  0  4
511  4  0  0  0  0  4
512  4  0  0  0  0  4
513  4  0  0  0  0  4
514  4  0  0  0  0  4
515  4  0  0  0  0  4
516  4  0  0  0  0  4
517  4  0  0  0  0  4
518  4  0  0  0  0  4
519  4  0  0  0  0  4
520  4  0  0  0  0  4
521  4  0  0  0  0  4
522  4  0  0  0  0  4
523  4  0  0  0  0  4
524  4  0  0  0  0  4
525  4  0  0  0  0  4
526  4  0  0  0  0  4
527  4  0  0  0  0  4
528  4  0  0  0  0  4
529  4  0  0  0  0  4
530  4  0  0  0  0  4
531  3  1  0  0  0  4
532  4  0  0  0  0  4
533  4  0  0  0  0  4
534  4  0  0  0  0  4
535  3  0  0  0  0  3
536  2  0  0  0  0  2
537  2  0  0  0  0  2
538  2  0  0  0  0  2
539  2  0  0  0  0  2
540  2  0  0  0  0  2
541  2  0  0  0  0  2
542  2  0  0  0  0  2
543  2  0  0  0  0  2
544  2  0  0  0  0  2
545  2  0  0  0  0  2
546  2  0  0  0  0  2
547  0  0  0  2  0  2
548  2  0  0  0  0  2
549  2  0  0  0  0  2
550  0  2  0  0  0  2
551  2  0  0  0  0  2
552  2  0  0  0  0  2
553  2  0  0  0  0  2
554  2  0  0  0  0  2
555  2  0  0  0  0  2
556  2  0  0  0  0  2
557  2  0  0  0  0  2
558  2  0  0  0  0  2
559  2  0  0  0  0  2
560  2  0  0  0  0  2
561  2  0  0  0  0  2
562  2  0  0  0  0  2
563  2  0  0  0  0  2
564  2  0  0  0  0  2
565  0  0  0  2  0  2
566  2  0  0  0  0  2
567  2  0  0  0  0  2
568  2  0  0  0  0  2
569  2  0  0  0  0  2
570  2  0  0  0  0  2
571  2  0  0  0  0  2
572  2  0  0  0  0  2
573  2  0  0  0  0  2
574  2  0  0  0  0  2
575  2  0  0  0  0  2
576  2  0  0  0  0  2
577  2  0  0  0  0  2
578  2  0  0  0  0  2
579  2  0  0  0  0  2
580  2  0  0  0  0  2
581  2  0  0  0  0  2
582  2  0  0  0  0  2
583  0  0  0  2  0  2
584  2  0  0  0  0  2
585  2  0  0  0  0  2
586  3  0  0  0  0  3
587  3  0  0  0  0  3
588  3  0  0  0  0  3
589  0  3  0  0  0  3
590  4  0  0  0  0  4
591  4  0  0  0  0  4
592  4  0  0  0  0  4
593  4  0  0  0  0  4
594  4  0  0  0  0  4
595  4  0  0  0  0  4
596  4  0  0  0  0  4
597  4  0  0  0  0  4
598  0  4  0  0  0  4
599  4  0  0  0  0  4
600  4  0  0  0  0  4
601  4  0  0  0  0  4
602  4  0  0  0  0  4
603  4  0  0  0  0  4
604  4  0  0  0  0  4
605  4  0  0  0  0  4
606  4  0  0  0  0  4
607  4  0  0  0  0  4
608  3  0  0  0  0  3
609  3  0  0  0  0  3
610  3  0  0  0  0  3
611  3  0  0  0  0  3
612  3  0  0  0  0  3
613  0  3  0  0  0  3
614  3  0  0  0  0  3
615  3  0  0  0  0  3
616  3  0  0  0  0  3
617  2  0  0  0  0  2
618  2  0  0  0  0  2
619  2  0  0  0  0  2
620  2  0  0  0  0  2
621  2  0  0  0  0  2
622  2  0  0  0  0  2
623  2  0  0  0  0  2
624  2  0  0  0  0  2
625  2  0  0  0  0  2
626  2  0  0  0  0  2
627  2  0  0  0  0  2
628  2  0  0  0  0  2
629  2  0  0  0  0  2
630  2  0  0  0  0  2
631  2  0  0  0  0  2
632  2  0  0  0  0  2
633  2  0  0  0  0  2
634  2  0  0  0  0  2
635  2  0  0  0  0  2
636  2  0  0  0  0  2
637  2  0  0  0  0  2
638  3  0  0  0  0  3
639  3  0  0  0  0  3
640  3  0  0  0  0  3
641  4  0  0  0  0  4
642  4  0  0  0  0  4
643  4  0  0  0  0  4
644  4  0  0  0  0  4
645  4  0  0  0  0  4
646  4  0  0  0  0  4
647  4  0  0  0  0  4
648  4  0  0  0  0  4
649  4  0  0  0  0  4
650  4  0  0  0  0  4
651  4  0  0  0  0  4
652  4  0  0  0  0  4
653  4  0  0  0  0  4
654  4  0  0  0  0  4
655  4  0  0  0  0  4
656  4  0  0  0  0  4
657  4  0  0  0  0  4
658  4  0  0  0  0  4
659  4  0  0  0  0  4
660  4  0  0  0  0  4
661  4  0  0  0  0  4
662  4  0  0  0  0  4
663  4  0  0  0  0  4
664  4  0  0  0  0  4
665  4  0  0  0  0  4
666  4  0  0  0  0  4
667  4  0  0  0  0  4
668  4  0  0  0  0  4
669  4  0  0  0  0  4
670  4  0  0  0  0  4
671  4  0  0  0  0  4
672  4  0  0  0  0  4
673  4  0  0  0  0  4
674  4  0  0  0  0  4
675  4  0  0  0  0  4
676  4  0  0  0  0  4
677  4  0  0  0  0  4
678  4  0  0  0  0  4
679  4  0  0  0  0  4
680  4  0  0  0  0  4
681  4  0  0  0  0  4
682  4  0  0  0  0  4
683  4  0  0  0  0  4
684  4  0  0  0  0  4
685  4  0  0  0  0  4
686  4  0  0  0  0  4
687  4  0  0  0  0  4
688  4  0  0  0  0  4
689  4  0  0  0  0  4
690  4  0  0  0  0  4
691  4  0  0  0  0  4
692  4  0  0  0  0  4
693  4  0  0  0  0  4
694  4  0  0  0  0  4
695  4  0  0  0  0  4
696  4  0  0  0  0  4
697  4  0  0  0  0  4
698  4  0  0  0  0  4
699  4  0  0  0  0  4
700  4  0  0  0  0  4
701  4  0  0  0  0  4
702  4  0  0  0  0  4
703  4  0  0  0  0  4
704  4  0  0  0  0  4
705  4  0  0  0  0  4
706  4  0  0  0  0  4
707  4  0  0  0  0  4
708  4  0  0  0  0  4
709  4  0  0  0  0  4
710  4  0  0  0  0  4
711  4  0  0  0  0  4
712  4  0  0  0  0  4
713  4  0  0  0  0  4
714  4  0  0  0  0  4
715  0  0  0  0  4  4
716  4  0  0  0  0  4
717  4  0  0  0  0  4
718  4  0  0  0  0  4
719  4  0  0  0  0  4
720  4  0  0  0  0  4
721  4  0  0  0  0  4
722  4  0  0  0  0  4
723  4  0  0  0  0  4
724  4  0  0  0  0  4
725  4  0  0  0  0  4
726  4  0  0  0  0  4
727  4  0  0  0  0  4
728  4  0  0  0  0  4
729  4  0  0  0  0  4
