Position	CountMatch	CountA	CountT	CountG	CountC	Depth
1  4142  0  0  0  0  4122
2  5622  0  0  0  0  5620
3  6488  0  0  3  21  6510
4  9388  44  33  17  0  9458
5  9599  113  124  19  0  9854
6  9938  0  214  7  175  10335
7  10539  0  55  17  15  10626
8  7561  0  141  2981  55  10744
9  10840  133  180  0  107  11264
10  11092  265  43  0  22  11424
11  9966  479  991  55  0  11493
12  10371  868  309  0  169  11719
13  7204  4269  270  0  87  11836
14  12776  29  0  24  73  12902
15  12817  240  138  0  9  13210
16  13239  0  76  47  140  13504
17  13440  45  0  29  99  13617
18  13047  348  281  0  66  13751
19  9681  360  3726  0  78  13852
20  13370  458  199  110  0  14143
21  14137  0  80  99  23  14346
22  14234  80  0  16  74  14409
23  13769  215  474  0  44  14506
24  12284  155  2083  38  0  14565
25  14228  221  156  25  0  14635
26  14386  0  113  100  79  14683
27  13214  219  1141  108  0  14686
28  13682  663  196  0  136  14684
29  14407  39  179  39  0  14672
30  13291  173  1082  95  0  14653
31  12253  416  1858  80  0  14616
32  12967  1183  385  0  31  14572
33  14413  0  19  55  7  14501
34  13465  101  841  31  0  14447
35  13240  833  221  0  25  14329
36  13973  112  0  21  99  14214
37  12169  567  1140  48  0  13933
38  11848  1442  323  0  90  13709
39  13471  61  0  38  48  13622
40  11528  76  0  15  1734  13363
41  11310  144  1567  118  0  13147
42  11774  800  260  0  153  12990
43  12706  0  60  51  23  12845
44  11334  59  1191  68  0  12655
45  11348  173  821  86  0  12434
46  10896  958  274  0  51  12185
47  11888  92  0  34  25  12042
48  10657  188  632  0  241  11727
49  11012  33  0  26  359  11436
50  9788  175  661  0  45  10674
51  10243  11  0  6  9  10270
52  9818  2  1  0  1  9823
53  8344  0  0  0  0  8344
