Position	CountMatch	CountA	CountT	CountG	CountC	Depth
1  155  0  0  0  0  155
2  159  0  0  0  0  159
3  162  0  0  0  0  162
4  159  0  0  0  7  166
5  171  0  0  0  0  171
6  176  0  0  0  0  176
7  180  2  0  0  0  182
8  172  0  0  15  0  187
9  192  1  0  0  0  193
10  189  8  0  0  0  197
11  199  0  0  0  0  199
12  182  13  0  1  5  201
13  182  0  0  7  13  202
14  168  18  9  0  11  206
15  211  0  0  4  0  215
16  219  0  0  0  0  219
17  221  0  0  1  0  222
18  221  1  0  0  1  223
19  207  14  0  4  0  225
20  204  23  0  0  0  227
21  226  0  4  0  0  230
22  206  9  15  1  0  231
23  199  33  0  0  0  232
24  233  0  1  0  0  234
25  205  24  4  0  3  236
26  227  0  15  0  0  242
27  250  0  0  0  0  250
28  235  0  0  0  15  250
29  251  0  0  0  0  251
30  238  0  0  11  0  249
31  221  0  18  10  0  249
32  218  0  0  0  34  252
33  256  0  0  0  1  257
34  245  0  21  0  0  266
35  245  2  25  1  0  273
36  278  0  0  0  0  278
37  207  17  48  4  0  276
38  258  10  0  0  15  283
39  283  4  0  0  0  287
40  287  0  0  0  0  287
41  284  0  2  1  0  287
42  272  15  0  0  1  288
43  220  40  28  0  1  289
44  287  0  4  0  0  291
45  260  27  6  0  0  293
46  137  0  5  147  0  289
47  302  0  0  0  1  303
48  291  0  17  0  0  308
49  275  14  22  0  0  311
50  306  8  15  0  1  330
51  301  0  28  0  0  329
52  320  1  8  0  0  329
53  333  0  0  0  0  333
54  318  21  0  0  1  340
55  345  0  0  0  0  345
56  346  0  0  0  0  346
57  317  0  29  0  0  346
58  314  36  0  0  0  350
59  327  0  0  16  13  356
60  356  5  0  0  0  361
61  353  11  0  1  0  365
62  355  0  0  0  17  372
63  373  0  0  1  0  374
64  348  0  24  0  0  372
65  373  2  0  0  0  375
66  351  0  0  15  12  378
67  385  0  0  0  0  386
68  383  0  0  1  4  388
69  326  0  32  25  0  384
70  384  0  0  0  2  386
71  350  2  34  0  0  386
72  335  43  2  0  1  381
73  128  0  9  218  11  366
74  327  1  0  39  13  380
75  391  0  0  0  15  406
76  416  0  0  0  1  417
77  393  0  0  0  20  414
78  410  4  0  0  0  415
79  162  202  38  0  0  403
80  433  0  1  1  0  435
81  384  13  45  1  0  443
82  426  11  16  0  0  453
83  431  0  14  0  14  459
84  457  3  0  1  1  462
85  466  0  2  1  0  469
86  445  2  0  0  23  470
87  476  0  3  0  0  479
88  469  10  0  0  0  479
89  480  0  8  0  0  488
90  465  11  13  0  0  489
91  483  1  0  0  4  488
92  437  31  16  0  0  484
93  317  30  0  5  123  475
94  486  0  0  0  0  486
95  492  0  0  0  2  494
96  497  0  2  0  1  500
97  503  0  0  2  0  505
98  507  0  0  0  0  507
99  476  10  0  0  21  507
100  495  0  0  15  0  510
101  485  25  0  0  4  514
102  511  0  3  0  0  514
103  486  0  22  0  2  510
104  426  40  21  0  17  504
105  492  17  0  0  1  510
106  509  0  0  0  0  509
107  495  0  0  15  0  510
108  511  0  0  0  0  511
109  504  0  2  0  2  508
110  473  0  11  0  14  498
111  471  0  16  2  2  491
112  260  5  0  3  220  488
113  359  109  15  0  8  491
114  485  0  0  8  0  493
115  481  0  3  0  8  492
116  468  0  23  1  0  492
117  438  23  22  0  8  491
118  465  6  0  0  21  492
119  438  36  11  6  0  491
120  483  0  0  1  7  491
121  487  0  4  0  0  491
122  471  0  15  1  0  487
123  484  3  0  1  0  488
124  456  22  7  0  0  485
125  445  17  11  0  9  482
126  453  22  6  0  0  481
127  467  1  0  0  10  478
128  446  8  21  1  0  476
129  408  0  2  64  0  474
130  469  0  1  4  0  474
131  468  0  0  0  0  468
132  321  8  127  0  7  463
133  124  292  0  0  8  424
134  379  2  45  0  0  426
135  425  0  0  2  0  427
136  326  4  0  45  51  426
137  411  12  0  0  3  426
138  395  9  22  0  1  427
139  402  13  6  0  1  422
140  104  302  2  0  0  408
141  410  0  0  0  0  410
142  139  0  1  270  0  410
143  420  2  0  1  1  424
144  409  0  1  14  0  424
145  401  8  14  1  0  424
146  412  12  1  0  0  425
147  387  17  11  0  0  415
148  375  4  31  0  0  410
149  129  271  0  0  0  400
150  391  6  0  0  1  398
151  384  0  2  12  0  398
152  48  24  0  320  0  392
153  364  0  29  0  8  401
154  400  0  0  2  0  402
155  361  36  6  2  0  405
156  398  1  0  0  5  404
157  384  10  11  0  0  405
158  208  0  0  174  15  397
159  366  0  5  10  31  412
160  406  0  6  6  0  418
161  416  0  4  0  0  420
162  414  0  0  0  4  418
163  408  0  0  2  7  417
164  403  0  0  11  0  414
165  404  0  0  9  0  413
166  405  0  0  1  1  407
167  400  0  1  3  3  407
168  362  22  12  0  4  400
169  348  48  4  0  0  400
170  393  0  0  1  0  394
171  367  0  21  0  0  388
172  341  11  7  0  27  386
173  362  21  0  0  0  383
174  372  4  0  0  4  380
175  370  2  0  0  4  376
176  338  0  18  0  12  368
177  339  0  10  14  0  363
178  353  0  0  3  1  357
179  327  0  19  5  2  353
180  327  0  17  1  3  348
181  322  0  13  7  0  342
182  328  0  1  0  0  329
183  227  18  75  0  2  322
184  305  0  23  0  0  328
185  317  0  0  9  0  326
186  321  1  0  1  2  325
187  299  1  17  0  0  317
188  283  6  12  0  6  307
189  290  9  3  0  0  302
190  116  13  163  0  0  292
191  280  2  14  1  0  297
192  244  3  49  0  0  296
193  258  42  6  1  0  307
194  310  0  0  1  0  311
195  295  0  1  17  0  313
196  317  0  0  0  0  317
197  274  0  25  0  0  299
198  294  2  5  0  0  301
199  296  0  0  0  0  296
200  295  0  0  0  0  295
201  293  0  0  0  0  293
202  272  6  11  3  0  292
203  288  0  0  4  1  293
204  280  3  8  0  0  291
205  262  25  0  0  1  288
206  287  0  2  2  0  291
207  266  25  2  0  0  293
208  260  33  0  0  0  293
209  294  0  0  0  0  294
210  298  0  0  0  0  298
211  295  0  2  1  0  298
212  306  0  0  0  0  306
213  306  0  0  0  0  306
214  308  0  0  0  2  310
215  254  33  8  8  0  303
216  299  3  0  1  0  303
217  311  0  3  0  0  314
218  310  2  4  0  0  316
219  276  15  4  0  20  315
220  297  14  2  0  0  313
221  115  0  193  0  0  308
222  282  19  14  0  0  315
223  316  0  0  0  5  321
224  312  10  0  0  0  322
225  326  2  0  0  0  328
226  323  2  0  0  1  326
227  310  1  2  0  16  329
228  331  0  0  0  0  331
229  324  0  2  0  0  326
230  323  1  5  0  1  330
231  330  2  0  0  1  333
232  339  0  0  0  0  339
233  341  1  0  1  0  343
234  333  1  7  4  0  345
235  343  0  0  1  6  350
236  274  16  55  5  0  350
237  348  3  14  0  0  365
238  367  0  4  0  0  371
239  367  0  3  0  0  370
240  365  0  0  4  0  369
241  128  230  0  0  0  358
242  346  19  11  0  0  376
243  377  1  0  1  0  379
244  330  15  36  0  0  381
245  357  0  8  17  4  386
246  327  26  30  1  0  384
247  385  3  0  0  0  388
248  390  1  0  0  6  397
249  384  5  0  0  7  396
250  382  0  7  10  0  399
251  394  0  0  3  0  397
252  391  0  2  0  0  393
253  386  0  0  0  14  400
254  379  11  8  0  1  399
255  339  15  12  0  26  392
256  357  11  35  0  1  404
257  373  20  0  10  3  406
258  375  0  10  23  2  410
259  399  0  10  3  0  412
260  404  7  0  0  0  411
261  417  0  0  0  1  418
262  402  0  10  0  8  420
263  420  2  0  1  0  423
264  389  10  23  0  2  424
265  423  0  7  0  0  430
266  433  0  0  0  0  433
267  427  0  4  0  0  431
268  416  0  16  0  0  432
269  430  2  0  0  0  431
270  428  6  0  0  0  434
271  434  3  0  0  0  437
272  348  33  46  0  0  427
273  429  0  1  0  0  430
274  427  0  1  1  1  430
275  394  22  11  2  0  429
276  428  1  0  0  0  429
277  402  22  0  0  0  424
278  379  16  23  7  0  425
279  423  0  0  0  1  424
280  421  0  4  0  0  425
281  400  0  2  3  16  421
282  368  28  20  2  0  418
283  344  66  2  0  4  416
284  378  26  13  0  0  417
285  416  0  0  0  0  416
286  105  16  289  0  0  410
287  415  0  2  0  5  422
288  407  1  0  0  14  422
289  426  0  1  2  0  429
290  428  0  0  0  1  429
291  420  0  8  1  0  429
292  420  0  0  1  2  423
293  402  0  18  0  0  420
294  397  16  3  0  1  417
295  400  1  20  0  0  421
296  399  19  0  0  0  418
297  409  2  4  0  0  415
298  411  0  0  0  0  411
299  400  10  0  0  1  411
300  383  6  14  0  0  403
301  391  1  6  1  0  399
302  373  18  6  0  0  397
303  390  0  5  0  0  395
304  381  13  0  0  1  395
305  362  6  24  0  0  392
306  387  0  0  0  0  387
307  360  3  21  0  0  384
308  355  1  23  0  0  379
309  365  4  1  0  0  370
310  356  0  3  0  0  359
311  357  0  0  0  0  357
312  326  3  14  1  0  344
313  327  7  2  0  0  336
314  324  0  0  2  0  326
315  323  1  0  0  0  324
316  294  2  25  0  0  321
317  297  1  12  7  0  317
318  249  35  11  0  0  295
319  285  0  2  0  6  293
320  289  0  0  0  0  289
321  283  2  0  0  0  285
322  280  1  0  1  0  282
323  277  0  0  0  0  277
324  273  0  0  0  0  273
325  158  1  0  0  13  172
326  170  0  0  0  0  170
327  147  0  0  0  0  147
328  103  13  0  30  0  146
329  119  0  0  0  0  119
330  114  0  0  0  0  114
331  109  0  0  0  0  109
332  78  0  0  0  0  78
333  0  0  0  0  0  0
334  0  0  0  0  0  0
335  0  0  0  0  0  0
336  0  0  0  0  0  0
