Position	CountMatch	CountA	CountT	CountG	CountC	Depth
1  765  0  0  0  0  765
2  782  0  0  0  0  782
3  782  0  0  4  1  787
4  788  0  1  0  1  790
5  813  0  0  0  0  813
6  823  0  0  0  0  823
7  822  3  0  2  0  827
8  833  0  0  0  0  833
9  839  0  1  0  1  841
10  853  0  0  0  0  853
11  854  1  3  1  0  859
12  863  0  0  0  0  863
13  880  0  0  0  0  880
14  872  2  0  7  1  882
15  892  0  2  0  0  894
16  899  1  2  0  0  902
17  902  2  0  1  0  905
18  906  1  0  1  0  908
19  913  1  0  0  1  915
20  931  0  1  1  0  933
21  939  0  0  2  0  941
22  940  0  1  0  0  941
23  932  0  3  1  5  941
24  938  0  1  0  0  939
25  937  1  1  0  0  939
26  933  0  0  0  5  938
27  1026  0  1  0  0  1027
28  990  6  32  0  1  1029
29  1032  3  2  1  0  1038
30  1024  0  18  2  0  1044
31  1043  0  0  1  0  1044
32  1018  0  0  0  0  1018
33  18  996  0  0  3  1017
34  1059  1  0  1  0  1061
35  1064  0  0  1  3  1068
36  1093  1  1  2  0  1097
37  1105  6  2  0  0  1113
38  1112  0  3  0  1  1116
39  1117  0  2  1  3  1123
40  1127  0  0  3  2  1132
41  1117  6  0  0  4  1127
42  1112  0  11  1  1  1125
43  1101  12  0  4  5  1122
44  23  0  1074  3  0  1100
45  1125  1  0  1  1  1128
46  1142  0  2  3  0  1147
47  1145  2  0  0  2  1149
48  1143  3  0  3  3  1152
49  1141  1  0  4  2  1148
50  1144  0  0  3  0  1147
51  1134  2  2  0  2  1140
52  11  4  0  1062  1  1078
53  1075  0  1  0  4  1080
54  1078  1  0  1  0  1080
55  9  0  1068  2  0  1079
56  1082  0  0  2  3  1087
57  1078  0  0  4  5  1087
58  1086  0  1  0  0  1087
59  15  0  1064  2  3  1084
60  1164  0  0  4  0  1168
61  1167  0  0  4  1  1172
62  1179  0  0  1  0  1180
63  1180  0  0  4  0  1184
64  1168  0  1  0  5  1174
65  1172  3  0  1  0  1176
66  1183  2  0  1  0  1186
67  1190  1  0  0  2  1193
68  1190  1  4  0  0  1195
69  1180  2  0  2  2  1186
70  1173  1  0  2  0  1176
71  1166  0  0  0  0  1166
72  1164  0  0  1  0  1165
73  7  1104  0  4  2  1117
74  1116  1  0  1  0  1118
75  1112  0  0  6  0  1118
76  15  4  0  0  1098  1117
77  1188  0  0  0  3  1191
78  1207  0  0  0  0  1207
79  1209  3  0  0  0  1212
80  1219  0  3  0  1  1223
81  1222  0  0  2  4  1228
82  1214  0  1  6  1  1222
83  1225  3  1  0  1  1230
84  1219  4  0  1  1  1225
85  1217  0  3  1  2  1223
86  1217  5  0  3  1  1226
87  1224  0  2  0  1  1227
88  1227  0  0  1  1  1229
89  1223  2  0  3  1  1229
90  1225  0  3  1  0  1229
91  1225  1  0  2  0  1228
92  1231  0  0  1  2  1234
93  1225  0  1  3  0  1229
94  1221  0  0  3  1  1225
95  1218  5  1  1  0  1225
96  1227  1  3  0  0  1231
97  1236  0  3  0  1  1240
98  1232  1  0  2  0  1235
99  1210  0  0  2  2  1214
100  1246  2  2  0  0  1250
101  1249  0  1  4  2  1256
102  1252  0  3  2  1  1258
103  1255  0  2  5  2  1264
104  1260  3  0  1  2  1266
105  1262  1  0  2  1  1266
106  1260  2  0  1  0  1263
107  1261  6  4  0  0  1271
108  1267  2  0  3  3  1275
109  1282  0  0  3  3  1288
110  1284  0  0  2  0  1286
111  1277  3  2  1  0  1283
112  1259  0  0  5  1  1265
113  1258  0  2  0  0  1260
114  1247  0  2  1  1  1251
115  1242  0  1  0  1  1244
116  1226  0  0  0  1  1227
117  1214  1  0  1  1  1217
118  1210  0  0  0  0  1210
119  1199  1  0  0  1  1201
120  1103  3  0  1  0  1107
121  8  1093  0  2  4  1107
122  1103  3  0  1  0  1107
123  10  1097  0  0  0  1107
124  1232  2  0  0  1  1235
125  1238  0  0  0  3  1241
126  1244  0  2  0  1  1247
127  1266  2  1  1  0  1270
128  1273  0  2  0  2  1277
129  1272  7  4  1  0  1284
130  1283  3  1  0  0  1287
131  1294  3  3  0  0  1300
132  1300  6  2  0  0  1308
133  1280  0  3  1  2  1286
134  1305  1  0  0  0  1306
135  1295  0  0  1  1  1297
136  1303  0  0  1  0  1304
137  1311  0  2  0  0  1313
138  1287  1  0  0  0  1288
139  1298  1  0  0  0  1299
140  1284  0  0  2  3  1289
141  1288  5  0  1  0  1294
142  1300  0  2  0  0  1302
143  1301  0  1  0  0  1302
144  1303  3  0  0  0  1306
145  1302  0  4  0  1  1307
146  1294  1  5  0  0  1300
147  1284  0  2  3  3  1292
148  1292  1  0  2  2  1297
149  1311  0  1  0  1  1313
150  1310  0  1  0  1  1312
151  1302  5  0  2  3  1312
152  1295  0  1  1  1  1298
153  1309  1  1  0  0  1311
154  1308  0  0  0  1  1309
155  1306  0  2  1  5  1314
156  1315  0  1  2  0  1319
157  1320  1  0  2  0  1323
158  1307  0  3  2  2  1314
159  1314  0  0  0  0  1314
160  1309  0  0  0  1  1310
161  1291  7  9  1  0  1308
162  1289  2  1  0  1  1293
163  1284  4  1  1  0  1290
164  1278  0  0  0  0  1278
165  1211  0  0  1  0  1212
166  1213  0  0  1  0  1214
167  1210  0  0  3  0  1214
168  7  1204  0  1  2  1214
169  1284  0  0  0  0  1284
170  1294  0  1  0  2  1297
171  1301  2  2  0  0  1305
172  1305  0  2  0  3  1310
173  1314  0  0  1  0  1315
174  1305  0  0  2  1  1309
175  1292  0  3  1  3  1299
176  1300  0  0  2  2  1304
177  1297  0  1  2  3  1303
178  1293  2  0  3  2  1301
179  1317  1  1  0  0  1320
180  1320  4  1  0  0  1325
181  1320  2  0  2  0  1325
182  1325  0  0  2  1  1328
183  1321  3  5  0  1  1330
184  1302  0  2  2  4  1311
185  1317  0  1  1  3  1322
186  1326  0  1  1  1  1329
187  1339  1  2  0  0  1342
188  1311  0  2  3  0  1316
189  1312  0  3  2  4  1321
190  1327  0  0  1  2  1330
191  1314  0  0  2  2  1318
192  1321  1  1  0  0  1323
193  1304  4  0  2  2  1312
194  1305  4  16  1  0  1326
195  1317  0  1  1  0  1320
196  1309  0  2  1  1  1313
197  1316  0  3  0  0  1319
198  1306  1  0  1  3  1311
199  1309  2  0  1  1  1313
200  1312  1  0  1  2  1317
201  1317  1  1  0  0  1319
202  1309  0  0  2  1  1312
203  1308  0  2  1  1  1313
204  1308  1  0  2  1  1312
205  1297  3  0  1  1  1302
206  1289  0  1  1  0  1292
207  1276  2  0  2  2  1282
208  1268  0  0  0  0  1269
209  7  4  1227  1  0  1239
210  1271  0  1  0  0  1272
211  1276  2  0  0  3  1281
212  1295  0  0  0  1  1297
213  1295  5  0  0  0  1301
214  1298  0  2  1  3  1305
215  1309  0  0  0  0  1309
216  1307  2  0  1  1  1310
217  1308  0  0  0  1  1309
218  1310  0  1  1  1  1313
219  1321  3  0  2  0  1326
220  1323  0  1  1  0  1326
221  1315  0  3  1  3  1322
222  1318  0  0  0  3  1321
223  1316  2  0  0  3  1322
224  1301  4  3  2  0  1310
225  1309  1  1  0  0  1312
226  1302  3  0  5  2  1312
227  1312  1  0  0  1  1314
228  1315  2  0  0  0  1317
229  1324  3  1  2  0  1330
230  1331  4  1  1  0  1337
231  1336  0  0  1  1  1338
232  1331  2  0  2  2  1337
233  1323  0  0  0  2  1325
234  1333  0  0  2  1  1336
235  1333  0  1  1  5  1339
236  1329  2  0  5  3  1339
237  1341  1  0  1  1  1344
238  1343  0  2  0  1  1346
239  1343  1  0  2  1  1347
240  1350  2  4  1  0  1357
241  1380  1  10  0  0  1391
242  1370  7  0  0  0  1377
243  1388  0  0  0  1  1389
244  1376  0  10  4  0  1390
245  1388  0  5  1  6  1400
246  1403  1  0  3  1  1408
247  1425  3  0  2  2  1432
248  1425  3  0  3  1  1432
249  1413  3  0  3  1  1420
250  1410  2  0  2  3  1417
251  1408  1  2  0  1  1412
252  1366  2  3  0  1  1372
253  2  1316  0  4  4  1326
254  1378  0  2  0  1  1381
255  1381  2  4  0  0  1387
256  1396  2  0  0  0  1398
257  1393  0  0  2  2  1397
258  1409  0  2  0  0  1411
259  1410  1  3  0  0  1414
260  1393  2  2  2  0  1399
261  1379  0  0  1  0  1380
262  1372  0  3  2  2  1379
263  1374  0  1  0  2  1377
264  1374  4  0  6  2  1386
265  1378  0  2  1  3  1384
266  1374  2  0  2  3  1381
267  1357  1  0  1  1  1360
268  1352  0  1  2  1  1356
269  3  1311  1  0  0  1315
270  1340  0  0  3  0  1343
271  1340  3  0  1  1  1345
272  1351  0  0  1  0  1352
273  1348  0  1  1  3  1353
274  1348  0  0  0  0  1348
275  1338  2  0  1  1  1342
276  1353  0  0  0  1  1354
277  1357  3  0  2  0  1362
278  1345  6  1  0  0  1352
279  1338  0  0  2  2  1342
280  1329  2  3  0  0  1335
281  1326  1  2  1  0  1330
282  1320  0  0  1  0  1321
283  1242  1  0  4  1  1248
284  1278  1  0  0  2  1281
285  1280  0  0  1  0  1281
286  1268  0  8  1  4  1281
287  5  0  1274  0  1  1280
288  1331  0  3  0  0  1334
289  1345  4  3  0  0  1352
290  1347  3  0  5  1  1356
291  1357  1  0  4  3  1366
292  1378  1  1  0  1  1381
293  1380  0  2  0  1  1383
294  1361  0  1  4  2  1368
295  1361  2  0  3  4  1370
296  1369  1  0  3  1  1374
297  1385  0  1  1  5  1392
298  1398  1  0  1  0  1400
299  1405  0  0  1  1  1407
300  1404  0  0  0  2  1406
301  1381  5  0  1  1  1388
302  1381  0  3  2  1  1387
303  1380  4  0  0  4  1388
304  1394  3  1  1  0  1399
305  1392  3  1  0  1  1397
306  1385  1  0  1  2  1389
307  1379  4  0  3  1  1387
308  1383  0  0  1  2  1386
309  1398  1  0  0  0  1399
310  1384  2  1  0  3  1390
311  1382  7  1  0  3  1393
312  1375  1  0  0  3  1379
313  1364  0  1  0  3  1368
314  1366  0  0  1  0  1367
315  1343  0  2  1  4  1350
316  1347  0  0  1  0  1348
317  1338  2  0  1  1  1342
318  1327  0  2  1  2  1332
319  1325  3  2  1  0  1331
320  1313  0  1  0  0  1314
321  1306  0  0  1  0  1307
322  1297  0  6  0  0  1303
323  1264  0  1  1  0  1266
324  1259  0  0  4  2  1265
325  1257  2  4  0  2  1265
326  1263  0  2  0  0  1265
327  1252  0  2  2  1  1257
328  1246  0  0  0  5  1251
329  1231  1  0  2  1  1235
330  1219  0  0  0  0  1219
331  1061  0  121  2  1  1185
332  1184  0  0  1  0  1185
333  1185  0  0  0  0  1185
334  1184  0  0  0  0  1184
335  1058  0  0  2  0  1060
336  1058  0  1  0  1  1060
337  1059  0  0  0  1  1060
338  1059  1  0  0  0  1060
339  1040  0  17  3  2  1062
340  1250  0  0  1  1  1252
341  1254  0  1  0  2  1257
342  1267  0  0  1  1  1269
343  1285  1  0  0  1  1287
344  1296  0  1  3  2  1302
345  1322  0  0  0  0  1322
346  1327  0  0  1  2  1330
347  1344  5  1  0  0  1350
348  1353  0  3  1  2  1359
349  1365  0  0  1  0  1366
350  1364  0  1  1  1  1367
351  1366  2  0  2  3  1373
352  1380  0  0  2  1  1383
353  1381  2  0  2  1  1386
354  1389  0  1  0  1  1391
355  1388  0  9  1  2  1400
356  1389  0  0  4  4  1397
357  1385  0  0  0  1  1386
358  1373  8  0  1  2  1384
359  1388  4  0  2  5  1399
360  1382  0  0  2  0  1384
361  1393  0  0  0  0  1393
362  1391  0  0  2  0  1393
363  1389  0  1  2  1  1393
364  1391  0  0  2  0  1393
365  1379  0  3  0  2  1384
366  1435  0  0  0  0  1435
367  1383  0  5  0  1  1389
368  1385  0  0  2  2  1389
369  1389  0  0  0  0  1389
370  1381  2  0  1  3  1387
371  7  2  0  1347  0  1356
372  1357  1  0  3  1  1362
373  1356  3  1  0  2  1362
374  1360  0  1  0  1  1362
375  1343  0  1  0  3  1347
376  1322  0  2  1  3  1328
377  2  1257  4  0  2  1265
378  2  0  1263  0  0  1265
379  1361  0  1  3  3  1368
380  1370  2  0  3  0  1375
381  1376  0  0  1  2  1379
382  1395  0  0  0  2  1397
383  1392  1  0  1  2  1396
384  1393  4  1  2  0  1400
385  1388  0  1  1  1  1391
386  1373  2  0  4  1  1380
387  1  1334  1  0  2  1338
388  1369  1  0  0  2  1372
389  1376  1  3  0  0  1380
390  1383  0  3  0  0  1386
391  1375  1  2  0  0  1378
392  1365  2  0  0  0  1367
393  1361  2  0  1  0  1364
394  2  1  1326  2  0  1331
395  1364  1  3  0  1  1369
396  1374  2  5  0  2  1383
397  1388  2  0  6  1  1397
398  1391  2  0  4  0  1397
399  1384  1  0  0  1  1386
400  1375  0  0  1  0  1376
401  1360  0  2  5  2  1369
402  1364  0  0  1  1  1366
403  1369  0  3  0  1  1373
404  1336  2  0  1  2  1341
405  1337  1  0  2  1  1341
406  1345  0  1  1  1  1348
407  1342  0  0  1  0  1343
408  1337  0  0  0  1  1338
409  1327  1  0  1  3  1332
410  1324  0  0  0  2  1326
411  1317  1  0  5  1  1324
412  1314  0  0  1  3  1318
413  1318  0  1  1  0  1320
414  1319  4  0  2  0  1325
415  1317  0  3  1  0  1321
416  1299  0  0  0  2  1301
417  1296  1  1  0  0  1298
418  1279  0  2  1  1  1283
419  1275  0  2  0  2  1279
420  1270  0  0  0  1  1271
421  6  2  1212  0  0  1220
422  1  1218  0  0  1  1220
423  1303  2  0  3  1  1309
424  1323  0  2  2  0  1327
425  1330  0  0  1  1  1332
426  1339  0  0  0  0  1339
427  1342  0  0  2  0  1344
428  1347  6  3  0  0  1356
429  1354  0  1  0  2  1357
430  1367  0  0  2  0  1369
431  1371  0  1  0  0  1373
432  1356  0  0  4  3  1363
433  1363  1  0  0  2  1366
434  1335  0  2  2  3  1342
435  1347  3  2  0  2  1354
436  1355  0  1  0  1  1357
437  1355  2  0  2  0  1359
438  1336  0  0  1  24  1361
439  1354  0  3  2  2  1361
440  1351  0  4  3  3  1361
441  1359  0  0  3  1  1363
442  1360  1  0  4  3  1368
443  1367  1  0  2  0  1370
444  1371  3  0  1  0  1375
445  1358  0  2  1  1  1362
446  1354  0  1  2  4  1361
447  1354  0  3  2  0  1359
448  1360  2  0  1  2  1365
449  1353  1  0  3  1  1358
450  1353  1  0  2  1  1357
451  1347  0  0  0  2  1349
452  1327  1  0  3  2  1333
453  1324  1  1  1  0  1327
454  2  0  1274  2  1  1279
455  1324  0  0  2  0  1326
456  1326  3  2  2  0  1333
457  1331  0  0  1  0  1332
458  1318  0  1  1  1  1321
459  2  1279  1  0  5  1287
460  1311  0  1  1  3  1316
461  1313  3  0  1  0  1317
462  1328  1  0  0  1  1330
463  1327  4  2  1  0  1334
464  1342  0  1  2  1  1346
465  1325  0  2  2  0  1329
466  1324  0  1  4  3  1332
467  1318  5  0  3  0  1326
468  1304  3  5  0  1  1313
469  1302  0  1  0  1  1304
470  1296  2  0  2  0  1300
471  1292  0  0  0  0  1292
472  1286  1  0  1  0  1288
473  1269  0  1  0  0  1270
474  1256  0  1  0  0  1257
475  1246  3  0  1  0  1250
476  1331  5  0  0  0  1336
477  1345  0  0  0  0  1345
478  1330  0  2  0  0  1332
479  1299  0  0  0  0  1299
480  1298  0  1  0  0  1299
481  1300  0  0  0  0  1300
482  1341  0  0  0  0  1341
483  1338  1  0  0  0  1339
484  1194  2  0  0  2  1198
485  1209  1  2  0  0  1212
486  1212  0  0  2  1  1215
487  1221  1  0  1  0  1223
488  1232  0  0  0  0  1232
489  1246  0  0  0  2  1248
490  1254  0  2  0  1  1257
491  1285  2  1  1  0  1289
492  1307  0  0  0  0  1307
493  1317  0  1  0  1  1319
494  1321  0  0  1  1  1323
495  1310  0  3  1  2  1316
496  1318  0  1  1  1  1321
497  1308  2  0  5  1  1316
498  1305  1  0  2  2  1310
499  1312  3  3  0  2  1320
500  1299  1  0  1  0  1301
501  1294  0  2  2  1  1299
502  1280  4  2  1  0  1287
503  1271  0  2  0  1  1274
504  3  0  1242  2  4  1251
505  1296  2  2  0  1  1301
506  1298  3  0  1  4  1306
507  1310  2  3  0  3  1318
508  1298  3  0  2  0  1303
509  1309  1  3  0  0  1313
510  1299  2  2  0  0  1303
511  1304  0  1  0  1  1306
512  1306  3  0  1  1  1310
513  1300  0  0  1  0  1301
514  1293  5  0  0  0  1298
515  1277  0  2  1  0  1280
516  1262  0  5  1  0  1268
517  31  0  1210  1  0  1242
518  1240  0  2  0  0  1242
519  31  1207  0  2  2  1242
520  1313  3  0  3  1  1320
521  1298  1  0  2  0  1301
522  1306  0  0  0  1  1307
523  1309  1  0  2  0  1312
524  1322  1  1  0  0  1324
525  1298  2  0  4  1  1305
526  1308  0  1  2  2  1313
527  1312  1  0  1  1  1315
528  1321  1  3  0  1  1326
529  1315  2  0  4  0  1321
530  1333  0  0  1  1  1335
531  1330  5  2  0  1  1338
532  1335  1  0  0  0  1336
533  1328  0  2  2  0  1332
534  1325  0  2  1  2  1330
535  1326  0  2  0  0  1328
536  1318  2  0  2  0  1322
537  1321  0  0  0  0  1321
538  1322  0  3  0  3  1328
539  1320  0  1  0  1  1322
540  1309  0  1  1  0  1311
541  1310  0  0  0  0  1310
542  1310  1  1  0  0  1312
543  1302  0  2  3  0  1307
544  1300  1  0  1  0  1302
545  1300  0  0  0  1  1301
546  1296  2  0  3  0  1301
547  1289  2  0  1  2  1294
548  1295  0  0  0  1  1296
549  1285  2  0  0  1  1288
550  1271  0  1  1  1  1274
551  3  0  1247  0  0  1250
552  1292  0  0  0  1  1293
553  1308  0  3  1  1  1313
554  1277  2  0  2  32  1313
555  1310  0  1  0  1  1312
556  1302  0  0  1  0  1303
557  1289  0  1  0  1  1291
558  1276  0  0  0  3  1279
559  1268  2  0  0  1  1271
560  1273  0  1  1  0  1275
561  1273  0  0  0  0  1273
562  888  0  2  303  1  1194
563  1194  0  0  0  0  1194
564  885  303  1  0  3  1192
565  1192  0  0  0  0  1192
566  884  0  1  305  2  1192
567  1254  1  0  1  0  1256
568  1151  0  1  99  0  1251
569  1228  1  0  1  0  1230
570  1228  0  0  1  1  1230
571  823  405  0  1  1  1230
572  1271  0  0  0  1  1272
573  1274  0  1  0  0  1275
574  1274  0  1  0  0  1275
575  1191  1  1  0  0  1193
576  1191  0  0  1  1  1193
577  0  2  1187  3  0  1192
578  1209  0  0  1  0  1210
579  1200  0  1  15  0  1216
580  1221  0  1  1  1  1224
581  1226  0  0  0  0  1226
582  1225  0  0  1  0  1226
583  1223  2  0  2  0  1227
584  1207  0  2  0  0  1209
585  1204  0  0  2  1  1207
586  1189  0  3  0  1  1193
587  1185  0  1  0  0  1186
588  1172  0  0  0  0  1172
589  1164  0  0  0  3  1167
590  1161  0  1  0  0  1162
591  1201  0  0  0  1  1202
592  1205  0  0  1  0  1206
593  1211  0  1  1  0  1213
594  1216  0  0  1  0  1217
595  1216  0  3  0  1  1220
596  1212  2  0  1  1  1216
597  1160  0  0  1  2  1163
598  1175  0  3  0  0  1178
599  1182  1  0  0  0  1183
600  1173  0  5  1  0  1179
601  1173  0  1  1  3  1178
602  1163  0  0  6  1  1170
603  1155  0  1  1  1  1158
604  1147  0  0  2  2  1151
605  1141  1  0  3  3  1148
606  1142  2  0  1  0  1145
607  1  1005  6  0  0  1012
608  9  4  0  999  0  1012
609  1008  0  2  0  2  1012
610  1008  0  0  2  2  1012
611  1005  2  1  0  2  1010
612  1007  0  0  2  1  1010
613  1  1003  0  0  3  1007
614  4  1002  0  1  0  1007
615  1109  1  0  2  0  1112
616  1109  2  0  1  1  1113
617  1114  4  0  0  0  1118
618  1123  0  0  2  0  1126
619  1130  0  0  1  0  1131
620  1136  0  0  0  0  1136
621  1134  1  0  1  0  1136
622  1135  5  0  0  0  1140
623  1132  0  0  0  1  1133
624  1130  0  0  0  2  1132
625  1126  0  0  1  1  1128
626  1124  0  0  0  2  1126
627  1113  0  0  5  1  1119
628  1108  1  3  0  2  1115
629  1105  1  2  0  0  1108
630  1091  0  0  0  0  1091
631  1071  0  0  1  1  1073
632  1063  0  0  0  2  1065
633  1058  0  0  1  0  1059
634  1054  0  0  0  4  1058
635  1050  4  0  1  0  1055
636  1040  0  0  0  0  1040
637  1010  0  1  2  1  1015
638  1004  0  2  0  2  1008
639  986  1  0  0  0  987
640  965  0  1  0  0  966
641  0  2  908  0  0  910
642  908  0  1  0  1  910
643  909  0  1  0  0  910
644  0  907  0  1  1  909
645  926  1  0  1  2  930
646  932  1  0  1  1  935
647  939  0  0  1  2  942
648  944  0  0  1  0  945
649  937  0  0  0  1  938
650  928  0  3  1  0  932
651  920  0  1  0  0  921
652  907  0  0  1  2  910
653  900  0  1  0  0  901
654  1  853  0  0  0  854
655  858  0  3  1  2  864
656  862  0  0  0  2  864
657  858  0  1  0  5  864
658  856  2  0  1  0  859
659  841  0  4  0  2  847
660  2  0  767  4  0  773
661  771  1  1  0  0  773
662  1  0  0  771  1  773
663  793  0  2  2  2  799
664  796  1  0  3  1  801
665  799  1  0  0  1  801
666  798  0  2  0  2  802
667  799  2  1  0  0  802
668  790  4  1  0  1  796
669  789  0  0  1  1  791
670  0  761  2  0  2  765
671  772  1  0  1  0  774
672  774  0  2  0  0  776
673  770  3  1  0  0  774
674  764  2  0  0  0  766
675  749  0  0  0  2  751
676  739  1  0  1  0  741
677  729  0  0  0  1  730
678  724  0  0  0  1  725
679  716  0  0  0  1  717
680  713  0  0  0  0  713
681  707  0  1  1  0  709
682  704  0  0  2  2  708
683  701  0  1  0  2  704
684  696  2  0  1  3  702
685  692  0  1  0  0  693
686  684  1  1  0  0  686
687  683  0  0  0  0  683
688  671  2  0  1  0  674
689  664  1  0  0  0  665
690  660  1  0  0  1  662
691  652  0  2  0  1  655
692  0  627  0  1  0  628
693  633  0  0  0  0  633
694  631  2  1  0  0  634
695  634  1  0  0  0  635
696  618  0  0  0  1  619
697  611  0  0  0  1  612
698  612  0  0  0  0  612
699  600  0  1  0  0  601
700  581  1  2  0  0  584
701  572  0  0  1  0  573
702  566  1  0  1  0  568
703  566  0  0  0  0  566
704  561  0  0  0  0  561
705  511  0  22  0  0  533
706  532  0  0  2  0  534
707  534  0  0  0  0  534
708  532  0  0  0  1  533
709  509  0  0  2  1  512
710  442  2  0  1  1  446
711  444  0  0  0  2  446
712  8  0  0  0  438  446
713  8  0  437  1  0  446
714  5  0  440  0  1  446
715  460  0  0  0  0  460
716  459  0  0  0  0  459
717  461  0  0  0  0  461
718  461  0  0  0  0  461
719  463  0  0  0  0  463
720  462  0  0  1  0  463
721  461  2  0  1  0  464
722  459  1  0  4  0  464
723  464  0  0  0  0  464
724  463  0  0  0  0  463
725  459  0  0  0  1  460
726  452  0  0  0  0  452
727  451  0  0  1  0  452
728  443  2  0  0  0  445
729  437  0  0  2  0  439
730  433  0  0  1  0  434
731  386  2  0  0  0  388
732  390  0  0  0  0  390
733  389  1  0  1  0  391
734  390  1  0  1  0  392
735  392  1  0  0  0  393
736  385  0  0  2  1  388
737  383  0  0  0  3  386
738  382  0  0  0  0  382
739  373  0  1  0  1  375
740  356  1  0  0  0  357
741  337  3  0  0  0  340
742  1  0  1  324  0  326
743  325  0  0  1  0  326
744  327  0  0  0  0  327
745  325  0  0  1  1  327
746  324  0  0  1  1  326
747  325  0  0  0  0  325
748  320  1  0  0  0  321
749  318  0  0  0  1  319
750  309  0  1  0  0  310
751  286  0  1  1  0  288
752  286  0  0  0  0  286
753  274  1  0  2  1  278
754  276  0  0  0  0  276
755  1  0  222  0  0  223
756  0  0  223  0  0  223
757  223  0  0  0  0  223
758  221  0  0  1  1  223
759  221  0  0  1  1  223
760  221  1  1  0  0  223
761  221  0  2  0  0  223
762  223  0  0  0  0  223
763  222  0  0  0  0  222
764  215  0  0  0  0  215
765  4  0  183  0  0  187
766  2  185  0  0  0  187
767  187  0  0  0  0  187
768  185  2  0  0  0  187
769  187  0  0  0  0  187
770  187  0  0  0  0  187
771  185  0  0  0  2  187
772  185  0  0  0  1  186
773  182  0  1  0  0  183
774  2  0  32  0  118  152
775  151  0  1  0  0  152
776  152  0  0  0  0  152
777  151  0  1  0  0  152
778  152  0  0  0  0  152
779  152  0  0  0  0  152
780  151  0  0  0  1  152
781  152  0  0  0  0  152
782  151  0  0  0  0  151
783  149  0  0  0  0  149
784  148  0  0  0  0  148
785  143  0  1  0  0  144
786  139  0  0  0  0  139
787  138  0  0  0  0  138
788  106  0  0  0  0  106
789  106  0  0  0  0  106
790  106  0  0  0  0  106
791  106  0  0  0  0  106
792  105  0  1  0  0  106
793  104  1  0  0  1  106
794  106  0  0  0  0  106
795  0  106  0  0  0  106
796  106  0  0  0  0  106
797  106  0  0  0  0  106
798  105  0  0  0  1  106
799  101  0  0  0  0  101
800  97  0  0  0  1  98
801  96  0  0  0  0  96
802  94  1  0  0  0  95
803  95  0  0  0  0  95
804  93  0  0  0  0  93
805  89  0  0  0  0  89
806  67  0  0  0  0  67
807  67  0  0  0  0  67
808  67  0  0  0  0  67
809  67  0  0  0  0  67
810  0  0  0  0  67  67
811  67  0  0  0  0  67
812  67  0  0  0  0  67
813  67  0  0  0  0  67
814  67  0  0  0  0  67
815  65  0  0  0  0  65
816  0  0  0  0  0  0
817  0  0  0  0  0  0
818  0  0  0  0  0  0
819  0  0  0  0  0  0
820  0  0  0  0  0  0
821  0  0  0  0  0  0
822  0  0  0  0  0  0
823  0  0  0  0  0  0
824  0  0  0  0  0  0
