Position	CountMatch	CountA	CountT	CountG	CountC	Depth
1  48  0  0  0  0  48
2  48  0  0  0  0  49
3  313  0  0  0  0  313
4  323  0  0  0  0  323
5  328  0  0  0  0  329
6  332  0  1  0  0  334
7  264  72  0  0  0  336
8  345  0  0  0  1  346
9  348  1  0  3  1  354
10  366  2  0  1  0  369
11  385  0  0  0  0  385
12  363  1  24  0  0  388
13  395  0  1  0  0  396
14  405  0  0  0  1  406
15  407  0  0  0  0  407
16  422  0  0  0  0  422
17  428  0  0  0  0  428
18  439  0  0  0  1  440
19  443  0  0  0  0  443
20  448  0  0  0  0  448
21  439  0  20  0  0  459
22  421  45  0  0  0  466
23  480  0  0  0  0  480
24  490  0  0  0  0  490
25  499  0  0  0  0  500
26  505  0  0  1  0  506
27  510  0  0  0  0  511
28  515  0  0  0  0  515
29  518  0  0  0  0  518
30  523  0  0  0  0  524
31  528  1  0  0  0  529
32  540  0  0  0  0  540
33  546  0  0  0  0  546
34  551  0  0  0  0  551
35  564  0  0  0  0  564
36  569  0  0  0  0  569
37  569  0  0  0  0  569
38  470  81  24  0  0  576
39  564  0  0  0  0  564
40  531  37  0  0  0  569
41  509  0  0  64  0  573
42  532  0  38  0  0  572
43  586  0  0  0  0  586
44  583  0  0  0  1  584
45  346  238  0  0  0  585
46  593  0  0  0  0  594
47  400  0  0  0  195  595
48  601  0  0  0  0  603
49  610  0  0  1  0  611
50  620  0  0  0  0  620
51  586  32  0  0  0  618
52  614  0  0  1  0  616
53  403  206  0  0  1  611
54  626  0  0  2  0  628
55  528  0  97  0  0  626
56  628  0  1  0  3  634
57  641  0  0  0  0  642
58  650  0  0  0  0  650
59  584  74  0  0  1  659
60  621  0  1  31  3  658
61  660  0  0  1  0  661
62  661  0  0  1  0  662
63  677  0  0  0  0  678
64  678  0  0  0  0  678
65  620  0  0  1  55  677
66  693  0  1  0  0  697
67  698  0  0  1  0  700
68  698  0  1  1  0  700
69  706  0  0  0  0  706
70  660  0  0  1  38  699
71  702  0  0  0  0  703
72  580  0  121  0  0  701
73  713  0  0  0  0  713
74  697  0  0  1  3  701
75  711  0  0  0  0  711
76  709  0  0  1  0  711
77  652  53  0  2  0  708
78  709  0  0  0  1  711
79  702  0  1  2  0  706
80  654  50  1  0  4  710
81  708  1  0  0  0  709
82  707  0  0  1  3  712
83  633  0  78  0  0  712
84  604  114  0  0  0  718
85  723  0  0  0  0  723
86  628  44  53  0  0  725
87  735  1  0  0  0  736
88  715  1  0  9  2  729
89  731  2  0  0  0  733
90  561  0  0  0  168  729
91  725  0  1  1  4  733
92  730  2  0  0  0  733
93  734  0  0  0  0  734
94  731  1  0  0  1  735
95  748  1  0  0  0  749
96  746  0  0  0  0  746
97  745  0  0  0  0  747
98  754  0  0  0  0  755
99  753  2  0  0  0  755
100  752  0  0  2  1  755
101  757  0  1  0  0  758
102  757  1  1  0  0  760
103  761  0  2  0  0  764
104  751  6  0  3  0  761
105  764  0  0  0  0  765
106  770  0  1  0  1  772
107  772  0  0  1  0  773
108  772  1  0  0  0  774
109  763  0  0  0  0  764
110  764  0  0  0  0  764
111  763  0  0  1  0  764
112  769  0  1  0  0  770
113  761  0  0  0  0  762
114  761  0  0  0  0  761
115  757  0  1  0  0  758
116  755  0  0  0  2  757
117  756  0  0  1  0  757
118  755  0  0  0  0  755
119  752  0  0  0  0  754
120  743  0  0  0  5  749
121  755  0  0  0  0  755
122  751  0  1  0  0  753
123  740  0  1  0  0  742
124  399  0  322  0  0  722
125  709  16  1  0  0  726
126  722  0  0  2  2  727
127  726  1  0  0  1  729
128  728  0  0  0  0  730
129  733  0  0  0  1  734
130  725  0  0  0  0  727
131  725  0  0  1  0  726
132  711  10  0  0  0  721
133  715  1  0  0  1  718
134  720  0  1  0  0  721
135  660  47  1  0  1  712
136  721  0  0  0  0  721
137  713  0  0  1  0  717
138  713  0  2  0  0  717
139  718  1  0  0  0  719
140  711  0  0  1  0  713
141  705  0  0  1  0  706
142  703  0  0  1  1  705
143  518  0  190  0  0  709
144  707  0  0  0  1  710
145  706  0  0  0  0  707
146  706  1  0  0  0  707
147  699  0  0  3  0  703
148  702  0  0  0  0  704
149  708  0  0  0  1  711
150  700  0  0  1  0  702
151  701  0  0  0  0  703
152  708  0  0  0  0  709
153  630  77  0  0  0  707
154  705  0  0  0  0  707
155  703  0  0  3  1  707
156  676  32  0  0  0  710
157  703  1  0  0  0  704
158  701  0  0  0  0  701
159  692  0  0  0  1  693
160  690  0  0  0  1  692
161  690  0  0  0  1  692
162  687  0  0  0  0  687
163  682  0  0  1  0  684
164  691  0  0  0  0  692
165  688  1  6  0  0  698
166  690  0  0  0  0  690
167  685  0  0  0  0  686
168  509  163  1  1  0  675
169  529  0  0  149  0  679
170  686  0  0  0  0  686
171  690  0  0  1  0  691
172  689  0  0  0  0  690
173  688  0  0  0  0  688
174  689  0  0  0  0  689
175  689  0  0  0  0  689
176  680  1  0  2  0  683
177  681  0  0  1  0  683
178  688  0  0  2  0  691
179  696  0  0  0  0  696
180  692  2  0  0  0  695
181  681  0  0  0  0  681
182  673  1  0  0  0  676
183  668  1  0  0  0  669
184  488  0  0  168  0  657
185  663  0  0  0  0  664
186  663  0  0  2  0  665
187  660  0  1  0  1  664
188  662  0  0  0  0  663
189  659  0  0  0  0  660
190  658  0  1  0  0  659
191  653  0  0  0  1  656
192  654  0  0  8  0  663
193  651  0  0  0  8  660
194  612  0  32  0  0  644
195  646  0  0  0  0  646
196  645  1  0  0  1  648
197  648  0  0  0  0  649
198  646  0  0  0  1  648
199  651  1  0  0  0  652
200  650  0  1  0  0  651
201  644  0  0  0  0  645
202  642  0  0  0  0  642
203  465  169  0  1  2  637
204  638  1  0  0  0  640
205  634  0  0  0  0  634
206  629  0  0  0  1  632
207  639  0  0  0  0  639
208  636  0  0  0  0  636
209  633  0  0  1  0  636
210  634  0  0  0  0  634
211  621  0  0  0  1  624
212  635  1  1  0  0  637
213  604  33  0  0  0  638
214  649  0  0  0  0  649
215  649  0  0  0  0  649
216  643  0  0  0  0  644
217  645  0  0  1  0  646
218  639  0  0  1  1  641
219  636  1  0  2  0  641
220  642  0  0  1  0  643
221  647  0  0  0  0  651
222  646  0  0  0  0  646
223  644  1  1  0  0  647
224  650  0  0  1  0  652
225  650  0  0  0  0  651
226  645  1  0  0  1  648
227  648  0  0  1  0  649
228  567  0  0  72  1  642
229  613  0  0  1  36  652
230  525  131  1  0  0  657
231  671  0  0  0  0  671
232  665  0  0  2  0  667
233  670  0  1  0  0  672
234  678  0  0  1  0  680
235  679  0  0  0  0  679
236  671  0  0  0  0  673
237  667  3  0  0  0  671
238  678  0  1  0  0  679
239  673  0  1  0  0  676
240  672  0  0  1  0  674
241  631  0  1  0  41  673
242  667  0  9  0  0  676
243  672  1  0  0  0  674
244  675  0  0  1  0  676
245  664  0  0  10  0  674
246  673  0  0  0  1  676
247  669  0  0  1  1  672
248  664  0  0  2  0  667
249  665  2  0  0  0  667
250  669  0  0  0  0  669
251  662  0  0  0  0  662
252  658  0  0  2  1  662
253  661  0  0  1  1  663
254  654  0  0  1  0  655
255  653  0  0  0  0  656
256  652  0  1  1  0  655
257  658  0  1  1  0  661
258  662  0  1  0  0  663
259  665  0  0  0  1  666
260  671  0  1  0  0  672
261  669  0  0  0  0  669
262  659  1  0  4  1  665
263  672  0  0  0  0  672
264  666  0  1  0  0  668
265  649  0  16  0  4  670
266  625  0  0  0  45  670
267  664  0  1  0  1  666
268  485  2  171  2  0  660
269  629  34  0  0  0  664
270  663  1  0  0  0  665
271  661  0  1  0  0  662
272  464  0  0  188  0  652
273  653  0  10  0  0  663
274  668  1  0  0  0  670
275  667  0  0  0  0  667
276  667  0  0  0  1  668
277  623  1  43  2  0  671
278  619  51  0  0  0  671
279  681  0  0  0  0  681
280  681  0  0  0  0  681
281  684  0  0  0  0  684
282  688  0  0  0  0  689
283  691  0  0  0  0  691
284  687  0  1  1  1  691
285  691  0  0  0  0  692
286  695  0  0  1  0  696
287  700  0  1  0  0  701
288  666  31  1  0  0  699
289  408  0  0  280  0  688
290  693  0  0  4  2  700
291  692  0  0  0  0  695
292  695  2  0  0  0  697
293  695  0  1  0  3  699
294  501  0  193  0  0  694
295  693  0  0  3  2  701
296  684  21  0  0  0  705
297  697  0  0  0  2  700
298  698  3  0  0  0  701
299  703  0  0  0  0  704
300  709  0  0  0  1  710
301  693  1  20  0  0  714
302  717  0  0  0  0  717
303  711  0  0  0  0  711
304  711  0  0  0  0  711
305  641  72  0  0  0  713
306  710  0  0  0  0  712
307  703  0  0  1  0  705
308  698  0  0  0  0  698
309  701  0  0  0  0  701
310  700  0  0  0  1  701
311  619  0  82  1  0  702
312  697  2  0  0  0  699
313  696  0  0  1  1  698
314  699  0  0  0  0  699
315  697  0  0  1  0  698
316  700  0  0  0  0  700
317  697  0  0  0  0  698
318  694  1  0  0  1  696
319  646  2  0  20  5  674
320  685  1  0  0  0  686
321  686  0  0  0  0  687
322  680  0  0  5  1  686
323  673  0  14  1  0  689
324  677  14  1  0  0  693
325  689  2  0  6  0  697
326  694  0  0  0  14  708
327  714  0  1  3  0  718
328  671  0  0  42  1  714
329  715  0  0  0  0  716
330  703  0  1  1  0  705
331  704  1  0  0  0  707
332  710  0  0  0  0  711
333  703  0  0  0  0  705
334  624  86  0  0  0  710
335  688  13  1  0  2  704
336  666  2  0  23  1  693
337  699  0  0  0  0  700
338  705  0  0  1  0  706
339  698  0  0  0  4  703
340  706  1  0  0  0  707
341  697  0  3  0  4  706
342  704  0  0  0  0  706
343  664  1  0  0  38  703
344  706  0  0  2  1  709
345  716  0  0  0  0  718
346  709  0  12  0  0  721
347  716  0  0  1  0  718
348  721  2  0  0  0  723
349  726  0  1  0  0  727
350  723  2  0  0  0  726
351  717  0  2  1  4  724
352  722  0  0  0  0  722
353  718  0  0  0  0  719
354  712  0  1  1  0  716
355  715  0  0  0  0  715
356  716  0  0  0  1  717
357  716  0  0  0  0  717
358  708  5  0  1  0  714
359  715  0  1  0  1  717
360  654  0  56  5  1  715
361  709  0  1  0  0  710
362  704  0  0  0  0  705
363  698  0  0  2  0  700
364  189  1  101  0  387  678
365  678  13  0  0  0  692
366  691  0  1  1  0  693
367  699  0  0  0  0  698
368  693  0  0  1  0  695
369  651  44  0  0  1  696
370  707  0  0  0  0  703
371  697  0  0  0  0  699
372  686  0  1  0  13  699
373  699  0  0  0  2  701
374  653  0  42  0  0  694
375  688  0  0  0  0  688
376  655  0  0  32  0  686
377  684  1  0  0  0  684
378  683  0  0  0  0  683
379  676  0  0  0  0  676
380  668  0  0  1  2  670
381  666  0  0  0  11  675
382  673  0  0  0  0  671
383  663  0  0  0  0  665
384  654  12  0  0  0  667
385  666  2  0  0  0  668
386  661  0  0  0  0  660
387  658  0  0  0  0  659
388  650  0  0  2  0  652
389  642  2  1  0  0  644
390  630  0  6  3  7  646
391  642  1  0  1  0  646
392  641  1  0  0  0  642
393  460  2  0  0  167  629
394  631  0  0  0  0  632
395  628  0  0  0  0  629
396  519  106  0  0  0  626
397  626  0  0  0  0  626
398  612  0  0  1  4  618
399  591  1  0  27  0  619
400  618  0  0  0  0  618
401  612  7  0  0  0  619
402  614  0  1  1  0  615
403  607  0  1  0  0  608
404  603  0  1  0  0  605
405  600  0  0  2  0  602
406  606  0  1  0  0  606
407  603  0  2  0  0  606
408  604  0  0  1  1  607
409  598  0  0  1  0  599
410  603  0  0  0  0  603
411  600  0  0  0  0  601
412  603  0  0  0  1  604
413  570  32  0  0  0  602
414  595  0  2  0  1  598
415  585  2  0  9  1  597
416  592  0  0  1  2  595
417  598  0  0  0  0  599
418  599  0  0  0  0  600
419  594  0  0  0  0  594
420  581  0  0  1  0  582
421  581  0  0  0  0  581
422  552  28  0  3  0  583
423  575  0  0  2  0  577
424  582  0  0  0  0  582
425  583  0  0  0  0  583
426  570  0  0  0  0  570
427  566  0  1  1  2  570
428  537  0  31  1  0  569
429  563  0  0  0  3  566
430  562  0  1  0  0  565
431  563  0  0  0  0  565
432  570  1  0  0  1  572
433  558  0  1  0  0  559
434  545  0  11  0  0  556
435  401  3  0  142  0  546
436  560  0  0  1  0  562
437  563  0  0  0  0  564
438  558  0  1  0  0  559
439  555  0  0  2  0  558
440  535  0  0  0  22  557
441  555  0  0  1  1  557
442  542  0  0  1  0  543
443  552  0  0  0  0  552
444  511  0  39  1  0  551
445  540  0  0  1  0  542
446  544  0  0  0  0  544
447  543  0  0  1  0  544
448  539  0  0  0  0  539
449  457  63  0  0  0  521
450  389  0  118  1  0  511
451  280  0  232  0  0  512
452  539  0  0  0  0  539
453  544  0  0  0  0  544
454  542  0  2  0  0  544
455  544  0  0  0  0  544
456  417  122  0  1  0  540
457  540  0  1  0  2  543
458  541  0  0  0  0  541
459  532  0  0  0  1  533
460  533  0  0  1  1  535
461  540  0  0  0  0  540
462  530  1  3  0  0  534
463  531  1  0  0  0  532
464  529  0  0  0  1  530
465  536  0  0  0  0  536
466  502  0  30  0  0  532
467  520  10  0  0  0  530
468  524  0  0  0  1  528
469  529  0  0  0  1  531
470  530  0  0  0  1  532
471  524  0  0  1  1  526
472  518  0  0  0  0  520
473  516  6  0  0  0  523
474  501  26  0  0  0  527
475  522  0  3  1  1  527
476  529  0  0  0  1  530
477  530  0  0  0  1  532
478  530  0  0  1  0  531
479  452  0  68  2  1  523
480  531  0  0  0  0  531
481  525  0  0  6  1  533
482  532  0  0  0  0  534
483  310  0  217  1  0  528
484  535  0  1  0  0  537
485  530  0  7  0  1  539
486  537  0  0  0  0  537
487  520  0  0  0  1  526
488  526  0  0  0  0  526
489  522  0  0  1  3  528
490  525  0  0  0  0  526
491  523  0  1  1  0  525
492  528  4  0  0  0  532
493  431  98  0  0  0  531
494  516  0  0  24  0  540
495  534  0  0  1  0  535
496  443  0  89  1  0  533
497  539  2  7  0  0  548
498  536  0  0  1  0  537
499  542  0  0  0  0  542
500  549  0  0  0  0  549
501  553  0  0  0  0  555
502  547  0  0  0  0  547
503  545  1  0  0  0  547
504  545  0  0  0  0  546
505  528  2  0  3  1  534
506  534  0  0  0  0  535
507  144  0  0  377  0  521
508  533  0  0  0  0  533
509  537  0  0  0  0  537
510  529  0  0  2  4  535
511  529  6  0  1  0  537
512  538  0  0  0  0  538
513  538  1  0  0  0  539
514  537  1  1  1  0  540
515  540  1  0  0  0  541
516  534  0  0  0  2  538
517  478  0  63  0  0  542
518  551  0  0  0  0  551
519  555  0  0  0  0  556
520  551  0  0  1  0  553
521  538  19  0  0  0  557
522  560  0  0  0  0  560
523  536  27  0  0  0  563
524  562  0  0  0  0  562
525  554  0  6  0  0  560
526  557  2  0  0  0  560
527  559  0  0  0  0  559
528  553  0  1  0  0  555
529  551  0  0  0  1  555
530  535  0  21  2  0  559
531  564  0  2  0  1  567
532  567  0  0  1  0  568
533  569  0  1  0  0  571
534  575  0  0  0  0  577
535  575  1  0  0  0  576
536  580  0  0  0  0  580
537  575  0  0  1  0  577
538  553  0  26  0  0  579
539  579  1  0  1  0  581
540  585  0  1  0  1  587
541  578  0  0  0  0  578
542  578  0  0  2  0  580
543  447  0  122  1  0  570
544  549  27  0  0  1  577
545  567  0  0  0  0  567
546  566  1  0  0  0  568
547  555  4  0  8  0  567
548  566  0  0  1  0  567
549  570  0  0  1  0  571
550  537  30  0  0  0  567
551  563  0  0  2  0  566
552  567  0  0  0  1  569
553  569  0  0  1  0  570
554  573  0  0  0  1  574
555  562  2  0  10  3  578
556  577  0  0  0  0  580
557  582  0  0  0  0  582
558  577  0  0  1  0  579
559  573  1  0  0  1  577
560  585  0  0  0  0  585
561  585  0  1  0  0  589
562  576  0  0  5  0  582
563  594  4  1  1  0  600
564  599  1  1  0  1  602
565  602  1  0  0  0  603
566  603  0  0  0  0  603
567  604  0  0  0  0  604
568  609  0  0  0  0  609
569  591  13  0  0  0  606
570  605  1  1  1  0  608
571  607  0  0  0  1  608
572  457  0  152  0  0  610
573  617  0  0  1  0  619
574  618  0  0  0  2  620
575  617  1  0  5  0  624
576  618  0  0  0  1  620
577  627  0  0  1  0  628
578  626  0  0  0  1  627
579  621  0  0  0  1  622
580  623  2  0  0  0  625
581  587  29  0  0  1  618
582  457  0  154  0  0  611
583  513  1  102  0  0  616
584  501  126  0  0  1  629
585  634  0  0  1  1  636
586  640  0  0  1  0  641
587  645  0  0  0  1  646
588  642  9  3  1  0  655
589  657  3  0  0  0  660
590  657  1  0  0  1  660
591  641  0  0  1  1  643
592  567  0  0  2  70  640
593  652  1  1  0  0  654
594  567  85  1  0  0  653
595  658  0  0  0  0  659
596  656  0  0  0  0  656
597  654  0  0  2  0  657
598  661  0  0  0  0  662
599  658  1  0  0  0  659
600  623  30  0  0  0  653
601  641  0  1  1  0  643
602  328  76  0  0  233  638
603  658  0  0  0  0  658
604  663  0  0  0  0  664
605  659  0  0  0  0  660
606  658  0  0  0  0  658
607  646  5  0  3  0  654
608  654  0  3  0  0  660
609  630  0  36  0  1  667
610  663  0  0  0  2  665
611  572  0  100  1  0  673
612  650  37  1  0  0  688
613  666  28  0  0  0  696
614  698  0  0  0  0  699
615  706  0  0  0  1  708
616  711  0  0  2  0  713
617  703  0  0  0  2  705
618  703  0  0  1  0  706
619  711  0  0  0  0  712
620  709  0  0  0  0  711
621  705  2  0  0  0  709
622  711  0  0  0  0  711
623  676  4  0  19  3  704
624  716  0  0  0  0  716
625  720  0  0  0  0  722
626  721  0  0  0  0  721
627  719  0  0  0  0  720
628  723  0  0  0  0  723
629  681  0  0  13  1  697
630  682  14  0  0  0  696
631  686  2  0  13  0  702
632  716  0  0  1  0  718
633  911  0  0  2  0  913
634  912  0  1  0  1  915
635  909  0  0  3  0  914
636  906  1  1  0  0  909
637  898  0  0  2  4  906
638  800  0  105  0  0  906
639  906  2  0  0  1  911
640  884  0  0  2  15  903
641  922  0  0  0  0  922
642  923  0  0  0  0  924
643  924  0  0  0  0  925
644  870  0  41  0  14  926
645  931  1  3  0  0  936
646  750  4  176  1  0  932
647  918  0  19  0  0  938
648  871  3  1  0  68  945
649  949  0  0  2  1  952
650  954  0  0  2  1  957
651  942  0  1  0  7  953
652  959  0  0  1  0  962
653  962  0  0  0  0  962
654  938  0  18  1  0  960
655  908  0  44  0  3  955
656  930  25  1  0  1  957
657  954  0  1  0  0  956
658  576  2  0  6  367  951
659  949  0  0  1  0  951
660  949  0  0  0  0  949
661  946  0  1  2  1  951
662  947  0  0  1  2  950
663  938  0  20  0  0  958
664  928  35  0  0  2  964
665  953  1  17  2  0  974
666  945  4  27  0  0  977
667  965  0  0  1  10  977
668  968  24  0  0  0  994
669  947  47  0  0  0  995
670  963  0  34  0  0  998
671  848  146  1  0  0  995
672  999  0  0  2  0  1001
673  1000  10  0  0  0  1010
674  1006  0  0  2  3  1013
675  1006  0  0  0  0  1007
676  998  0  0  0  6  1005
677  1006  0  0  0  1  1008
678  993  15  1  0  0  1010
679  1000  0  0  1  1  1003
680  1002  5  0  0  0  1007
681  995  19  0  0  0  1014
682  987  3  19  0  0  1009
683  980  0  0  0  0  981
684  915  69  0  0  0  984
685  970  25  0  0  0  995
686  986  0  0  0  0  987
687  915  78  0  0  1  995
688  972  0  24  2  0  1003
689  943  7  42  0  0  993
690  917  31  0  34  0  982
691  666  37  0  0  273  976
692  950  1  0  20  7  979
693  940  46  0  0  0  987
694  990  0  0  4  0  995
695  980  0  0  1  1  982
696  976  0  0  1  0  978
697  974  4  0  0  4  982
698  981  0  1  0  10  992
699  986  0  0  0  0  986
700  856  112  1  0  0  970
701  957  1  0  0  1  961
702  945  0  0  3  1  949
703  538  0  403  0  0  942
704  927  0  0  24  0  953
705  903  45  0  0  0  951
706  937  0  0  24  2  964
707  972  0  0  0  0  973
708  956  0  5  1  0  962
709  923  18  3  0  16  961
710  963  1  0  1  0  967
711  885  0  76  0  0  962
712  861  0  98  0  0  959
713  967  0  0  0  0  968
714  963  0  0  0  1  965
715  957  0  0  4  1  962
716  942  0  0  1  7  951
717  612  4  316  2  0  936
718  941  10  0  0  0  952
719  956  0  0  0  0  956
720  939  0  17  1  0  957
721  918  5  31  3  0  958
722  933  0  10  1  0  947
723  956  0  0  0  1  957
724  917  1  47  0  0  965
725  960  0  0  1  0  961
726  956  2  0  0  3  961
727  945  17  0  0  1  964
728  970  0  0  0  0  971
729  970  0  0  1  4  976
730  972  0  0  0  0  972
731  960  0  0  0  0  960
732  956  8  0  0  0  964
733  969  0  1  0  0  971
734  959  0  9  0  0  968
735  954  0  0  0  7  962
736  880  20  55  1  0  956
737  935  0  0  2  0  938
738  907  0  32  0  0  939
739  945  1  1  0  0  947
740  931  0  1  3  0  936
741  937  0  0  0  0  938
742  914  0  0  14  4  933
743  863  62  20  0  0  945
744  928  2  10  9  0  949
745  943  0  0  0  1  945
746  933  0  0  2  0  935
747  932  0  0  0  11  943
748  854  5  86  0  0  946
749  935  0  0  3  0  938
750  937  0  3  0  0  941
751  951  0  0  0  0  949
752  941  0  1  2  0  943
753  926  0  0  2  2  930
754  908  25  1  0  1  935
755  782  1  0  154  0  937
756  896  0  32  0  1  928
757  929  0  0  0  1  931
758  917  0  2  7  1  925
759  831  60  3  27  0  921
760  892  0  0  2  36  925
761  797  95  0  0  37  925
762  931  0  0  4  0  929
763  929  0  1  0  1  929
764  927  1  0  0  0  929
765  850  77  0  0  0  922
766  872  0  0  30  2  903
767  924  0  42  0  0  956
768  946  0  2  0  0  948
769  940  5  1  0  0  946
770  880  0  17  0  45  943
771  1088  0  4  2  0  1082
772  1122  45  0  0  1  1155
773  1187  0  0  10  1  1197
774  1196  0  0  0  1  1200
775  1197  1  0  0  1  1199
776  1183  1  11  0  0  1196
777  1174  0  1  1  0  1178
778  837  1  337  0  1  1175
779  1152  0  19  1  0  1173
780  781  337  49  0  0  1168
781  1069  177  0  0  0  1245
782  1232  2  0  2  1  1238
783  1231  0  0  1  1  1234
784  1221  0  1  0  0  1222
785  1217  0  0  0  0  1218
786  1162  0  24  0  1  1187
787  1174  43  0  0  5  1222
788  1078  131  0  0  1  1212
789  1052  125  21  2  0  1201
790  686  0  88  0  410  1184
791  1261  2  0  0  0  1263
792  1266  1  0  7  0  1274
793  1267  0  0  0  4  1272
794  1232  44  0  1  1  1278
795  1243  3  32  1  0  1281
796  1274  0  0  0  0  1275
797  1235  37  0  0  1  1274
798  1272  0  1  1  0  1275
799  1226  0  1  0  23  1250
800  1254  1  1  0  0  1256
801  1242  0  0  12  1  1256
802  1258  0  0  0  0  1258
803  1246  0  2  1  2  1252
804  1189  63  0  0  0  1253
805  1240  0  1  1  1  1243
806  780  61  0  0  1  846
807  823  0  0  1  0  824
808  698  0  0  0  2  701
809  702  0  0  2  0  704
810  708  1  0  0  0  710
811  709  2  0  2  0  715
812  727  0  0  0  0  727
813  729  1  0  0  0  730
814  730  1  0  0  0  734
815  736  0  0  0  0  736
816  726  0  2  8  1  737
817  737  0  1  0  0  739
818  728  6  6  0  0  740
819  588  0  143  5  0  737
820  743  2  0  0  0  745
821  751  0  0  0  0  752
822  731  0  18  0  0  749
823  749  0  0  1  0  750
824  754  0  0  0  0  754
825  757  0  2  0  0  761
826  720  3  0  32  2  757
827  756  1  0  1  0  759
828  765  0  0  0  0  765
829  765  2  1  0  0  768
830  769  0  0  0  2  772
831  577  181  6  0  1  765
832  773  0  0  0  0  773
833  769  0  0  0  0  770
834  758  0  0  0  2  760
835  763  0  0  0  0  763
836  742  16  0  0  0  758
837  754  0  0  0  0  754
838  723  0  4  3  1  732
839  738  0  0  0  0  738
840  716  25  0  0  1  742
841  719  0  21  0  0  741
842  726  0  0  0  0  726
843  689  2  13  1  0  705
844  692  0  0  0  0  692
845  696  0  0  0  1  697
846  553  0  61  0  0  614
847  602  0  0  2  2  606
848  593  0  16  0  0  610
849  601  0  0  2  0  603
850  590  0  0  0  14  605
851  588  17  0  0  0  606
852  605  0  1  0  0  608
853  604  0  1  0  0  605
854  578  0  0  5  0  583
855  582  0  0  0  0  582
856  576  0  0  0  2  578
857  580  0  0  0  0  580
858  572  1  0  0  3  576
859  518  60  1  0  0  580
860  588  0  0  0  0  588
861  550  0  0  26  0  576
862  570  0  0  5  0  575
863  526  0  60  0  0  586
864  587  0  0  0  0  589
865  569  0  0  20  1  591
866  438  147  0  0  0  586
867  509  88  0  0  0  597
868  605  0  0  0  0  605
869  599  0  0  0  0  600
870  535  36  0  4  0  576
871  578  0  0  0  1  580
872  585  0  0  0  0  585
873  586  0  3  2  1  592
874  593  1  0  0  0  594
875  593  1  0  1  1  597
876  605  0  2  0  0  608
877  570  37  0  0  0  608
878  613  0  2  0  1  616
879  475  126  0  0  3  604
880  591  0  0  7  2  601
881  606  0  0  0  0  606
882  564  18  2  30  0  614
883  611  0  0  1  0  614
884  613  1  2  0  1  617
885  617  0  0  1  0  618
886  614  0  0  0  1  617
887  617  0  0  0  0  617
888  617  1  0  0  0  618
889  553  64  1  0  1  619
890  605  0  0  5  0  610
891  617  0  0  0  0  618
892  594  0  0  24  1  620
893  625  2  0  1  0  628
894  634  0  2  0  0  636
895  591  1  1  37  0  631
896  633  0  0  2  0  636
897  623  0  0  0  23  646
898  647  0  0  0  0  648
899  641  0  0  1  0  643
900  624  0  0  16  1  641
901  634  0  1  0  0  635
902  627  7  0  0  0  634
903  633  0  1  1  0  636
904  579  0  1  55  0  635
905  612  15  0  0  12  639
906  637  0  1  1  3  643
907  628  0  1  15  0  645
908  640  1  0  0  0  641
909  646  0  0  0  0  646
910  638  0  0  1  1  640
911  639  1  1  0  0  642
912  644  0  0  1  1  647
913  537  0  6  98  0  641
914  649  0  0  0  0  649
915  635  1  0  19  0  656
916  659  0  2  0  2  664
917  657  2  0  0  1  662
918  583  0  0  0  75  660
919  660  0  0  1  0  663
920  302  0  1  0  352  655
921  663  1  0  0  2  668
922  680  1  0  0  0  681
923  689  0  0  0  0  689
924  682  2  0  2  0  686
925  695  1  0  0  0  697
926  699  0  0  0  0  699
927  705  0  1  0  0  707
928  693  13  3  0  0  709
929  707  0  2  1  0  711
930  710  1  0  0  1  712
931  715  1  0  0  1  717
932  720  1  0  0  1  722
933  619  0  95  2  0  717
934  716  0  1  0  0  718
935  335  381  0  0  0  716
936  747  2  0  0  0  750
937  764  0  0  0  0  765
938  771  1  0  0  0  773
939  781  1  1  0  1  785
940  790  1  1  0  0  794
941  723  72  1  0  0  796
942  777  1  0  19  0  798
943  796  0  0  0  0  796
944  817  0  0  0  0  817
945  811  16  0  0  0  827
946  824  1  0  3  1  829
947  842  0  0  4  0  846
948  756  91  0  1  0  849
949  844  0  1  16  0  861
950  859  1  0  1  1  863
951  781  0  59  32  1  874
952  882  1  0  0  1  886
953  879  1  0  8  0  888
954  818  0  0  81  0  899
955  890  10  0  2  0  905
956  916  0  0  1  0  918
957  907  11  2  0  2  922
958  831  2  0  4  83  920
959  934  0  0  0  2  937
960  936  0  0  1  0  939
961  945  0  0  0  0  945
962  948  1  0  0  0  949
963  920  0  32  0  1  953
964  954  0  0  0  1  956
965  978  0  0  0  0  978
966  982  0  0  0  1  983
967  983  0  3  1  2  989
968  973  0  1  19  0  994
969  999  0  0  0  1  1001
970  1011  2  0  0  0  1014
971  1008  2  0  0  0  1010
972  977  53  0  1  0  1031
973  1025  0  0  0  1  1026
974  1025  0  1  0  0  1029
975  1021  0  0  3  1  1026
976  873  0  162  0  2  1037
977  1032  2  0  2  1  1039
978  1050  0  0  0  0  1050
979  1059  0  0  0  0  1059
980  989  0  60  0  0  1049
981  1055  1  1  0  3  1063
982  1063  0  0  0  0  1063
983  1069  0  0  0  0  1071
984  1068  2  0  7  1  1078
985  1078  0  3  0  1  1084
986  1083  1  1  0  0  1086
987  1088  0  0  0  0  1090
988  1107  0  0  2  0  1110
989  1103  0  0  0  2  1107
990  1107  0  1  0  0  1112
991  1115  0  0  0  0  1116
992  1113  0  0  0  0  1113
993  1112  2  0  0  0  1114
994  1099  0  0  0  1  1100
995  1092  1  0  0  0  1093
996  959  131  4  0  0  1094
997  982  2  0  6  102  1095
998  1106  0  0  0  0  1107
999  961  1  137  0  1  1101
1000  1106  1  0  2  0  1110
1001  1095  7  19  0  0  1123
1002  1123  0  7  3  0  1133
1003  1109  25  0  1  0  1135
1004  1140  0  0  1  1  1144
1005  1151  0  0  0  0  1152
1006  1148  0  0  4  0  1154
1007  1160  0  0  3  0  1163
1008  1163  1  0  0  0  1164
1009  1162  0  0  0  0  1163
1010  1164  0  0  1  0  1166
1011  1172  0  1  0  0  1174
1012  1164  1  0  4  0  1170
1013  1166  0  0  1  1  1168
1014  1164  0  0  0  0  1164
1015  1167  0  0  0  0  1167
1016  1165  0  0  0  4  1170
1017  1179  0  0  0  0  1179
1018  1176  0  0  0  3  1182
1019  1177  0  0  1  1  1181
1020  1181  0  0  1  0  1182
1021  1141  42  2  1  0  1187
1022  1143  0  0  2  35  1181
1023  1187  1  1  1  0  1193
1024  1192  1  0  1  0  1196
1025  1185  0  0  2  0  1188
1026  1186  0  2  2  2  1195
1027  1179  3  14  0  0  1196
1028  1185  0  2  7  1  1195
1029  1186  0  0  0  2  1189
1030  1183  10  0  0  0  1194
1031  1200  1  0  0  0  1202
1032  1161  0  2  0  39  1202
1033  1197  0  0  0  0  1197
1034  1190  0  0  1  0  1191
1035  1145  35  0  0  1  1185
1036  1175  0  3  1  4  1184
1037  1105  1  1  76  0  1184
1038  1176  0  0  0  1  1179
1039  1150  0  16  2  1  1169
1040  1117  2  0  0  44  1166
1041  1154  1  0  3  1  1159
1042  1101  44  3  1  0  1149
1043  1141  0  0  0  0  1142
1044  1144  0  0  1  0  1146
1045  1141  0  0  0  0  1144
1046  1134  0  0  1  1  1138
1047  847  74  184  0  0  1107
1048  1106  0  0  0  1  1108
1049  1054  55  0  0  1  1110
1050  1113  0  0  2  0  1115
1051  1109  1  1  0  0  1112
1052  1101  0  0  1  2  1104
1053  1093  0  0  1  0  1095
1054  1088  0  0  0  3  1093
1055  1039  0  15  1  1  1056
1056  991  3  50  0  0  1047
1057  883  0  154  0  0  1038
1058  980  56  0  0  0  1036
1059  1010  2  0  0  21  1033
1060  979  48  0  0  0  1027
1061  1026  0  0  0  0  1026
1062  1051  4  0  0  0  1055
1063  1054  0  0  1  0  1057
1064  1046  0  0  0  1  1048
1065  1000  43  1  0  0  1046
1066  1038  0  0  1  1  1040
1067  1014  0  15  0  0  1030
1068  1017  0  0  0  9  1028
1069  1004  0  0  0  33  1037
1070  1032  0  0  0  0  1033
1071  1026  0  17  0  0  1043
1072  959  23  50  1  0  1036
1073  1038  1  0  0  0  1039
1074  1043  1  0  1  2  1046
1075  1036  1  2  0  0  1039
1076  975  47  0  1  1  1025
1077  976  0  13  15  24  1030
1078  1012  3  0  12  0  1027
1079  1087  0  0  1  0  1088
1080  1092  0  0  0  0  1093
1081  743  1  312  0  0  1057
1082  1075  0  0  0  1  1079
1083  1086  2  0  0  0  1089
1084  1090  0  0  0  1  1094
1085  1114  0  0  0  2  1116
1086  1086  0  16  1  0  1103
1087  1097  0  1  0  1  1100
1088  1071  31  0  0  0  1101
1089  1113  0  1  0  0  1114
1090  1111  0  1  0  1  1114
1091  1110  0  0  2  1  1114
1092  1118  2  0  1  0  1126
1093  1128  0  0  1  0  1129
1094  1123  0  0  1  1  1125
1095  1089  0  0  46  0  1136
1096  1072  0  46  10  0  1128
1097  1131  0  0  0  1  1133
1098  1122  1  0  4  1  1129
1099  1128  0  0  2  0  1130
1100  1066  63  0  0  0  1129
1101  954  98  0  4  64  1122
1102  1141  1  1  0  2  1141
1103  1034  0  0  100  0  1134
1104  1135  0  0  4  1  1144
1105  1134  0  0  1  0  1134
1106  1121  0  16  0  0  1136
1107  1137  2  1  0  0  1139
1108  1135  0  0  0  0  1137
1109  1103  31  0  0  0  1137
1110  1148  1  0  0  0  1148
1111  1144  0  1  1  1  1147
1112  1139  0  0  0  0  1141
1113  986  137  0  0  1  1125
1114  1138  0  0  1  1  1138
1115  1145  0  2  0  5  1148
1116  1125  0  0  4  2  1130
1117  1135  2  0  0  1  1139
1118  1132  0  0  1  2  1136
1119  1035  0  0  0  106  1140
1120  1144  0  0  0  0  1144
1121  1045  106  1  0  0  1150
1122  968  0  0  17  156  1142
1123  1036  106  0  0  1  1143
1124  1140  0  0  4  0  1144
1125  1005  126  8  0  1  1139
1126  1148  0  0  0  0  1147
1127  1139  1  0  2  0  1142
1128  1151  0  2  0  0  1152
1129  1131  22  0  0  0  1153
1130  1149  0  0  1  1  1151
1131  1148  0  9  0  0  1156
1132  1024  0  1  0  129  1153
1133  1085  0  63  0  0  1149
1134  1100  0  0  0  38  1138
1135  1088  35  0  0  23  1146
1136  1156  0  2  1  1  1160
1137  1169  0  0  1  1  1170
1138  1164  0  0  0  1  1165
1139  1043  1  117  0  0  1162
1140  1069  95  0  0  0  1165
1141  1170  0  0  0  0  1171
1142  1110  31  34  0  0  1177
1143  1179  0  0  0  1  1181
1144  1182  2  0  0  0  1184
1145  1052  1  129  1  0  1184
1146  1174  0  1  0  1  1176
1147  1049  0  0  130  1  1180
1148  1175  0  0  2  4  1182
1149  1163  16  0  1  0  1180
1150  990  0  182  0  0  1173
1151  1093  87  1  0  0  1182
1152  1170  0  0  1  0  1172
1153  1183  2  0  0  0  1186
1154  1180  0  0  1  0  1181
1155  1053  0  0  113  0  1168
1156  1169  1  0  0  0  1171
1157  1158  2  0  7  3  1171
1158  1131  37  1  0  0  1171
1159  1094  74  0  1  0  1169
1160  1087  1  74  0  0  1162
1161  1111  53  1  0  0  1165
1162  1073  78  6  0  0  1159
1163  1151  0  2  2  3  1158
1164  1147  1  16  0  0  1165
1165  1162  0  0  0  1  1164
1166  1164  1  1  0  0  1166
1167  1143  0  1  1  0  1146
1168  1150  0  0  0  1  1151
1169  1117  6  0  15  5  1143
1170  1131  0  1  0  20  1152
1171  1146  1  0  0  0  1150
1172  1152  0  0  0  0  1152
1173  1123  2  33  0  1  1160
1174  1128  17  0  2  0  1148
1175  1135  0  4  0  0  1140
1176  1123  0  20  0  0  1143
1177  1018  109  0  0  2  1129
1178  1122  0  0  6  1  1129
1179  1047  0  64  0  2  1113
1180  1108  1  0  0  0  1110
1181  1024  0  0  2  82  1108
1182  1060  8  40  0  0  1108
1183  1105  0  0  0  0  1105
1184  1101  0  0  0  0  1102
1185  1101  0  0  0  0  1101
1186  1081  0  0  1  0  1082
1187  1074  0  1  0  0  1075
1188  1044  1  0  21  3  1071
1189  1016  0  32  0  0  1048
1190  374  594  52  0  0  1024
1191  1021  26  0  0  0  1048
1192  1041  0  0  4  2  1048
1193  1048  0  0  0  0  1048
1194  1036  0  0  0  2  1038
1195  1021  3  0  1  0  1026
1196  1026  0  0  0  1  1027
1197  1025  0  0  0  0  1027
1198  776  1  0  16  0  794
1199  791  0  0  1  0  792
1200  797  0  0  0  0  797
1201  785  1  2  0  0  789
1202  770  1  0  6  1  779
1203  773  0  0  0  1  774
1204  774  0  0  0  0  775
1205  574  2  191  0  0  767
1206  757  0  0  0  0  758
1207  645  76  33  0  0  754
1208  763  0  0  0  0  763
1209  758  0  1  0  1  760
1210  763  0  0  0  0  765
1211  762  0  0  0  2  764
1212  768  0  0  0  0  768
1213  770  2  0  0  1  773
1214  753  2  0  2  1  760
1215  757  0  0  0  1  758
1216  571  1  180  0  0  753
1217  749  0  0  0  0  749
1218  738  1  0  2  2  744
1219  737  0  0  0  0  737
1220  709  21  0  0  0  730
1221  708  0  0  0  21  729
1222  618  0  98  0  1  717
1223  714  0  0  0  0  716
1224  719  0  0  0  0  719
1225  716  0  1  1  0  718
1226  721  0  0  0  0  721
1227  722  0  0  1  0  723
1228  717  0  0  0  1  719
1229  715  2  0  0  0  718
1230  714  1  0  0  0  715
1231  708  0  1  0  0  710
1232  704  0  0  1  0  705
1233  656  42  1  0  0  699
1234  695  0  0  0  1  696
1235  690  0  0  2  0  693
1236  536  1  144  0  0  681
1237  688  0  0  0  0  688
1238  687  0  0  0  0  688
1239  680  0  0  0  0  680
1240  639  8  0  0  34  683
1241  682  0  0  0  0  682
1242  669  0  2  1  0  674
1243  595  3  0  70  4  673
1244  661  0  0  3  1  665
1245  654  1  8  1  0  664
1246  669  0  0  0  0  670
1247  665  0  1  0  0  666
1248  659  2  0  0  0  661
1249  545  114  0  0  0  659
1250  660  0  1  0  0  662
1251  661  0  0  0  0  661
1252  664  0  0  0  0  664
1253  666  0  0  0  0  666
1254  666  0  1  0  0  668
1255  640  0  15  0  1  657
1256  651  2  0  0  0  654
1257  655  0  0  0  0  655
1258  639  0  4  2  8  653
1259  659  1  0  0  0  661
1260  665  1  0  0  0  667
1261  638  28  0  0  0  666
1262  662  0  0  0  0  663
1263  660  0  0  0  0  663
1264  665  0  0  0  1  668
1265  660  0  1  0  2  663
1266  661  0  0  0  0  661
1267  656  0  0  0  0  656
1268  651  1  0  0  1  654
1269  647  0  0  1  0  649
1270  641  0  1  1  0  644
1271  509  129  2  0  0  641
1272  635  1  0  1  0  637
1273  627  0  0  1  1  629
1274  514  0  85  28  0  628
1275  635  0  0  0  0  636
1276  640  0  0  0  0  641
1277  634  0  0  0  1  636
1278  628  0  0  1  3  632
1279  626  0  0  0  0  626
1280  361  246  0  0  0  609
1281  609  0  0  5  1  616
1282  608  1  12  0  0  622
1283  621  0  0  0  1  622
1284  632  1  0  0  0  635
1285  634  0  0  0  0  634
1286  626  0  0  0  0  627
1287  627  0  1  0  0  629
1288  631  0  1  1  1  634
1289  630  0  0  0  1  631
1290  618  2  11  0  1  632
1291  634  0  0  1  0  635
1292  631  0  0  1  0  632
1293  638  0  0  0  0  639
1294  634  0  0  0  1  635
1295  633  0  0  0  0  633
1296  633  0  1  0  0  636
1297  637  0  0  0  0  637
1298  636  0  0  0  0  636
1299  633  0  0  0  0  633
1300  632  0  0  0  0  632
1301  634  0  1  0  0  635
1302  621  14  0  0  0  635
1303  630  0  0  1  0  632
1304  622  0  1  0  1  626
1305  617  8  1  0  1  628
1306  634  0  0  0  1  636
1307  603  0  0  0  28  631
1308  618  0  0  0  13  631
1309  544  1  0  2  82  629
1310  621  0  0  0  0  621
1311  599  0  16  0  0  616
1312  451  0  159  2  0  614
1313  616  0  0  0  0  617
1314  626  1  1  0  0  628
1315  630  0  0  1  1  633
1316  608  0  31  0  0  640
1317  633  12  1  0  0  647
1318  614  35  0  0  0  650
1319  656  0  1  0  0  657
1320  637  5  0  9  1  653
1321  659  0  0  0  0  659
1322  663  0  1  0  0  665
1323  665  0  0  0  0  665
1324  668  1  0  0  1  670
1325  664  0  0  0  1  666
1326  659  0  1  1  2  664
1327  673  0  0  0  0  674
1328  677  0  0  1  0  678
1329  671  6  0  0  0  677
1330  654  0  24  0  0  678
1331  675  0  0  0  2  677
1332  677  1  0  0  1  679
1333  674  1  0  0  0  676
1334  671  0  0  0  1  672
1335  677  0  1  0  0  678
1336  680  0  0  0  0  680
1337  674  0  0  0  0  675
1338  268  0  0  0  384  653
1339  498  0  175  0  0  673
1340  654  37  0  0  0  692
1341  699  7  0  2  0  708
1342  704  0  0  1  0  706
1343  673  40  0  0  0  713
1344  738  0  0  0  0  738
1345  733  0  15  0  0  749
1346  746  4  0  1  0  751
1347  733  0  1  2  14  751
1348  755  1  0  0  0  756
1349  726  30  0  0  0  756
1350  759  0  0  0  0  759
1351  759  0  0  0  1  760
1352  723  0  0  34  0  758
1353  756  0  0  1  3  761
1354  758  20  0  0  0  779
1355  779  1  0  1  1  784
1356  780  0  0  1  4  786
1357  801  2  0  0  0  803
1358  777  1  20  0  0  799
1359  791  1  0  0  5  798
1360  797  0  3  0  0  800
1361  798  0  1  0  0  799
1362  750  0  41  2  2  795
1363  756  0  40  0  0  797
1364  542  0  27  0  220  789
1365  786  0  20  0  1  807
1366  820  0  0  2  4  826
1367  830  0  0  0  3  834
1368  823  3  0  5  4  835
1369  842  0  1  0  1  845
1370  843  0  0  2  1  848
1371  855  0  0  0  0  855
1372  856  0  1  0  0  857
1373  851  0  1  0  0  853
1374  851  0  0  0  0  852
1375  836  0  1  1  9  847
1376  327  0  0  0  510  838
1377  770  84  0  0  0  856
1378  869  1  0  0  0  870
1379  875  1  0  0  0  878
1380  877  0  0  0  0  878
1381  875  0  0  0  0  875
1382  874  0  0  0  0  874
1383  830  50  0  0  0  880
1384  827  49  0  0  0  876
1385  881  0  1  0  1  883
1386  877  0  0  1  1  879
1387  877  0  8  0  1  886
1388  894  0  1  0  0  896
1389  888  0  1  0  0  890
1390  897  0  0  1  0  899
1391  851  0  1  38  1  892
1392  894  0  0  1  0  895
1393  883  0  0  0  5  892
1394  893  0  0  0  0  893
1395  719  0  1  158  6  884
1396  886  1  0  2  1  892
1397  889  0  0  1  0  890
1398  835  0  0  0  52  887
1399  889  0  0  0  0  890
1400  884  1  0  0  4  890
1401  909  0  0  0  0  909
1402  902  0  0  0  0  904
1403  900  1  0  2  0  903
1404  896  1  0  1  2  900
1405  912  0  0  1  0  914
1406  901  4  0  6  0  911
1407  908  1  1  0  0  912
1408  781  87  43  1  0  913
1409  881  0  27  0  0  909
1410  870  0  40  0  0  912
1411  917  0  1  0  1  919
1412  916  0  0  2  0  918
1413  923  0  0  0  0  925
1414  920  0  1  0  0  921
1415  911  1  0  1  0  913
1416  925  0  0  0  0  926
1417  877  0  46  0  0  923
1418  919  0  0  1  1  921
1419  921  1  0  0  0  922
1420  927  1  0  0  0  928
1421  873  46  1  0  0  923
1422  915  0  0  0  0  915
1423  905  0  0  0  1  907
1424  908  0  1  0  0  909
1425  897  2  0  5  2  906
1426  912  0  0  0  0  912
1427  905  0  1  0  1  908
1428  898  0  2  1  0  902
1429  901  3  0  0  0  905
1430  819  0  71  1  2  893
1431  872  0  0  0  3  875
1432  877  0  2  0  0  880
1433  879  0  1  0  3  884
1434  881  0  0  0  0  881
1435  859  0  2  1  8  871
1436  873  1  1  1  0  877
1437  839  0  29  3  0  872
1438  830  29  0  0  0  860
1439  775  70  0  0  0  847
1440  854  1  1  0  0  857
1441  821  37  0  0  0  858
1442  837  0  0  1  0  840
1443  770  1  68  0  1  840
1444  843  0  0  0  1  845
1445  840  0  0  0  0  840
1446  847  0  0  0  0  847
1447  803  2  0  5  34  844
1448  853  0  1  0  0  854
1449  766  0  87  1  0  854
1450  861  1  0  0  0  862
1451  858  0  0  1  0  859
1452  867  0  0  0  1  868
1453  869  1  0  0  0  870
1454  856  0  0  0  2  858
1455  858  0  2  0  0  862
1456  752  108  0  0  0  860
1457  856  1  0  0  0  857
1458  868  0  0  1  0  871
1459  859  0  1  1  1  862
1460  632  2  229  0  0  863
1461  726  137  0  1  0  864
1462  875  0  0  0  0  875
1463  736  1  0  3  130  871
1464  883  0  1  0  0  886
1465  849  42  0  0  2  893
1466  847  48  0  0  0  896
1467  880  0  2  1  7  891
1468  878  0  24  0  0  902
1469  815  23  64  1  0  904
1470  918  0  1  0  0  920
1471  904  0  22  0  1  928
1472  912  0  0  2  1  916
1473  922  1  1  0  0  924
1474  902  3  0  25  2  933
1475  942  0  2  0  0  945
1476  956  0  1  0  0  957
1477  955  0  0  1  0  957
1478  963  0  0  0  0  964
1479  969  0  0  0  0  970
1480  978  0  0  0  1  980
1481  986  0  0  1  0  988
1482  1006  0  0  0  1  1007
1483  1007  0  0  3  0  1010
1484  1014  0  5  0  0  1020
1485  1028  0  0  0  1  1030
1486  1033  0  1  0  0  1034
1487  978  1  0  24  1  1006
1488  967  0  48  0  0  1015
1489  967  36  22  0  0  1026
1490  1040  0  0  1  0  1042
1491  1050  0  0  0  0  1051
1492  1053  0  0  0  0  1056
1493  1048  1  0  8  1  1058
1494  1060  1  0  0  0  1062
1495  1063  0  0  0  0  1064
1496  1050  1  0  0  0  1052
1497  1044  1  0  0  0  1046
1498  1031  0  1  0  1  1034
1499  697  0  336  0  0  1033
1500  992  43  0  0  0  1035
1501  659  329  24  4  0  1018
1502  1086  0  0  0  0  1086
1503  1083  0  0  0  0  1083
1504  1080  1  0  0  0  1085
1505  1085  0  0  0  0  1087
1506  503  1  571  0  0  1075
1507  1083  21  1  0  0  1106
1508  1099  0  0  8  0  1110
1509  1011  96  0  0  1  1109
1510  960  1  157  0  0  1118
1511  1123  0  0  0  1  1127
1512  1133  0  0  0  2  1136
1513  1141  0  0  1  0  1143
1514  1141  0  0  0  2  1144
1515  1149  2  0  1  0  1152
1516  1095  0  53  1  3  1153
1517  1154  0  0  2  1  1159
1518  1158  0  0  1  0  1161
1519  1100  0  60  0  0  1162
1520  1164  0  0  0  0  1165
1521  1166  2  0  2  0  1170
1522  1107  1  56  0  0  1166
1523  1163  0  0  0  2  1167
1524  1131  34  1  0  0  1167
1525  1165  1  1  2  0  1169
1526  1163  0  3  0  0  1169
1527  1164  1  0  0  0  1166
1528  1165  0  0  0  1  1167
1529  1173  0  0  0  2  1177
1530  1176  1  1  0  3  1182
1531  1178  0  0  0  0  1179
1532  1174  0  0  1  0  1175
1533  782  0  391  0  0  1173
1534  1139  0  0  33  0  1172
1535  1165  7  0  0  0  1174
1536  1185  0  0  0  0  1186
1537  1175  0  1  2  2  1181
1538  1134  3  48  0  0  1185
1539  1183  0  1  0  1  1185
1540  1141  1  0  0  35  1179
1541  831  0  0  317  0  1151
1542  1111  40  2  0  0  1154
1543  1149  0  0  0  1  1153
1544  1070  77  3  0  0  1150
1545  1146  0  0  0  0  1146
1546  842  0  0  299  0  1143
1547  1139  0  0  0  0  1139
1548  1132  3  0  0  3  1138
1549  1131  2  0  0  0  1133
1550  1124  2  0  0  1  1128
1551  1136  1  0  0  0  1138
1552  1134  0  1  1  2  1138
1553  1135  0  0  0  0  1136
1554  1124  0  0  0  0  1125
1555  794  0  3  293  8  1098
1556  1024  69  0  0  0  1093
1557  1086  1  0  2  2  1092
1558  1093  0  0  0  0  1093
1559  1083  0  0  0  1  1084
1560  1083  0  0  2  1  1086
1561  1078  0  0  0  0  1079
1562  1073  0  1  0  0  1074
1563  1046  0  0  0  1  1048
1564  1042  0  0  0  0  1045
1565  1026  0  0  0  0  1026
1566  1019  0  1  0  0  1021
1567  1003  3  0  7  5  1019
1568  1002  0  2  0  10  1014
1569  1016  0  0  0  0  1017
1570  1013  0  0  0  2  1015
1571  967  0  53  0  0  1020
1572  1013  0  1  1  0  1015
1573  1006  0  0  0  0  1007
1574  995  0  0  0  0  997
1575  990  1  0  3  0  994
1576  968  11  0  0  0  979
1577  956  0  0  1  1  958
1578  953  11  0  0  0  964
1579  964  0  0  0  0  964
1580  898  0  39  1  1  939
1581  704  0  0  207  0  912
1582  916  0  2  0  0  919
1583  909  1  0  5  3  918
1584  919  0  0  0  0  920
1585  892  2  1  0  10  905
1586  873  0  0  0  1  874
1587  862  1  0  0  0  864
1588  824  0  1  15  0  841
1589  802  30  0  0  0  832
1590  803  30  0  0  0  836
1591  769  58  1  0  0  828
1592  822  0  0  2  1  826
1593  813  16  0  0  0  829
1594  824  2  1  0  0  827
1595  764  66  0  0  0  831
1596  646  0  0  178  0  825
1597  834  0  0  0  2  836
1598  784  0  41  1  0  828
1599  833  1  0  0  0  835
1600  837  0  0  0  0  838
1601  821  0  1  2  1  827
1602  824  0  1  0  0  826
1603  814  4  0  6  0  825
1604  822  0  0  1  1  827
1605  801  0  19  0  0  821
1606  818  0  1  0  0  820
1607  801  0  0  1  0  803
1608  803  0  0  0  1  804
1609  800  0  0  0  0  801
1610  740  0  0  49  0  790
1611  779  0  0  2  4  785
1612  788  0  1  0  0  790
1613  785  1  0  0  3  791
1614  789  0  0  0  0  789
1615  788  0  0  0  0  790
1616  778  0  0  0  1  779
1617  785  0  0  0  1  786
1618  628  0  159  2  0  789
1619  806  8  0  0  0  815
1620  815  0  0  3  0  819
1621  805  1  19  0  0  825
1622  830  1  0  1  0  832
1623  817  0  17  0  0  834
1624  837  3  0  0  1  842
1625  842  0  0  0  0  843
1626  812  0  0  0  35  848
1627  839  3  0  8  2  852
1628  843  0  3  2  2  850
1629  852  1  0  0  0  853
1630  857  0  0  0  0  858
1631  841  0  0  3  1  846
1632  854  0  0  0  0  854
1633  855  0  0  0  0  857
1634  864  0  2  0  0  866
1635  857  0  0  2  1  863
1636  861  0  0  0  0  862
1637  857  0  0  0  0  857
1638  865  0  0  0  0  867
1639  867  0  1  0  0  868
1640  856  0  0  3  0  859
1641  861  0  1  0  0  862
1642  854  2  1  0  0  860
1643  856  1  1  2  0  860
1644  856  0  0  0  0  860
1645  849  0  1  0  3  853
1646  848  0  0  0  1  849
1647  848  0  0  0  1  849
1648  839  0  1  3  4  848
1649  847  0  0  0  0  847
1650  849  0  0  0  0  849
1651  850  0  0  0  0  850
1652  753  0  0  0  96  850
1653  846  0  0  0  0  848
1654  834  3  0  1  1  840
1655  847  0  0  0  1  850
1656  838  0  0  1  0  841
1657  845  1  0  0  0  846
1658  842  0  1  1  0  845
1659  826  3  15  0  0  844
1660  801  3  0  1  43  848
1661  843  1  0  0  0  845
1662  841  2  0  0  0  844
1663  745  0  1  90  0  836
1664  798  38  0  0  0  839
1665  797  42  0  0  0  841
1666  796  0  42  0  0  838
1667  841  0  0  1  0  842
1668  842  0  0  0  0  843
1669  839  0  0  1  1  841
1670  838  0  0  0  1  839
1671  838  0  1  0  1  840
1672  797  0  36  0  0  834
1673  831  0  0  1  1  833
1674  822  0  0  0  2  825
1675  826  0  0  0  1  827
1676  827  0  0  0  0  828
1677  819  0  0  1  4  826
1678  826  0  0  0  0  826
1679  818  0  0  0  1  819
1680  798  17  0  0  0  816
1681  805  0  0  0  1  807
1682  806  0  0  0  1  807
1683  750  0  53  2  0  805
1684  762  38  1  0  0  802
1685  729  0  71  0  0  800
1686  803  0  0  1  1  805
1687  802  4  0  0  0  807
1688  800  0  0  2  1  804
1689  798  0  0  0  5  803
1690  759  36  0  0  1  799
1691  789  0  1  0  0  790
1692  791  0  0  0  0  792
1693  785  2  0  4  0  793
1694  486  0  265  1  0  752
1695  736  19  0  0  1  757
1696  751  0  0  0  0  751
1697  748  0  0  0  1  750
1698  754  0  0  0  1  756
1699  752  0  1  0  1  755
1700  744  0  0  1  0  746
1701  501  217  0  0  20  739
1702  747  1  0  0  0  748
1703  726  20  0  0  0  746
1704  747  1  0  0  0  748
1705  699  45  0  0  0  745
1706  733  0  0  1  0  735
1707  731  0  0  5  1  737
1708  739  0  0  0  1  740
1709  732  0  0  5  1  739
1710  746  0  1  0  0  748
1711  739  0  1  0  0  742
1712  723  21  0  0  0  745
1713  715  0  0  1  1  717
1714  720  0  0  0  0  723
1715  721  0  0  1  0  724
1716  696  0  4  2  13  716
1717  676  1  31  0  0  708
1718  701  0  0  0  1  703
1719  705  1  0  0  0  706
1720  659  0  38  5  0  702
1721  551  0  129  1  1  683
1722  608  83  0  0  0  691
1723  624  72  0  0  0  697
1724  683  0  0  2  1  686
1725  619  66  0  0  0  686
1726  695  0  0  0  0  695
1727  684  0  0  4  1  689
1728  656  0  0  34  0  690
1729  685  0  0  0  1  686
1730  685  1  0  0  0  687
1731  684  0  0  0  0  684
1732  688  0  0  0  0  688
1733  681  0  0  0  0  681
1734  684  0  0  0  0  685
1735  685  0  1  0  0  687
1736  626  1  0  34  1  663
1737  666  0  0  1  0  669
1738  672  0  0  0  0  674
1739  643  0  36  0  0  679
1740  653  1  0  17  1  674
1741  671  3  1  0  0  676
1742  634  42  2  0  1  680
1743  666  0  0  2  0  669
1744  629  38  0  1  1  670
1745  686  0  0  0  0  686
1746  683  0  1  0  0  684
1747  682  0  0  1  0  683
1748  684  0  0  1  0  686
1749  615  0  0  60  1  676
1750  675  0  0  1  0  676
1751  669  0  0  0  0  671
1752  663  0  0  0  4  667
1753  670  0  0  0  0  670
1754  547  116  0  0  0  663
1755  660  0  0  2  0  662
1756  602  1  0  54  0  659
1757  653  0  0  2  1  656
1758  198  0  1  0  435  634
1759  556  0  107  0  0  663
1760  642  45  0  0  0  687
1761  708  0  1  0  0  709
1762  715  0  0  0  0  715
1763  716  0  0  2  0  718
1764  721  0  0  0  0  721
1765  719  0  0  0  0  719
1766  722  2  0  0  1  725
1767  726  0  0  0  0  727
1768  731  1  0  0  0  732
1769  715  0  0  0  0  716
1770  684  0  26  1  1  712
1771  671  2  40  0  1  714
1772  715  1  0  0  0  716
1773  669  11  42  1  0  723
1774  707  0  0  0  1  709
1775  707  0  1  0  0  708
1776  706  0  0  1  0  708
1777  706  0  0  0  1  707
1778  698  2  0  5  0  706
1779  704  0  0  0  1  707
1780  630  78  0  0  0  708
1781  704  0  1  2  1  708
1782  713  0  0  0  0  714
1783  711  0  0  0  1  713
1784  706  1  1  0  0  708
1785  704  1  1  0  2  708
1786  531  0  174  0  0  705
1787  721  0  0  0  0  721
1788  719  1  1  0  0  721
1789  723  0  1  3  0  727
1790  725  0  1  0  1  729
1791  727  0  0  0  0  727
1792  725  1  0  1  0  728
1793  608  113  0  0  0  721
1794  707  0  1  1  8  717
1795  718  2  0  0  0  720
1796  716  0  1  0  0  717
1797  678  30  0  0  1  709
1798  546  1  0  0  155  703
1799  211  0  0  0  471  683
1800  523  1  174  1  0  700
1801  707  0  0  0  0  708
1802  725  0  0  1  0  726
1803  702  0  30  0  0  732
1804  737  0  0  0  0  737
1805  709  0  34  0  0  743
1806  746  0  0  2  0  750
1807  745  2  2  0  0  750
1808  754  0  0  0  0  755
1809  747  10  0  1  0  758
1810  717  39  0  0  1  759
1811  758  0  0  0  3  762
1812  761  0  1  0  0  763
1813  761  0  4  1  0  766
1814  635  124  0  0  0  759
1815  725  2  0  2  35  764
1816  592  167  0  0  0  759
1817  779  0  1  1  0  781
1818  761  0  27  0  0  788
1819  798  0  0  0  1  801
1820  768  0  32  0  0  800
1821  681  119  0  0  0  801
1822  771  1  35  1  0  808
1823  816  0  0  0  0  817
1824  809  0  1  0  0  814
1825  810  0  0  0  0  811
1826  700  0  0  0  101  802
1827  498  1  161  138  0  798
1828  825  12  1  0  0  839
1829  844  1  0  1  1  849
1830  831  1  37  0  0  870
1831  878  0  1  0  0  880
1832  889  0  1  0  1  891
1833  892  0  0  4  1  898
1834  910  0  0  0  1  912
1835  922  0  0  0  0  924
1836  926  0  0  1  3  930
1837  934  0  0  0  0  935
1838  937  0  0  1  0  939
1839  722  0  211  0  0  935
1840  946  0  3  0  0  952
1841  960  0  0  1  0  962
1842  973  2  0  1  0  979
1843  974  0  0  0  4  980
1844  984  0  0  0  1  985
1845  987  0  0  0  0  989
1846  993  1  0  0  0  995
1847  998  0  1  0  2  1002
1848  999  0  1  0  0  1001
1849  1001  0  0  0  1  1004
1850  1017  0  0  0  0  1017
1851  1001  21  1  0  0  1024
1852  930  1  1  0  88  1021
1853  1011  0  0  2  0  1014
1854  724  0  0  283  0  1010
1855  1041  0  0  1  0  1043
1856  1044  0  0  0  0  1046
1857  1040  0  0  1  6  1048
1858  1049  0  0  0  0  1049
1859  1044  0  0  0  0  1046
1860  687  2  352  0  0  1041
1861  1056  0  0  0  0  1059
1862  1066  8  0  0  0  1076
1863  1092  0  0  0  0  1093
1864  1089  0  0  0  0  1090
1865  1082  0  0  0  0  1085
1866  1064  0  0  0  0  1066
1867  1061  2  0  3  1  1067
1868  1095  0  2  0  0  1097
1869  1086  2  0  2  3  1099
1870  1109  0  1  0  0  1110
1871  1101  0  0  8  0  1109
1872  1124  0  7  0  1  1132
1873  933  69  123  0  0  1125
1874  1100  30  1  0  0  1132
1875  1136  0  3  0  0  1139
1876  1138  0  0  0  0  1138
1877  1127  1  0  3  1  1133
1878  404  0  709  8  0  1121
1879  1150  7  2  1  0  1161
1880  1177  0  0  0  0  1177
1881  1168  7  0  4  1  1180
1882  1188  0  0  1  0  1189
1883  1194  0  0  0  2  1196
1884  1197  0  0  1  0  1199
1885  1055  0  141  0  0  1201
1886  1217  0  0  0  0  1218
1887  1208  0  0  0  9  1219
1888  1229  0  1  0  0  1230
1889  1217  8  0  3  1  1230
1890  1226  15  1  0  0  1242
1891  1239  0  1  1  0  1242
1892  1247  0  1  0  1  1250
1893  1095  2  154  0  0  1251
1894  1255  0  0  0  0  1256
1895  1248  0  0  1  0  1249
1896  1200  29  16  0  0  1246
1897  1255  0  1  2  0  1258
1898  1257  0  0  0  0  1257
1899  1261  6  1  0  0  1269
1900  1265  0  1  0  1  1268
1901  1261  0  0  2  0  1264
1902  1262  0  0  0  0  1262
1903  1239  0  1  0  3  1245
1904  1210  2  12  0  0  1225
1905  630  147  0  411  1  1189
1906  1073  140  0  0  0  1213
1907  1195  39  1  2  0  1239
1908  1246  0  0  0  1  1247
1909  1057  193  1  0  1  1254
1910  1253  3  0  2  1  1260
1911  1266  0  0  0  1  1268
1912  1256  0  0  0  0  1259
1913  1256  0  0  0  1  1257
1914  1253  0  1  0  0  1254
1915  1241  0  0  7  0  1249
1916  1231  0  1  0  0  1235
1917  1231  1  0  0  0  1233
1918  1159  57  1  1  0  1218
1919  1207  0  0  0  0  1208
1920  1194  0  0  1  1  1196
1921  1176  0  0  2  1  1179
1922  1159  0  0  0  0  1159
1923  381  0  38  687  0  1107
1924  1103  0  0  0  0  1105
1925  1099  0  1  0  2  1102
1926  1065  35  1  0  1  1102
1927  1085  9  0  2  1  1099
1928  387  0  0  0  662  1049
1929  376  0  660  0  0  1036
1930  1054  70  1  0  0  1126
1931  1136  2  0  0  0  1139
1932  1136  1  0  1  0  1139
1933  1125  0  0  1  1  1129
1934  1127  0  0  0  1  1130
1935  1106  12  1  0  1  1121
1936  1087  0  13  0  0  1102
1937  1097  0  0  0  0  1099
1938  1085  0  0  0  1  1086
1939  1091  0  0  0  0  1091
1940  1087  0  0  0  0  1089
1941  1078  0  0  0  0  1079
1942  1063  2  0  4  1  1071
1943  1021  64  1  0  0  1086
1944  1090  0  4  0  0  1094
1945  1077  0  0  0  0  1078
1946  1062  0  0  5  0  1067
1947  1060  0  0  0  0  1060
1948  1055  2  1  0  0  1059
1949  845  195  1  0  0  1041
1950  1043  2  0  2  1  1049
1951  1032  0  0  11  0  1045
1952  1045  0  0  0  0  1048
1953  1025  0  0  1  1  1028
1954  1021  0  0  0  0  1021
1955  1006  0  0  1  0  1008
1956  998  4  0  0  0  1005
1957  985  3  0  6  2  998
1958  976  0  5  0  0  983
1959  972  1  0  1  5  981
1960  992  0  0  0  0  992
1961  977  0  0  0  3  980
1962  955  0  24  0  0  979
1963  965  0  0  1  0  969
1964  964  0  0  0  3  968
1965  976  0  0  1  0  977
1966  923  28  0  0  15  966
1967  956  1  0  2  0  959
1968  950  0  0  2  0  953
1969  948  0  0  0  0  948
1970  937  0  0  0  0  939
1971  931  8  0  0  0  941
1972  929  9  0  0  0  938
1973  932  0  0  0  0  933
1974  922  0  1  0  0  925
1975  851  0  55  0  0  908
1976  910  0  0  0  0  910
1977  810  0  40  58  2  910
1978  911  1  0  0  1  913
1979  907  1  0  0  0  909
1980  870  0  33  1  0  906
1981  899  1  0  0  1  902
1982  722  0  162  2  0  888
1983  759  133  0  0  0  892
1984  881  1  0  0  1  884
1985  888  0  0  0  1  889
1986  872  6  19  0  0  897
1987  892  0  0  0  0  892
1988  896  0  0  0  0  896
1989  894  0  1  0  0  895
1990  886  0  0  1  2  891
1991  894  0  1  1  0  898
1992  885  0  0  0  1  886
1993  879  0  0  0  1  881
1994  794  0  1  0  84  879
1995  879  0  0  0  1  881
1996  876  0  2  0  0  880
1997  860  0  0  2  1  864
1998  869  1  0  0  0  870
1999  704  152  0  0  0  856
2000  729  0  0  8  119  856
2001  864  0  1  0  0  869
2002  866  1  0  2  0  869
2003  867  0  0  1  0  869
2004  783  0  0  1  81  865
2005  636  0  226  0  0  863
2006  788  84  0  0  0  872
2007  873  0  0  5  2  880
2008  890  1  0  0  0  891
2009  887  0  0  4  1  894
2010  896  12  0  0  0  908
2011  909  0  1  0  1  913
2012  913  0  0  1  1  915
2013  920  0  1  0  0  921
2014  914  0  0  5  2  921
2015  919  1  0  0  1  921
2016  923  1  0  1  0  926
2017  934  0  0  0  0  934
2018  910  0  0  0  0  911
2019  913  0  0  0  0  913
2020  919  0  0  0  0  919
2021  909  0  0  0  0  909
2022  905  1  0  0  0  907
2023  724  0  177  0  0  901
2024  909  1  0  0  0  910
2025  914  1  0  0  2  918
2026  919  0  0  0  0  919
2027  928  0  0  0  0  930
2028  923  0  0  0  0  925
2029  891  0  0  0  28  920
2030  927  0  0  0  3  931
2031  940  0  2  0  0  942
2032  937  0  0  0  0  938
2033  937  0  0  0  0  937
2034  930  0  0  1  0  932
2035  930  0  1  1  0  932
2036  936  0  0  0  0  936
2037  782  15  138  1  0  936
2038  935  0  1  0  0  936
2039  934  0  0  1  1  936
2040  939  0  0  0  0  939
2041  866  60  0  0  0  929
2042  924  1  0  0  0  926
2043  918  0  0  0  0  921
2044  913  1  0  0  1  916
2045  903  2  0  6  0  912
2046  804  57  5  0  43  911
2047  907  0  0  1  1  910
2048  912  0  0  1  0  913
2049  910  0  0  0  1  911
2050  908  1  0  0  0  911
2051  900  0  0  0  0  900
2052  898  1  1  0  0  900
2053  874  28  0  0  1  904
2054  877  0  28  0  0  905
2055  909  0  0  0  0  910
2056  905  0  1  1  3  912
2057  902  0  1  0  0  903
2058  905  1  0  0  0  906
2059  656  30  206  4  0  896
2060  785  105  1  0  0  891
2061  855  0  0  0  41  898
2062  898  0  0  1  1  901
2063  882  0  0  0  1  883
2064  885  0  1  0  0  886
2065  884  0  0  2  1  889
2066  885  0  0  0  0  886
2067  891  0  0  0  0  893
2068  862  34  0  0  0  897
2069  899  1  0  0  1  901
2070  717  165  0  0  0  884
2071  885  0  1  0  0  886
2072  871  0  1  6  1  879
2073  881  1  1  0  0  883
2074  875  2  0  2  2  883
2075  884  0  0  1  0  886
2076  870  13  0  0  0  883
2077  868  0  1  1  0  870
2078  831  17  14  0  0  863
2079  861  0  1  0  1  864
2080  238  1  594  2  0  835
2081  845  0  0  0  0  846
2082  679  43  1  0  128  852
2083  867  0  1  0  1  869
2084  857  0  0  0  0  858
2085  861  1  0  0  1  864
2086  858  0  0  0  0  860
2087  858  0  0  0  1  859
2088  847  1  1  1  0  853
2089  837  0  0  1  2  841
2090  837  1  1  0  1  840
2091  840  0  0  0  0  840
2092  834  0  0  0  2  838
2093  835  1  0  3  0  839
2094  839  0  0  0  1  840
2095  834  0  0  1  0  836
2096  819  14  0  0  1  834
2097  822  0  4  0  0  828
2098  822  1  2  0  0  825
2099  811  1  0  9  0  821
2100  801  14  1  0  0  817
2101  812  0  0  3  1  816
2102  821  0  1  0  0  822
2103  816  0  0  0  2  818
2104  823  0  0  0  1  826
2105  815  1  0  3  0  819
2106  820  0  1  0  0  822
2107  821  0  0  0  0  821
2108  816  1  0  0  0  817
2109  809  1  0  0  0  810
2110  803  0  0  0  0  805
2111  775  0  16  2  0  794
2112  746  40  0  0  1  788
2113  770  1  0  10  2  783
2114  783  0  0  2  1  787
2115  789  0  0  0  0  789
2116  775  0  0  1  1  777
2117  776  0  1  0  0  777
2118  739  38  1  1  0  779
2119  762  0  5  1  8  776
2120  778  0  4  1  0  784
2121  786  0  0  0  0  788
2122  787  1  0  0  0  789
2123  789  0  0  0  0  789
2124  785  0  0  1  0  788
2125  769  0  1  0  1  771
2126  775  0  0  0  0  775
2127  760  0  0  0  0  761
2128  765  0  0  1  0  766
2129  760  0  0  0  0  761
2130  749  0  0  0  0  749
2131  745  1  0  0  0  747
2132  725  0  1  0  0  727
2133  687  41  0  0  0  728
2134  742  0  0  0  1  743
2135  739  0  0  0  0  739
2136  739  0  0  1  1  741
2137  737  1  0  0  0  738
2138  731  1  0  1  0  736
2139  738  0  0  1  0  739
2140  732  0  0  5  1  738
2141  729  0  0  0  2  732
2142  729  0  0  1  0  730
2143  726  0  0  0  0  727
2144  721  0  0  0  1  723
2145  680  0  43  0  0  724
2146  719  0  0  0  0  721
2147  680  2  2  0  37  721
2148  722  0  1  0  1  725
2149  727  0  0  0  0  727
2150  721  0  0  0  1  722
2151  720  0  0  0  0  721
2152  718  0  1  0  0  719
2153  708  0  0  0  0  708
2154  640  0  70  0  0  711
2155  713  0  0  0  0  713
2156  706  0  1  0  0  707
2157  714  0  1  0  0  716
2158  712  0  0  0  0  714
2159  713  0  0  5  0  718
2160  721  0  0  0  1  722
2161  720  0  0  0  0  720
2162  715  0  0  0  0  716
2163  714  1  1  0  0  717
2164  709  0  0  1  0  710
2165  678  29  0  0  0  707
2166  704  0  0  0  0  704
2167  701  1  0  0  0  702
2168  705  0  0  0  2  707
2169  666  0  39  0  0  705
2170  704  0  0  0  0  704
2171  708  0  0  0  0  708
2172  714  0  0  1  0  716
2173  680  0  29  0  0  710
2174  713  0  0  0  0  713
2175  711  1  1  0  1  714
2176  714  0  0  0  0  714
2177  705  0  1  0  0  706
2178  693  0  0  1  8  703
2179  703  1  0  0  1  705
2180  623  80  0  0  0  704
2181  705  0  0  0  0  705
2182  699  1  1  0  0  701
2183  693  0  0  1  0  696
2184  703  2  0  0  1  706
2185  699  4  0  1  0  704
2186  633  0  0  71  1  705
2187  719  0  0  0  1  720
2188  720  0  0  0  0  720
2189  718  0  0  1  0  719
2190  722  1  0  0  0  723
2191  720  0  0  1  1  723
2192  677  47  1  0  0  725
2193  730  0  0  0  0  731
2194  734  0  1  0  0  735
2195  737  0  0  0  0  737
2196  729  1  5  0  0  738
2197  721  0  0  0  0  721
2198  726  0  0  0  0  726
2199  731  0  0  2  1  734
2200  728  0  1  1  1  731
2201  571  0  5  159  0  735
2202  739  6  0  0  2  748
2203  757  0  1  0  0  759
2204  752  0  0  0  2  754
2205  475  0  285  0  0  760
2206  778  0  0  1  3  782
2207  791  0  0  1  1  793
2208  812  1  1  0  0  814
2209  818  1  0  0  0  821
2210  818  0  0  0  0  819
2211  806  0  7  1  1  815
2212  784  12  12  0  0  808
2213  318  0  0  473  0  791
2214  682  148  0  0  4  834
2215  852  0  1  1  0  855
2216  862  0  0  0  1  864
2217  863  2  1  0  1  867
2218  804  53  10  0  0  867
2219  888  0  0  0  3  891
2220  884  0  0  4  1  889
2221  891  0  0  0  1  893
2222  894  0  0  4  2  900
2223  899  1  9  1  0  910
2224  911  0  0  1  0  914
2225  842  0  74  0  0  917
2226  918  9  1  0  1  929
2227  928  0  0  0  1  931
2228  928  1  0  1  0  930
2229  920  1  0  4  0  925
2230  948  0  1  0  0  949
2231  777  1  0  1  165  947
2232  894  0  39  1  11  946
2233  957  0  0  0  0  958
2234  951  0  1  2  6  960
2235  872  1  88  0  0  961
2236  964  0  0  0  0  966
2237  957  0  1  1  4  963
2238  926  4  36  0  0  966
2239  719  0  1  239  5  965
2240  981  2  0  0  0  983
2241  983  2  1  0  0  986
2242  974  0  0  0  3  977
2243  974  1  0  0  0  976
2244  765  0  218  0  0  983
2245  969  0  1  1  3  975
2246  978  0  1  0  0  981
2247  964  7  10  0  0  982
2248  986  0  1  0  0  988
2249  977  0  0  2  2  981
2250  976  0  0  0  1  977
2251  564  0  1  410  0  975
2252  940  1  38  0  0  979
2253  975  0  0  1  7  985
2254  993  2  0  0  1  997
2255  995  0  0  0  0  995
2256  983  0  0  0  0  986
2257  977  7  1  0  1  986
2258  989  0  0  2  0  992
2259  985  1  1  1  0  989
2260  980  0  0  0  1  981
2261  991  0  0  0  0  992
2262  997  0  0  0  0  997
2263  993  0  0  2  1  996
2264  984  1  15  0  0  1003
2265  993  0  0  0  0  993
2266  912  0  75  0  0  988
2267  985  0  6  3  2  997
2268  997  0  0  0  0  998
2269  918  69  0  0  1  988
2270  992  0  0  1  2  996
2271  825  0  167  1  0  993
2272  985  0  0  0  0  986
2273  988  1  0  0  1  991
2274  991  1  1  0  0  994
2275  851  7  126  3  0  987
2276  767  0  15  187  0  971
2277  381  0  1  564  2  949
2278  974  1  0  0  7  983
2279  990  0  0  0  0  990
2280  994  0  0  0  1  996
2281  1001  0  0  0  2  1004
2282  1003  0  1  0  0  1006
2283  1009  0  1  0  0  1010
2284  941  1  0  7  48  1002
2285  996  0  0  1  0  997
2286  990  0  0  0  1  992
2287  784  188  0  0  21  995
2288  969  8  0  0  22  1000
2289  991  0  0  0  9  1004
2290  991  0  0  1  0  995
2291  958  36  1  0  0  995
2292  990  0  0  1  0  994
2293  992  0  1  0  1  996
2294  987  1  0  0  0  989
2295  989  1  0  0  0  990
2296  976  10  0  0  0  987
2297  966  0  1  8  0  976
2298  768  8  0  175  1  955
2299  955  0  0  0  0  958
2300  914  0  19  9  1  945
2301  947  0  0  0  0  947
2302  939  0  0  0  0  940
2303  911  0  1  2  2  918
2304  910  0  1  2  0  913
2305  900  1  0  0  0  901
2306  884  0  0  0  1  886
2307  586  1  287  0  0  874
2308  870  1  2  0  0  874
2309  861  0  0  1  0  863
2310  856  5  0  0  0  862
2311  835  0  20  0  0  855
2312  820  8  0  9  0  839
2313  841  0  0  1  0  842
2314  847  0  0  0  0  848
2315  836  0  0  0  1  839
2316  827  0  5  0  0  833
2317  817  0  0  2  0  820
2318  791  0  27  0  0  820
2319  811  0  0  5  2  819
2320  814  0  1  0  0  816
2321  804  0  0  1  2  807
2322  802  0  0  0  0  802
2323  808  0  0  0  0  809
2324  797  0  0  1  1  799
2325  797  0  0  2  0  801
2326  795  1  0  0  0  798
2327  708  0  2  35  41  787
2328  789  0  0  0  0  789
2329  768  0  0  3  1  772
2330  767  1  0  0  0  770
2331  764  1  0  7  0  772
2332  785  1  0  0  1  787
2333  785  0  0  0  0  785
2334  778  0  1  0  0  779
2335  773  0  2  0  0  775
2336  767  0  0  0  0  767
2337  612  0  21  122  3  761
2338  767  0  0  0  0  768
2339  761  0  1  0  1  763
2340  738  1  23  0  0  763
2341  761  0  0  1  0  762
2342  742  18  0  0  0  762
2343  754  1  0  5  2  762
2344  221  190  0  0  319  730
2345  745  0  1  0  1  748
2346  753  0  0  0  0  755
2347  758  8  0  0  0  766
2348  767  0  0  1  0  769
2349  775  0  0  0  0  776
2350  782  0  1  0  0  783
2351  778  0  0  0  0  780
2352  781  1  0  1  0  783
2353  620  152  0  0  0  772
2354  783  0  0  0  0  783
2355  724  61  0  0  0  787
2356  773  17  0  0  1  792
2357  778  0  0  3  3  785
2358  780  1  0  0  1  784
2359  698  83  0  1  0  782
2360  789  0  0  0  0  789
2361  792  0  0  0  0  793
2362  781  0  0  0  1  782
2363  748  0  0  0  38  786
2364  787  0  1  0  0  788
2365  784  2  1  1  0  789
2366  793  0  0  0  0  793
2367  786  0  0  0  2  789
2368  533  202  50  0  0  785
2369  794  0  0  0  0  794
2370  788  0  0  2  4  796
2371  803  0  0  0  0  805
2372  802  0  0  0  0  804
2373  739  1  60  0  0  801
2374  786  0  0  0  0  788
2375  774  0  0  0  1  776
2376  745  36  0  0  1  782
2377  785  0  0  0  0  785
2378  747  45  0  0  1  793
2379  777  12  0  0  0  789
2380  785  1  0  0  0  788
2381  791  0  1  0  0  795
2382  787  0  0  4  0  792
2383  770  2  11  0  2  786
2384  781  0  2  2  1  787
2385  785  1  0  0  0  788
2386  764  0  0  5  10  780
2387  784  0  0  0  0  784
2388  781  0  0  0  0  782
2389  778  0  0  0  0  779
2390  739  0  0  35  0  774
2391  777  0  0  0  0  778
2392  776  0  0  0  0  777
2393  736  34  1  0  0  775
2394  778  0  1  0  0  780
2395  759  1  0  4  2  769
2396  774  0  0  1  0  775
2397  779  0  0  0  0  779
2398  640  0  132  0  1  773
2399  785  0  0  0  0  785
2400  779  0  10  0  0  789
2401  778  1  10  0  0  789
2402  789  0  0  0  0  790
2403  789  1  1  1  0  793
2404  799  0  0  0  1  800
2405  789  0  0  0  0  792
2406  798  0  0  0  0  798
2407  799  0  0  0  1  803
2408  793  0  0  1  0  795
2409  793  0  0  0  0  794
2410  764  30  0  1  0  795
2411  704  17  76  2  0  800
2412  767  0  36  0  0  805
2413  798  0  0  0  0  798
2414  794  0  0  0  0  794
2415  550  210  0  8  3  771
2416  740  48  0  0  1  790
2417  791  0  2  1  1  795
2418  795  0  0  0  0  795
2419  646  1  150  0  0  798
2420  806  0  1  0  0  808
2421  800  7  0  6  0  814
2422  821  0  0  0  0  822
2423  827  0  0  0  0  827
2424  832  0  1  0  0  833
2425  801  0  0  30  0  831
2426  827  0  0  0  4  831
2427  832  0  0  1  0  834
2428  819  0  0  2  1  822
2429  824  0  0  1  0  825
2430  828  0  0  0  0  828
2431  818  3  1  0  0  824
2432  809  3  0  10  2  825
2433  821  0  0  0  0  821
2434  766  0  0  0  46  813
2435  306  0  0  486  0  793
2436  818  0  2  0  0  820
2437  819  0  1  0  0  821
2438  826  0  0  1  0  827
2439  826  0  0  1  0  827
2440  828  0  0  1  1  831
2441  829  0  0  0  0  831
2442  832  1  0  8  0  841
2443  839  0  0  1  0  841
2444  837  0  0  1  1  839
2445  833  2  1  0  0  837
2446  844  0  1  0  0  845
2447  835  0  1  0  2  838
2448  834  0  0  1  0  836
2449  834  1  5  0  0  840
2450  836  0  0  0  0  837
2451  817  0  0  10  0  827
2452  823  0  0  3  0  826
2453  821  0  2  0  0  824
2454  813  1  0  1  0  818
2455  818  0  0  0  0  818
2456  830  0  0  0  1  833
2457  834  1  2  0  0  838
2458  840  0  0  0  0  841
2459  837  0  0  0  1  838
2460  831  0  0  0  1  833
2461  833  0  0  0  1  836
2462  845  0  0  0  0  845
2463  832  0  0  13  0  846
2464  848  0  0  0  0  848
2465  842  0  0  0  1  843
2466  838  0  0  0  1  842
2467  811  32  0  0  1  845
2468  842  0  0  0  0  844
2469  837  3  1  0  0  843
2470  836  1  1  1  0  840
2471  753  1  0  1  81  838
2472  707  126  1  0  0  834
2473  800  0  41  1  0  843
2474  847  0  0  1  1  849
2475  847  0  0  1  0  849
2476  852  0  0  0  0  853
2477  851  1  0  0  0  853
2478  847  0  0  2  1  852
2479  862  0  0  0  0  862
2480  863  0  0  1  0  864
2481  860  0  0  2  0  862
2482  858  0  1  0  0  859
2483  864  0  0  0  0  865
2484  810  0  0  51  0  861
2485  853  0  0  0  0  854
2486  854  2  0  0  0  856
2487  860  0  0  0  0  860
2488  857  1  0  1  1  860
2489  861  1  0  0  0  862
2490  867  1  0  0  0  869
2491  853  0  13  1  0  870
2492  868  2  1  0  0  872
2493  871  0  0  0  0  872
2494  880  0  0  0  0  881
2495  878  0  0  0  2  881
2496  884  0  1  0  2  887
2497  884  0  1  0  0  885
2498  875  2  0  1  0  878
2499  714  158  1  0  0  873
2500  878  0  0  0  1  880
2501  881  0  0  0  1  882
2502  878  0  0  0  0  878
2503  862  0  17  0  0  879
2504  822  43  1  0  1  870
2505  853  2  0  6  2  865
2506  265  575  0  1  0  841
2507  851  0  0  0  0  852
2508  853  0  0  1  0  855
2509  625  228  0  0  0  853
2510  868  0  0  0  0  869
2511  852  3  0  1  1  859
2512  860  0  0  0  0  860
2513  852  0  1  0  0  854
2514  845  0  0  0  0  845
2515  844  0  0  0  1  845
2516  843  0  0  1  0  844
2517  816  15  0  1  0  832
2518  831  0  0  0  0  831
2519  825  0  0  0  1  827
2520  817  0  0  1  17  837
2521  836  1  0  1  0  838
2522  656  175  0  0  0  831
2523  838  0  0  3  2  843
2524  836  0  0  0  0  837
2525  825  0  0  1  1  827
2526  822  0  0  0  0  824
2527  827  0  1  0  0  828
2528  826  2  1  0  0  830
2529  799  31  1  0  0  831
2530  820  0  0  1  0  823
2531  820  0  0  0  0  820
2532  824  1  0  0  1  826
2533  829  0  1  0  0  831
2534  822  0  1  3  0  826
2535  813  0  0  0  1  814
2536  810  0  0  0  0  810
2537  805  0  3  0  0  809
2538  813  0  1  0  0  814
2539  819  0  1  0  0  820
2540  814  0  0  0  0  816
2541  795  0  1  8  1  806
2542  807  1  0  0  0  808
2543  808  0  0  0  0  809
2544  802  1  0  0  0  803
2545  772  14  20  1  0  807
2546  795  0  0  1  1  799
2547  785  0  0  0  0  787
2548  752  32  0  0  0  786
2549  797  0  0  1  1  800
2550  794  3  0  0  1  798
2551  803  0  1  0  0  804
2552  772  0  28  0  0  800
2553  788  0  0  0  1  789
2554  793  0  0  0  0  793
2555  780  3  0  2  3  789
2556  792  0  0  0  0  792
2557  794  0  0  0  0  795
2558  789  0  0  0  0  789
2559  793  1  1  0  0  795
2560  792  0  0  0  0  792
2561  772  0  0  3  0  776
2562  777  1  0  0  0  778
2563  780  0  0  1  1  783
2564  786  0  0  0  0  786
2565  788  0  0  0  1  789
2566  800  0  0  0  0  800
2567  791  0  0  0  0  791
2568  796  0  1  0  0  797
2569  798  1  0  0  0  799
2570  780  0  0  1  1  783
2571  777  0  7  0  0  784
2572  732  1  0  3  50  787
2573  780  0  0  2  0  783
2574  778  0  0  0  0  778
2575  775  0  0  0  0  777
2576  781  0  0  0  0  781
2577  765  7  2  2  0  776
2578  728  43  0  0  1  772
2579  763  0  0  2  0  765
2580  746  0  0  19  0  766
2581  774  0  0  0  0  774
2582  766  0  0  2  0  770
2583  769  0  0  1  0  770
2584  767  0  0  0  1  768
2585  769  0  0  0  0  770
2586  771  0  1  0  0  775
2587  770  0  0  0  0  770
2588  680  0  0  0  83  764
2589  766  0  0  0  1  767
2590  759  0  0  0  0  760
2591  755  0  0  0  0  755
2592  309  0  421  3  0  733
2593  741  3  0  0  0  744
2594  752  0  0  0  0  752
2595  738  0  0  8  1  748
2596  743  0  0  0  0  744
2597  649  0  90  0  0  742
2598  737  8  0  0  0  746
2599  751  0  0  0  0  751
2600  734  0  0  3  7  744
2601  729  1  1  0  7  738
2602  733  0  0  0  1  735
2603  727  1  0  0  1  730
2604  722  0  0  0  8  730
2605  723  0  0  0  0  724
2606  715  0  0  1  1  717
2607  722  1  0  1  0  725
2608  731  0  0  0  0  731
2609  716  0  4  0  5  726
2610  723  1  1  0  0  726
2611  726  1  0  0  0  727
2612  719  0  0  3  1  723
2613  717  0  0  0  2  720
2614  717  0  8  0  0  725
2615  726  1  0  0  0  728
2616  708  0  15  0  0  723
2617  684  0  41  0  0  725
2618  650  71  0  0  0  721
2619  710  0  0  2  0  713
2620  719  0  0  0  0  719
2621  724  0  0  0  1  726
2622  723  1  0  0  0  724
2623  731  0  0  0  0  731
2624  731  0  0  0  0  733
2625  719  0  0  1  0  721
2626  724  0  1  0  0  725
2627  691  0  0  38  1  731
2628  732  1  0  0  0  737
2629  739  0  0  0  0  739
2630  693  0  0  0  38  732
2631  740  0  0  0  1  742
2632  729  0  16  0  0  745
2633  725  2  0  0  17  744
2634  732  0  0  17  0  749
2635  750  0  0  0  0  750
2636  751  0  0  0  0  753
2637  754  1  0  0  0  756
2638  757  1  0  0  0  758
2639  677  0  0  0  73  750
2640  748  0  0  1  0  749
2641  747  1  0  0  0  748
2642  753  0  0  0  0  754
2643  653  91  0  0  0  745
2644  748  0  0  0  0  748
2645  742  0  0  1  1  746
2646  743  1  1  0  0  745
2647  744  0  0  1  0  746
2648  700  0  0  29  1  730
2649  724  0  0  0  0  725
2650  720  0  0  0  0  722
2651  721  0  0  0  0  721
2652  726  1  1  0  0  728
2653  721  0  9  0  0  731
2654  647  73  1  0  1  723
2655  717  0  0  0  0  721
2656  722  0  0  0  1  723
2657  538  0  0  0  183  722
2658  738  0  1  0  0  740
2659  738  0  0  0  2  741
2660  743  0  0  0  1  744
2661  733  4  1  0  0  739
2662  672  0  57  0  0  731
2663  414  288  0  1  0  704
2664  723  0  0  0  0  724
2665  723  0  0  0  0  723
2666  713  1  0  0  11  725
2667  729  0  0  0  0  729
2668  718  0  0  0  0  718
2669  717  0  0  0  0  718
2670  570  144  0  0  0  715
2671  712  9  1  0  0  723
2672  728  0  0  0  2  730
2673  730  0  0  0  0  732
2674  729  0  0  0  0  730
2675  731  0  0  1  0  733
2676  721  0  2  0  0  723
2677  703  0  13  1  0  718
2678  686  28  0  0  0  715
2679  713  0  0  0  0  715
2680  713  0  0  0  0  714
2681  714  0  1  0  0  717
2682  711  2  0  7  0  721
2683  716  0  2  0  0  719
2684  716  0  0  0  1  719
2685  736  0  0  0  2  739
2686  720  0  8  0  1  730
2687  732  0  0  0  0  733
2688  738  0  0  0  0  738
2689  743  0  1  0  0  744
2690  743  0  0  0  0  745
2691  728  1  0  8  3  741
2692  737  0  1  0  1  739
2693  710  0  0  0  30  740
2694  740  0  0  0  0  740
2695  740  0  0  2  0  743
2696  740  0  0  0  3  744
2697  752  0  0  0  0  753
2698  746  0  0  1  3  753
2699  752  0  0  0  2  754
2700  751  0  0  0  0  753
2701  742  18  0  0  0  762
2702  744  0  1  12  0  758
2703  755  1  2  0  0  759
2704  745  6  0  6  4  763
2705  765  0  0  0  0  767
2706  769  1  0  0  0  770
2707  755  0  2  2  2  761
2708  759  1  0  0  0  762
2709  760  0  0  0  0  762
2710  762  0  0  0  1  763
2711  753  9  0  1  0  763
2712  742  0  0  3  11  758
2713  739  21  0  0  0  760
2714  568  128  49  0  0  747
2715  692  10  45  0  0  747
2716  738  1  0  8  0  747
2717  750  2  0  0  0  754
2718  751  0  0  2  1  755
2719  757  0  0  1  0  759
2720  760  0  0  0  0  760
2721  757  1  1  0  0  761
2722  757  0  0  0  0  757
2723  518  211  0  0  1  730
2724  717  0  1  2  1  722
2725  710  0  1  1  2  714
2726  712  1  0  0  1  716
2727  716  0  1  0  1  718
2728  711  0  0  2  0  714
2729  715  0  0  0  0  715
2730  694  0  13  0  1  708
2731  700  0  0  0  0  700
2732  691  0  0  0  0  691
2733  650  0  45  0  0  695
2734  695  0  0  0  0  695
2735  680  0  0  6  1  688
2736  689  0  0  0  0  690
2737  681  0  0  0  0  682
2738  424  244  0  0  0  668
2739  666  0  0  0  1  667
2740  666  0  0  0  0  666
2741  596  0  72  0  0  669
2742  676  0  0  0  0  676
2743  667  0  0  2  0  669
2744  667  1  0  0  0  668
2745  667  0  0  0  0  667
2746  660  0  1  1  1  663
2747  659  0  3  0  0  662
2748  651  0  0  0  1  654
2749  648  0  1  0  0  650
2750  644  0  0  0  0  644
2751  615  29  0  0  0  644
2752  644  0  0  0  1  645
2753  630  0  0  5  2  637
2754  641  0  0  0  0  641
2755  642  0  0  0  0  642
2756  596  29  4  0  0  629
2757  625  0  0  0  0  625
2758  613  0  0  0  0  613
2759  575  0  33  0  0  608
2760  604  0  1  0  0  606
2761  592  1  0  4  2  599
2762  596  2  0  0  0  599
2763  591  0  0  0  0  591
2764  585  0  0  0  1  586
2765  582  0  0  0  0  582
2766  576  0  0  0  0  576
2767  563  0  0  1  0  564
2768  562  0  0  0  1  563
2769  552  0  1  0  1  554
2770  547  0  0  0  0  547
2771  536  0  0  0  1  539
2772  525  0  1  0  1  528
2773  520  0  1  1  0  522
2774  515  0  0  0  0  516
2775  507  0  0  0  1  509
2776  482  0  0  0  1  483
2777  480  0  0  0  0  480
2778  477  0  0  0  2  479
2779  343  0  127  1  0  471
2780  463  0  0  0  0  463
2781  457  0  0  0  0  459
2782  435  0  15  0  0  451
2783  424  0  0  0  1  425
2784  418  0  0  0  0  418
2785  410  0  0  0  0  411
2786  403  0  0  0  0  403
2787  392  0  0  1  0  394
2788  334  0  0  0  1  336
2789  331  0  0  0  0  331
2790  326  0  0  0  0  326
2791  0  0  0  0  0  0
2792  0  0  0  0  0  0
2793  0  0  0  0  0  0
2794  0  0  0  0  0  0
2795  0  0  0  0  0  0
2796  0  0  0  0  0  0
2797  0  0  0  0  0  0
2798  0  0  0  0  0  0
2799  0  0  0  0  0  0
2800  0  0  0  0  0  0
2801  0  0  0  0  0  0
2802  0  0  0  0  0  0
2803  0  0  0  0  0  0
2804  0  0  0  0  0  0
2805  0  0  0  0  0  0
2806  0  0  0  0  0  0
2807  0  0  0  0  0  0
2808  0  0  0  0  0  0
2809  0  0  0  0  0  0
2810  0  0  0  0  0  0
2811  0  0  0  0  0  0
2812  0  0  0  0  0  0
2813  0  0  0  0  0  0
2814  0  0  0  0  0  0
2815  0  0  0  0  0  0
2816  0  0  0  0  0  0
2817  0  0  0  0  0  0
2818  0  0  0  0  0  0
2819  0  0  0  0  0  0
2820  0  0  0  0  0  0
2821  0  0  0  0  0  0
2822  0  0  0  0  0  0
2823  0  0  0  0  0  0
2824  0  0  0  0  0  0
