Position	CountMatch	CountA	CountT	CountG	CountC	Depth
1  53  0  0  0  0  53
2  54  0  0  0  0  54
3  53  0  0  0  1  54
4  55  0  0  0  0  55
5  57  0  0  0  0  57
6  57  0  0  0  0  57
7  58  0  0  0  0  58
8  58  0  0  0  0  58
9  58  0  0  0  0  58
10  60  0  0  0  0  60
11  61  0  0  0  0  61
12  62  0  0  0  0  62
13  64  0  0  0  0  64
14  64  0  0  0  0  64
15  65  0  0  0  0  65
16  65  0  0  0  0  65
17  65  0  0  0  0  65
18  65  0  0  0  0  65
19  65  0  0  0  0  65
20  66  0  0  0  0  66
21  66  0  0  0  0  66
22  66  0  0  0  0  66
23  64  0  0  0  2  66
24  65  0  0  0  0  65
25  65  0  0  0  0  65
26  65  0  0  0  0  65
27  69  0  0  0  0  69
28  61  0  8  0  0  69
29  70  0  0  0  0  70
30  68  0  1  1  0  70
31  70  0  0  0  0  70
32  63  0  0  0  0  63
33  3  58  0  0  2  63
34  66  0  0  0  0  66
35  66  0  0  0  0  66
36  67  0  0  0  0  67
37  66  2  0  0  0  68
38  68  0  0  0  0  68
39  69  0  0  0  0  69
40  70  0  0  0  0  70
41  69  0  0  0  0  69
42  66  0  1  1  0  68
43  68  0  0  0  0  68
44  1  0  65  0  0  66
45  67  0  0  0  0  67
46  68  0  1  0  0  69
47  69  0  0  0  0  69
48  69  0  0  0  0  69
49  69  0  0  0  0  69
50  69  0  0  0  0  69
51  69  0  0  0  0  69
52  2  0  0  63  0  65
53  65  0  0  0  0  65
54  65  0  0  0  0  65
55  1  0  63  1  0  65
56  65  0  0  0  0  65
57  64  0  0  0  1  65
58  64  0  1  0  0  65
59  1  0  63  0  0  64
60  66  0  0  1  0  67
61  67  0  0  0  0  67
62  68  0  0  0  0  68
63  66  0  0  2  0  68
64  67  0  0  0  1  68
65  68  0  0  0  0  68
66  68  0  0  1  0  69
67  69  0  0  0  0  69
68  68  0  0  0  0  68
69  67  0  0  0  0  67
70  66  0  0  0  0  66
71  65  0  0  0  0  65
72  65  0  0  0  0  65
73  1  61  0  1  0  63
74  63  0  0  0  0  63
75  62  0  0  1  0  63
76  1  1  0  0  61  63
77  71  0  0  0  0  71
78  72  0  0  0  0  72
79  71  1  0  0  0  72
80  73  0  0  0  0  73
81  72  0  0  0  0  72
82  72  0  0  0  0  72
83  71  1  0  0  0  72
84  70  1  0  1  0  72
85  73  0  0  0  0  73
86  72  1  0  0  0  73
87  73  0  0  0  0  73
88  74  0  0  0  0  74
89  73  1  0  0  0  74
90  73  0  0  0  0  73
91  72  1  0  0  0  73
92  72  0  0  0  1  73
93  74  0  0  0  0  74
94  73  0  0  0  0  73
95  72  1  0  0  0  73
96  72  0  0  0  0  72
97  72  0  0  0  0  72
98  70  1  0  0  0  71
99  71  0  0  0  0  71
100  72  0  0  0  0  72
101  71  0  0  0  0  71
102  70  0  1  0  0  71
103  70  0  0  1  0  71
104  70  1  0  0  0  71
105  70  0  0  1  0  71
106  70  0  0  0  0  70
107  69  1  0  0  0  70
108  71  0  0  0  0  71
109  72  0  0  1  0  73
110  73  0  0  0  0  73
111  72  0  0  0  0  72
112  71  0  0  0  0  71
113  70  0  0  0  0  70
114  69  0  0  0  0  69
115  69  0  0  0  0  69
116  68  0  0  0  0  68
117  68  0  0  0  0  68
118  68  0  0  0  0  68
119  68  0  0  0  0  68
120  61  0  0  0  0  61
121  0  61  0  0  0  61
122  60  0  0  1  0  61
123  0  60  0  1  0  61
124  69  0  0  0  0  69
125  69  0  0  0  1  70
126  70  0  0  0  0  70
127  70  0  0  1  0  71
128  70  0  0  0  1  71
129  69  1  0  1  0  71
130  72  0  0  0  0  72
131  72  0  1  0  0  73
132  73  0  0  0  0  73
133  71  0  1  0  0  72
134  73  0  0  0  0  73
135  72  0  0  0  0  72
136  72  0  0  0  0  72
137  71  0  0  0  0  71
138  69  0  0  0  0  69
139  69  0  0  0  0  69
140  67  0  0  0  2  69
141  68  0  0  0  0  68
142  68  0  0  0  0  68
143  69  0  0  0  0  69
144  67  1  0  0  0  68
145  68  0  0  0  0  68
146  65  0  1  0  0  66
147  65  0  0  0  1  66
148  65  0  0  1  0  66
149  68  0  0  0  0  68
150  69  0  0  0  0  69
151  68  1  0  0  0  69
152  66  0  0  0  1  67
153  68  0  0  0  0  68
154  67  0  0  0  0  67
155  66  0  0  0  1  67
156  67  0  0  0  0  67
157  68  0  0  0  0  68
158  65  0  0  0  1  66
159  65  0  0  0  0  65
160  65  0  0  0  0  65
161  64  0  1  0  0  65
162  64  0  0  0  0  64
163  63  1  0  0  0  64
164  63  0  0  0  0  63
165  61  0  0  0  0  61
166  61  0  0  0  0  61
167  61  0  0  0  0  61
168  0  61  0  0  0  61
169  64  0  0  0  0  64
170  65  0  0  0  0  65
171  65  0  0  0  0  65
172  65  0  0  0  0  65
173  65  0  0  0  0  65
174  64  0  0  0  1  65
175  64  0  0  0  1  65
176  66  0  0  0  0  66
177  64  0  0  0  1  65
178  64  1  0  0  0  65
179  64  0  0  0  0  64
180  65  0  0  0  0  65
181  64  0  0  0  0  64
182  64  0  0  0  0  64
183  64  0  0  0  0  64
184  63  0  0  0  1  64
185  65  0  0  0  0  65
186  65  0  0  0  1  66
187  67  0  0  0  0  67
188  63  0  0  2  0  65
189  66  0  0  0  0  66
190  66  0  0  0  0  66
191  65  0  0  0  0  65
192  66  0  0  0  0  66
193  66  0  0  0  0  66
194  66  0  1  0  0  67
195  67  0  0  0  0  67
196  65  0  0  0  1  66
197  67  0  0  0  0  67
198  66  0  0  0  0  66
199  66  0  0  0  0  66
200  66  0  0  1  0  67
201  67  0  0  0  0  67
202  66  0  0  0  0  66
203  65  0  0  0  0  65
204  65  0  0  0  0  65
205  65  0  0  0  0  65
206  65  0  0  0  0  65
207  65  0  0  0  0  65
208  65  0  0  0  0  65
209  0  0  65  0  0  65
210  65  0  0  0  0  65
211  65  0  0  0  0  65
212  65  0  0  0  0  65
213  65  0  0  0  0  65
214  65  0  0  0  0  65
215  65  0  0  0  0  65
216  63  2  0  0  0  65
217  65  0  0  0  0  65
218  65  0  0  0  0  65
219  66  0  0  0  0  66
220  65  0  0  0  0  65
221  64  0  0  0  0  64
222  64  0  0  0  0  64
223  62  0  0  1  0  63
224  59  2  0  0  0  61
225  60  0  0  0  0  60
226  60  0  0  0  0  60
227  59  0  0  0  0  59
228  59  0  0  0  0  59
229  59  1  0  0  0  60
230  60  0  0  0  0  60
231  62  0  0  0  0  62
232  61  0  0  0  0  61
233  60  0  0  0  1  61
234  63  0  0  0  0  63
235  63  0  0  0  0  63
236  62  0  0  0  0  62
237  62  0  0  0  0  62
238  62  0  0  0  0  62
239  62  0  0  0  0  62
240  60  0  1  0  0  61
241  62  0  1  0  0  63
242  62  1  0  0  0  63
243  63  0  0  0  0  63
244  63  0  0  0  0  63
245  62  0  0  0  0  62
246  63  0  0  0  0  63
247  64  0  0  0  0  64
248  64  0  0  0  1  65
249  64  0  0  0  0  64
250  63  0  0  0  0  63
251  63  0  0  0  0  63
252  62  0  0  0  0  62
253  0  60  0  0  0  60
254  63  0  0  0  1  64
255  65  0  0  0  0  65
256  66  0  0  0  0  66
257  64  0  0  0  1  65
258  65  0  0  0  0  65
259  65  0  0  0  0  65
260  63  0  0  0  0  63
261  61  0  0  0  0  61
262  60  0  0  1  0  61
263  61  0  0  0  0  61
264  58  0  0  1  1  60
265  62  0  0  0  0  62
266  62  0  0  0  1  63
267  61  0  0  0  0  61
268  60  0  1  0  0  61
269  1  59  0  0  0  60
270  60  0  0  1  0  61
271  61  0  0  0  0  61
272  62  0  0  0  0  62
273  62  0  0  0  0  62
274  62  0  0  0  0  62
275  62  0  0  0  0  62
276  60  0  0  0  1  61
277  61  0  0  0  0  61
278  61  0  0  0  0  61
279  61  0  0  0  0  61
280  61  0  0  0  0  61
281  60  0  0  0  0  60
282  58  0  0  0  0  58
283  57  0  0  0  0  57
284  57  0  0  0  0  57
285  56  0  0  1  0  57
286  57  0  0  0  0  57
287  0  0  57  0  0  57
288  61  0  0  0  0  61
289  61  1  0  0  1  63
290  62  0  0  0  1  63
291  64  0  0  0  0  64
292  63  0  0  0  1  64
293  64  0  0  0  0  64
294  62  0  0  0  2  64
295  63  0  0  0  0  63
296  63  0  0  0  0  63
297  64  0  0  0  1  65
298  65  0  0  0  0  65
299  64  1  0  0  0  65
300  64  0  0  0  0  64
301  63  0  0  0  0  63
302  62  0  0  1  1  64
303  64  0  0  0  0  64
304  65  0  0  0  0  65
305  63  0  0  0  1  64
306  64  0  0  0  0  64
307  62  0  0  0  2  64
308  64  0  0  0  0  64
309  62  1  1  0  0  64
310  65  0  0  0  0  65
311  65  0  1  0  0  66
312  66  0  0  0  0  66
313  66  0  0  0  0  66
314  66  0  0  0  0  66
315  65  0  0  0  0  65
316  65  0  0  0  0  65
317  64  0  0  0  0  64
318  63  0  0  1  0  64
319  64  0  0  0  0  64
320  63  0  0  0  0  63
321  63  0  0  0  0  63
322  63  0  0  0  0  63
323  62  0  0  0  0  62
324  62  0  0  0  0  62
325  61  0  0  0  1  62
326  62  0  0  0  0  62
327  60  0  1  1  0  62
328  61  0  0  0  1  62
329  61  0  0  1  0  62
330  61  0  0  0  0  61
331  51  0  7  0  0  58
332  58  0  0  0  0  58
333  58  0  0  0  0  58
334  58  0  0  0  0  58
335  51  0  0  0  0  51
336  51  0  0  0  0  51
337  51  0  0  0  0  51
338  51  0  0  0  0  51
339  47  0  3  0  1  51
340  61  0  0  0  0  61
341  60  0  0  0  1  61
342  62  0  0  0  0  62
343  62  1  0  0  0  63
344  63  0  0  0  1  64
345  65  0  0  0  0  65
346  66  0  0  0  0  66
347  67  0  0  0  0  67
348  67  0  0  0  0  67
349  68  0  0  0  0  68
350  68  0  0  0  0  68
351  67  0  0  0  1  68
352  67  0  0  1  0  68
353  68  1  0  0  0  69
354  69  0  0  0  0  69
355  69  0  1  0  0  70
356  70  0  0  0  0  70
357  69  0  0  0  0  69
358  67  1  0  1  0  69
359  69  0  0  0  1  70
360  70  0  0  0  0  70
361  70  0  0  0  0  70
362  70  0  0  0  0  70
363  70  0  0  0  0  70
364  70  0  0  0  0  70
365  69  0  0  0  0  69
366  71  0  0  0  0  71
367  70  0  1  0  0  71
368  70  0  0  1  0  71
369  71  0  0  0  0  71
370  70  0  0  0  0  70
371  0  1  0  68  0  69
372  69  0  0  0  0  69
373  69  0  0  0  0  69
374  69  0  0  0  0  69
375  68  0  0  0  1  69
376  67  0  1  0  0  68
377  0  65  1  0  0  66
378  0  0  66  0  0  66
379  68  0  0  0  0  68
380  67  0  0  1  0  68
381  68  0  0  0  0  68
382  68  0  0  0  0  68
383  68  0  0  0  0  68
384  67  0  0  0  0  67
385  66  0  1  0  0  67
386  67  0  0  0  0  67
387  0  64  0  0  0  64
388  65  0  0  0  0  65
389  64  0  1  0  0  65
390  65  0  0  0  0  65
391  66  0  0  0  0  66
392  65  0  0  0  0  65
393  65  0  0  0  0  65
394  0  0  64  0  0  64
395  64  0  0  0  0  64
396  64  1  0  0  0  65
397  64  0  0  1  0  65
398  64  0  0  1  0  65
399  64  0  0  0  0  64
400  64  0  0  0  0  64
401  64  0  0  0  0  64
402  64  0  0  0  0  64
403  64  0  1  0  0  65
404  61  1  0  0  1  63
405  62  0  0  0  0  62
406  63  0  0  0  0  63
407  63  0  0  0  0  63
408  64  0  0  0  0  64
409  63  0  0  1  0  64
410  65  0  0  0  0  65
411  64  0  0  1  0  65
412  64  0  0  0  0  64
413  63  0  0  0  0  63
414  64  1  0  0  0  65
415  65  0  0  0  0  65
416  64  0  0  0  0  64
417  64  0  0  0  0  64
418  64  0  0  0  0  64
419  64  0  0  0  0  64
420  63  0  0  0  0  63
421  0  0  58  0  0  58
422  0  58  0  0  0  58
423  63  0  0  0  0  63
424  63  0  0  0  0  63
425  63  0  0  0  0  63
426  63  0  0  0  0  63
427  64  0  0  0  0  64
428  63  0  0  0  0  63
429  63  0  0  0  0  63
430  64  0  0  0  0  64
431  64  0  0  0  0  64
432  64  0  0  0  0  64
433  64  0  0  0  0  64
434  62  0  0  0  0  62
435  63  0  0  0  0  63
436  62  0  0  0  0  62
437  62  0  0  0  0  62
438  61  0  0  0  1  62
439  62  0  0  1  0  63
440  63  0  0  0  0  63
441  64  0  0  0  0  64
442  64  0  0  0  0  64
443  64  0  0  0  0  64
444  64  0  0  0  0  64
445  63  0  0  0  0  63
446  63  0  0  0  0  63
447  63  0  0  0  0  63
448  63  0  0  0  0  63
449  62  1  0  0  1  64
450  64  0  0  0  0  64
451  64  0  0  0  0  64
452  63  0  0  0  0  63
453  62  0  0  0  0  62
454  0  0  61  0  0  61
455  61  0  0  0  0  61
456  59  1  0  1  0  61
457  61  0  0  0  0  61
458  60  0  0  0  0  60
459  0  56  0  0  0  56
460  56  0  0  0  0  56
461  56  0  0  0  0  56
462  58  0  0  0  0  58
463  58  0  0  0  0  58
464  59  0  0  0  0  59
465  59  0  0  0  0  59
466  57  0  1  0  0  58
467  58  0  0  0  0  58
468  56  0  1  0  0  57
469  56  0  0  0  0  56
470  56  0  0  0  0  56
471  56  0  0  0  0  56
472  56  0  0  0  0  56
473  55  0  0  0  0  55
474  55  0  0  0  0  55
475  54  0  0  0  0  54
476  65  0  0  0  0  65
477  66  0  0  0  0  66
478  66  0  0  0  0  66
479  65  0  0  0  0  65
480  65  0  0  0  0  65
481  65  0  0  0  0  65
482  67  0  0  0  0  67
483  66  0  0  0  0  66
484  57  1  0  0  0  58
485  58  0  0  0  0  58
486  59  0  0  0  0  59
487  60  0  0  0  0  60
488  61  0  0  0  0  61
489  61  0  0  0  0  61
490  61  0  0  0  0  61
491  61  0  0  0  0  61
492  62  0  0  0  0  62
493  62  0  0  0  0  62
494  62  0  0  0  0  62
495  62  0  0  0  0  62
496  62  0  1  0  0  63
497  63  0  0  0  0  63
498  63  0  0  0  0  63
499  63  0  0  0  0  63
500  62  0  0  0  0  62
501  62  0  0  0  0  62
502  61  0  0  0  0  61
503  61  0  0  0  0  61
504  0  0  60  0  0  60
505  63  0  0  0  0  63
506  64  0  0  0  0  64
507  65  0  0  0  0  65
508  65  0  0  0  0  65
509  66  0  0  0  0  66
510  67  0  0  0  0  67
511  67  0  0  0  0  67
512  67  0  0  0  0  67
513  67  0  0  0  0  67
514  67  0  0  0  0  67
515  66  0  0  0  0  66
516  66  0  0  0  0  66
517  1  0  64  0  0  65
518  65  0  0  0  0  65
519  1  64  0  0  0  65
520  71  0  0  0  0  71
521  70  0  0  0  0  70
522  70  0  0  0  0  70
523  70  0  0  0  0  70
524  70  0  0  0  0  70
525  70  0  0  0  0  70
526  70  0  0  0  0  70
527  70  0  0  0  0  70
528  70  0  0  0  0  70
529  70  0  0  0  0  70
530  70  0  0  0  0  70
531  71  0  0  0  0  71
532  71  0  0  0  0  71
533  71  0  0  0  0  71
534  70  0  0  0  0  70
535  71  0  0  0  0  71
536  71  0  0  0  0  71
537  71  0  0  0  0  71
538  70  0  0  0  1  71
539  70  0  0  0  0  70
540  70  0  0  0  0  70
541  70  0  0  0  0  70
542  72  0  0  0  0  72
543  71  0  0  0  0  71
544  70  0  0  0  0  70
545  72  0  0  0  0  72
546  72  0  0  0  0  72
547  71  0  0  0  0  71
548  71  0  0  0  0  71
549  71  0  0  0  0  71
550  70  0  0  0  0  70
551  0  0  66  0  0  66
552  67  0  0  0  0  67
553  68  0  0  0  0  68
554  67  0  0  0  1  68
555  68  0  0  0  0  68
556  68  0  0  0  0  68
557  67  0  0  0  0  67
558  65  0  0  0  0  65
559  65  0  0  0  0  65
560  63  0  1  0  0  64
561  64  0  0  0  0  64
562  45  0  0  16  0  61
563  61  0  0  0  0  61
564  45  16  0  0  0  61
565  61  0  0  0  0  61
566  45  0  0  16  0  61
567  64  0  0  0  0  64
568  62  0  0  2  0  64
569  62  1  0  0  0  63
570  63  0  0  0  0  63
571  40  23  0  0  0  63
572  65  0  0  0  0  65
573  66  0  0  0  0  66
574  66  0  0  0  0  66
575  64  0  0  0  0  64
576  64  0  0  0  0  64
577  0  0  64  0  0  64
578  67  0  0  0  0  67
579  66  0  0  2  0  68
580  69  0  0  0  0  69
581  69  0  0  0  0  69
582  69  0  0  0  0  69
583  68  0  0  0  0  68
584  67  0  0  0  0  67
585  67  0  0  0  0  67
586  65  0  0  0  0  65
587  65  0  0  0  0  65
588  65  0  0  0  0  65
589  65  0  0  0  0  65
590  65  0  0  0  0  65
591  67  0  0  0  0  67
592  67  0  0  0  0  67
593  67  0  0  0  0  67
594  67  0  0  0  0  67
595  67  0  0  0  0  67
596  67  0  0  0  0  67
597  68  0  0  0  0  68
598  68  0  0  0  0  68
599  68  0  0  0  0  68
600  67  0  1  0  0  68
601  68  0  0  0  0  68
602  67  0  0  0  0  67
603  66  0  0  0  0  66
604  66  0  0  0  0  66
605  66  0  0  0  0  66
606  65  0  0  0  0  65
607  0  53  0  0  0  53
608  0  0  0  53  0  53
609  53  0  0  0  0  53
610  53  0  0  0  0  53
611  53  0  0  0  0  53
612  53  0  0  0  0  53
613  0  53  0  0  0  53
614  0  53  0  0  0  53
615  63  0  0  0  0  63
616  63  0  0  0  0  63
617  64  0  0  0  0  64
618  64  0  0  0  0  64
619  63  0  0  1  0  64
620  64  0  0  0  0  64
621  64  0  0  0  0  64
622  64  0  0  0  0  64
623  63  0  0  0  0  63
624  62  0  0  0  0  62
625  62  0  0  0  0  62
626  62  0  0  0  0  62
627  61  0  0  0  0  61
628  60  0  0  0  0  60
629  60  0  0  0  0  60
630  59  0  0  0  0  59
631  58  0  0  0  0  58
632  57  0  0  0  0  57
633  56  0  0  0  0  56
634  56  0  0  0  0  56
635  56  0  0  0  0  56
636  56  0  0  0  0  56
637  56  0  0  0  0  56
638  56  0  0  0  0  56
639  55  0  0  0  0  55
640  55  0  0  0  0  55
641  0  0  50  0  0  50
642  50  0  0  0  0  50
643  50  0  0  0  0  50
644  0  50  0  0  0  50
645  52  0  0  0  0  52
646  52  0  0  0  0  52
647  52  0  0  0  0  52
648  52  0  0  0  0  52
649  51  0  0  0  0  51
650  51  0  0  0  0  51
651  51  0  0  0  0  51
652  51  0  0  0  0  51
653  50  0  0  0  0  50
654  1  46  0  0  0  47
655  47  0  0  0  0  47
656  47  0  0  0  0  47
657  46  0  0  0  1  47
658  45  0  0  0  0  45
659  44  0  0  0  0  44
660  0  0  40  0  0  40
661  40  0  0  0  0  40
662  0  0  0  40  0  40
663  40  0  0  0  0  40
664  40  0  0  0  0  40
665  40  0  0  0  0  40
666  40  0  0  0  0  40
667  40  0  0  0  0  40
668  40  0  0  0  0  40
669  40  0  0  0  0  40
670  0  40  0  0  0  40
671  40  0  0  0  0  40
672  40  0  0  0  0  40
673  40  0  0  0  0  40
674  40  0  0  0  0  40
675  39  0  1  0  0  40
676  40  0  0  0  0  40
677  40  0  0  0  0  40
678  39  0  0  0  0  39
679  39  0  0  0  0  39
680  39  0  0  0  0  39
681  38  0  0  0  0  38
682  38  0  0  0  0  38
683  38  0  0  0  0  38
684  37  0  0  0  1  38
685  38  0  0  0  0  38
686  38  0  0  0  0  38
687  38  0  0  0  0  38
688  37  0  0  0  0  37
689  36  0  0  0  0  36
690  36  0  0  0  0  36
691  34  0  0  0  0  34
692  0  33  0  0  0  33
693  33  0  0  0  0  33
694  33  0  0  0  0  33
695  33  0  0  0  0  33
696  33  0  0  0  0  33
697  33  0  0  0  0  33
698  33  0  0  0  0  33
699  33  0  0  0  0  33
700  32  0  0  0  0  32
701  31  0  0  0  0  31
702  31  0  0  0  0  31
703  30  0  0  0  0  30
704  30  0  0  0  0  30
705  26  0  1  0  0  27
706  26  0  0  1  0  27
707  27  0  0  0  0  27
708  27  0  0  0  0  27
709  26  0  0  0  0  26
710  23  0  0  0  0  23
711  23  0  0  0  0  23
712  1  0  0  0  22  23
713  1  0  22  0  0  23
714  1  0  22  0  0  23
715  23  0  0  0  0  23
716  23  0  0  0  0  23
717  23  0  0  0  0  23
718  23  0  0  0  0  23
719  23  0  0  0  0  23
720  23  0  0  0  0  23
721  23  0  0  0  0  23
722  23  0  0  0  0  23
723  23  0  0  0  0  23
724  23  0  0  0  0  23
725  23  0  0  0  0  23
726  21  0  0  0  0  21
727  21  0  0  0  0  21
728  19  0  0  0  0  19
729  19  0  0  0  0  19
730  19  0  0  0  0  19
731  16  0  0  0  0  16
732  16  0  0  0  0  16
733  16  0  0  0  0  16
734  16  0  0  0  0  16
735  16  0  0  0  0  16
736  16  0  0  0  0  16
737  16  0  0  0  0  16
738  16  0  0  0  0  16
739  16  0  0  0  0  16
740  16  0  0  0  0  16
741  15  0  0  0  0  15
742  0  0  0  14  0  14
743  14  0  0  0  0  14
744  14  0  0  0  0  14
745  14  0  0  0  0  14
746  14  0  0  0  0  14
747  14  0  0  0  0  14
748  14  0  0  0  0  14
749  13  0  0  0  0  13
750  13  0  0  0  0  13
751  11  0  0  0  0  11
752  11  0  0  0  0  11
753  11  0  0  0  0  11
754  11  0  0  0  0  11
755  0  0  5  0  0  5
756  0  0  5  0  0  5
757  5  0  0  0  0  5
758  5  0  0  0  0  5
759  5  0  0  0  0  5
760  5  0  0  0  0  5
761  5  0  0  0  0  5
762  5  0  0  0  0  5
763  5  0  0  0  0  5
764  4  0  0  0  0  4
765  0  0  2  0  0  2
766  0  2  0  0  0  2
767  2  0  0  0  0  2
768  2  0  0  0  0  2
769  2  0  0  0  0  2
770  2  0  0  0  0  2
771  2  0  0  0  0  2
772  2  0  0  0  0  2
773  2  0  0  0  0  2
774  0  0  0  0  2  2
775  2  0  0  0  0  2
776  2  0  0  0  0  2
777  2  0  0  0  0  2
778  2  0  0  0  0  2
779  2  0  0  0  0  2
780  2  0  0  0  0  2
781  2  0  0  0  0  2
782  2  0  0  0  0  2
783  2  0  0  0  0  2
784  2  0  0  0  0  2
785  2  0  0  0  0  2
786  2  0  0  0  0  2
787  2  0  0  0  0  2
788  0  0  0  0  0  0
789  0  0  0  0  0  0
790  0  0  0  0  0  0
791  0  0  0  0  0  0
792  0  0  0  0  0  0
793  0  0  0  0  0  0
794  0  0  0  0  0  0
795  0  0  0  0  0  0
796  0  0  0  0  0  0
797  0  0  0  0  0  0
798  0  0  0  0  0  0
799  0  0  0  0  0  0
800  0  0  0  0  0  0
801  0  0  0  0  0  0
802  0  0  0  0  0  0
803  0  0  0  0  0  0
804  0  0  0  0  0  0
805  0  0  0  0  0  0
806  0  0  0  0  0  0
807  0  0  0  0  0  0
808  0  0  0  0  0  0
809  0  0  0  0  0  0
810  0  0  0  0  0  0
811  0  0  0  0  0  0
812  0  0  0  0  0  0
813  0  0  0  0  0  0
814  0  0  0  0  0  0
815  0  0  0  0  0  0
816  0  0  0  0  0  0
817  0  0  0  0  0  0
818  0  0  0  0  0  0
819  0  0  0  0  0  0
820  0  0  0  0  0  0
821  0  0  0  0  0  0
822  0  0  0  0  0  0
823  0  0  0  0  0  0
824  0  0  0  0  0  0
