Position	CountMatch	CountA	CountT	CountG	CountC	Depth
1  3713  0  0  0  0  3705
2  4026  0  0  0  0  4026
3  5727  17  15  0  0  5748
4  6174  0  333  102  18  6624
5  6359  483  114  0  97  7051
6  7274  59  86  18  0  7435
7  7395  0  115  47  24  7581
8  7344  220  186  43  0  7793
9  7563  0  29  449  29  8070
10  7560  459  131  183  0  8333
11  8309  0  58  26  44  8437
12  7670  129  694  30  0  8523
13  7611  913  138  0  41  8703
14  7982  739  46  0  66  8834
15  8793  77  0  22  38  8930
16  8060  240  523  143  0  8966
17  7670  1128  133  0  96  9027
18  3713  5317  44  0  13  9087
19  9269  0  30  46  55  9400
20  8311  131  930  82  0  9453
21  8116  952  473  0  37  9578
22  9185  0  114  384  22  9705
23  9003  207  522  28  0  9760
24  8919  711  128  0  26  9784
25  9751  10  0  8  45  9814
26  9172  84  543  40  0  9839
27  8656  945  159  0  80  9840
28  9165  508  126  0  41  9840
29  9546  153  70  0  50  9819
30  9292  91  378  49  0  9810
31  8952  686  92  0  60  9790
32  9683  57  0  16  22  9778
33  9597  60  89  0  21  9767
34  9287  386  49  0  25  9747
35  9312  245  107  50  0  9714
36  9587  0  45  35  11  9678
37  9556  59  0  18  27  9660
38  9115  170  265  0  40  9590
39  6918  2301  123  45  0  9387
40  8875  132  280  57  0  9344
41  9145  0  27  78  25  9275
42  9041  53  0  101  37  9232
43  8784  130  168  15  0  9097
44  8686  0  20  61  30  8797
45  5755  95  0  55  2423  8328
46  6942  557  480  199  0  8178
47  7009  512  321  0  30  7872
48  7658  31  58  11  0  7758
49  7305  27  63  16  0  7411
50  3660  123  2643  42  0  6468
51  6306  11  0  0  6  6323
52  6139  5  0  1  0  6145
53  5610  0  0  0  0  5610
