Position	CountMatch	CountA	CountT	CountG	CountC	Depth
1  2763  0  0  0  0  2663
2  2752  0  0  0  0  2751
3  2738  18  0  6  106  2867
4  7027  11  0  0  15  6971
5  7134  15  50  8  0  7205
6  6855  409  88  8  0  7358
7  7993  0  26  25  30  8072
8  8169  0  29  10  13  8220
9  8249  0  31  23  9  8312
10  7896  67  0  363  33  8360
11  7639  626  205  0  25  8496
12  8350  109  50  0  33  8542
13  8264  144  133  0  34  8575
14  3797  180  0  59  4563  8599
15  8306  105  370  79  0  8859
16  8119  838  116  0  18  9076
17  8072  542  619  0  34  9267
18  9320  0  33  48  31  9433
19  7605  1600  239  75  0  9519
20  9943  0  76  534  30  10583
21  9893  0  122  691  20  10726
22  9837  479  713  0  30  11059
23  10548  331  322  32  0  11234
24  10443  157  713  101  0  11414
25  10688  528  271  0  174  11661
26  11565  64  0  51  98  11779
27  11665  133  183  0  21  12002
28  12048  0  40  47  10  12145
29  11431  64  0  640  71  12206
30  11861  251  268  0  30  12410
31  11984  196  315  0  46  12541
32  11620  828  165  46  0  12659
33  11698  830  191  88  0  12807
34  12772  0  87  35  67  12960
35  12773  0  69  96  91  13028
36  12303  193  578  88  0  13161
37  12135  159  879  46  0  13215
38  12040  781  320  0  125  13266
39  11753  174  0  1286  70  13283
40  13431  0  97  32  60  13620
41  13415  114  0  39  120  13688
42  13245  243  238  0  64  13790
43  13500  126  184  61  0  13871
44  13660  0  74  107  47  13888
45  13549  239  0  20  121  13929
46  13446  0  302  44  74  13866
47  12694  344  682  0  197  13917
48  13720  0  84  139  59  14002
49  12638  1013  257  155  0  14063
50  13935  0  49  92  27  14103
51  13673  0  160  71  83  13987
52  13068  199  396  0  346  14009
53  13654  212  163  0  77  14106
54  13640  106  0  127  54  13927
55  13309  304  208  88  0  13909
56  13608  175  0  48  53  13884
57  13739  128  0  35  75  13977
58  13322  263  252  0  88  13925
59  13460  0  90  136  39  13725
60  11192  1031  1305  160  0  13688
61  12153  1388  185  0  29  13755
62  13107  502  164  0  32  13805
63  13580  0  82  72  29  13760
64  12226  159  1396  43  0  13824
65  12920  616  241  0  95  13872
66  13623  141  0  24  89  13877
67  13536  113  272  61  0  13982
68  13201  231  426  94  0  13952
69  13620  0  114  72  73  13879
70  11931  351  1448  106  0  13835
71  9890  3640  162  0  88  13780
72  13758  0  86  104  43  13990
73  13698  0  211  71  36  14017
74  11100  0  406  85  2351  13942
75  13629  0  319  80  89  14117
76  12297  0  606  66  1136  14106
77  13381  0  601  129  60  14171
78  13129  964  0  140  24  14257
79  14040  209  0  37  29  14315
80  14104  134  0  33  48  14319
81  12874  366  1005  0  62  14307
82  13869  288  175  0  45  14378
83  13668  354  311  29  0  14362
84  14120  0  149  66  55  14390
85  14198  121  0  40  44  14403
86  14301  86  0  16  20  14423
87  14321  83  0  12  29  14445
88  14279  61  0  29  69  14437
89  14130  93  0  92  81  14396
90  13064  396  797  0  81  14338
91  14096  0  97  46  36  14275
92  13285  159  803  56  0  14303
93  12624  1343  234  0  56  14258
94  13966  123  0  47  98  14233
95  12860  133  1192  30  0  14215
96  12715  1196  233  0  92  14236
97  12573  1350  258  0  74  14255
98  14248  0  57  41  23  14368
99  14103  0  184  66  23  14377
100  14246  56  0  27  47  14375
101  13267  220  719  122  0  14328
102  11397  285  2548  71  0  14300
103  13071  805  259  0  261  14395
104  13645  658  144  0  43  14490
105  14432  0  78  82  10  14602
106  14509  40  0  16  59  14624
107  14138  337  186  16  0  14676
108  14381  0  140  59  66  14645
109  13926  187  541  70  0  14724
110  14235  134  364  15  0  14749
111  13953  409  377  59  0  14799
112  14449  0  204  225  67  14942
113  14767  0  167  76  40  15048
114  14880  0  147  38  31  15093
115  14928  0  144  33  27  15130
116  14923  0  94  35  75  15125
117  14746  0  196  80  62  15079
118  14607  285  0  108  80  15075
119  13721  604  439  0  312  15062
120  14520  346  134  0  50  15045
121  14755  127  0  62  52  14992
122  11811  237  2889  0  29  14960
123  14782  131  0  27  103  15033
124  14265  389  306  0  126  15074
125  14383  137  453  97  0  15064
126  14004  740  0  48  227  15013
127  14890  0  90  180  17  15154
128  14905  92  0  44  129  15164
129  14304  0  514  237  45  15095
130  14753  209  77  0  93  15121
131  14630  329  148  70  0  15171
132  14804  0  154  86  37  15077
133  14513  180  371  50  0  15109
134  14796  0  103  67  67  15025
135  13863  175  871  97  0  15004
136  13835  1083  93  0  45  15044
137  15016  0  44  51  38  15144
138  15058  0  44  30  11  15137
139  14939  0  128  13  24  15103
140  14899  0  67  38  18  15019
141  14781  107  0  23  43  14954
142  13907  201  704  28  0  14835
143  11637  2906  94  0  29  14664
144  14426  94  0  29  66  14614
145  13442  140  964  69  0  14611
146  13214  988  249  0  128  14576
147  14453  0  96  12  13  14569
148  14421  0  39  34  11  14501
149  14230  0  119  38  23  14408
150  14084  95  0  52  106  14337
151  13236  664  252  0  36  14186
152  13576  0  136  204  26  13942
153  13448  253  120  0  50  13869
154  13227  421  107  0  45  13798
155  4657  207  462  0  8111  13437
156  12662  474  156  0  72  13364
157  13074  83  0  40  77  13274
158  12998  0  111  52  25  13186
159  12850  83  0  43  125  13101
160  12572  208  114  0  45  12939
161  12459  100  168  43  0  12770
162  12203  96  0  199  97  12595
163  11731  171  462  40  0  12404
164  11292  661  178  0  66  12197
165  11518  109  340  63  0  12030
166  11795  57  0  9  35  11896
167  11536  143  0  7  53  11739
168  10734  79  630  59  0  11502
169  10391  650  168  0  80  11289
170  10471  469  135  0  46  11121
171  10299  461  141  0  59  10960
172  10357  223  99  0  30  10709
173  9900  373  197  38  0  10508
174  10246  83  0  15  27  10371
175  9399  64  654  28  0  10145
176  9244  384  113  0  58  9799
177  9475  33  0  85  64  9657
178  9509  36  0  4  9  9558
179  9328  7  0  14  8  9357
180  8632  3  19  0  3  8657
181  8253  0  0  0  0  8253
182  0  0  0  0  0  0
183  0  0  0  0  0  0
