Position	CountMatch	CountA	CountT	CountG	CountC	Depth
1  3725  0  0  0  0  3583
2  3656  0  0  0  0  3656
3  3683  20  0  3  98  3802
4  7916  7  0  3  23  7880
5  8019  18  48  8  0  8093
6  7633  496  109  10  0  8245
7  8783  0  69  45  21  8911
8  9019  0  33  16  7  9075
9  9080  0  45  15  12  9151
10  8847  78  0  266  24  9215
11  8574  613  179  0  25  9391
12  9217  152  72  0  16  9457
13  9204  106  167  0  30  9507
14  5065  241  0  74  4159  9539
15  9315  134  347  59  0  9853
16  8928  891  144  0  31  9994
17  8547  598  901  0  36  10082
18  10244  0  43  38  19  10344
19  7788  2387  185  76  0  10436
20  10633  0  99  652  24  11408
21  10591  0  137  844  9  11579
22  10455  468  985  0  45  11953
23  11445  400  250  43  0  12137
24  11208  109  894  97  0  12308
25  11752  478  282  0  61  12573
26  12572  33  0  73  38  12716
27  12482  191  212  0  32  12917
28  13007  0  29  23  18  13077
29  12224  97  0  758  77  13154
30  12827  255  255  0  17  13354
31  12873  191  384  0  35  13483
32  12364  986  154  98  0  13602
33  12709  784  199  85  0  13777
34  13771  0  108  34  42  13955
35  13728  0  108  114  86  14035
36  13243  181  673  47  0  14144
37  13143  145  877  42  0  14205
38  12813  983  291  0  148  14235
39  12540  164  0  1510  74  14288
40  14405  0  84  38  71  14598
41  14470  67  0  25  92  14654
42  14290  224  219  0  47  14780
43  14317  226  233  51  0  14827
44  14575  0  62  123  34  14794
45  14423  212  0  31  150  14816
46  14251  0  338  59  59  14707
47  13580  293  756  0  131  14760
48  14557  0  50  164  83  14854
49  13328  1130  276  166  0  14900
50  14765  0  71  78  25  14939
51  14557  0  175  78  26  14836
52  13606  206  464  0  568  14845
53  14492  207  191  0  57  14947
54  14491  124  0  121  76  14812
55  14218  302  203  87  0  14809
56  14487  181  0  25  90  14783
57  14655  137  0  39  74  14905
58  14106  317  306  0  131  14860
59  14402  0  104  146  28  14680
60  12459  912  1160  118  0  14649
61  12772  1648  192  0  50  14662
62  13845  631  209  0  44  14729
63  14480  0  70  100  21  14672
64  12740  150  1781  56  0  14728
65  13873  609  284  0  50  14817
66  14574  112  0  24  76  14787
67  14415  99  340  72  0  14927
68  14205  172  466  92  0  14934
69  14585  0  134  65  82  14866
70  12823  335  1556  114  0  14828
71  10562  3848  301  0  79  14790
72  14663  0  147  114  65  14988
73  14745  0  200  37  39  15022
74  11945  0  336  27  2660  14968
75  14656  0  352  51  98  15158
76  13389  0  779  73  903  15145
77  14191  0  853  95  63  15201
78  14146  1023  0  77  40  15285
79  15041  211  0  68  26  15345
80  15104  171  0  28  57  15360
81  13769  463  1095  0  47  15374
82  14831  345  209  0  34  15418
83  14706  314  366  33  0  15419
84  15025  0  270  25  93  15413
85  15219  105  0  53  63  15440
86  15351  80  0  15  21  15468
87  15307  121  0  47  18  15493
88  15301  71  0  23  77  15472
89  15201  99  0  52  76  15428
90  14219  421  648  0  63  15351
91  15124  0  87  61  21  15293
92  14192  182  899  42  0  15315
93  13525  1175  519  0  40  15259
94  14676  144  0  45  362  15226
95  13802  137  1245  30  0  15214
96  13498  1450  191  0  59  15197
97  13457  1374  271  0  110  15212
98  15183  0  118  40  31  15372
99  15153  0  153  68  14  15387
100  15227  59  0  23  37  15346
101  14171  271  827  70  0  15339
102  11975  291  2963  71  0  15300
103  13859  876  290  0  360  15385
104  14509  696  218  0  52  15475
105  15410  0  95  53  11  15569
106  15451  67  0  14  53  15585
107  14995  359  268  27  0  15649
108  15391  0  99  42  85  15617
109  14963  208  523  39  0  15733
110  15232  166  348  26  0  15772
111  15029  331  404  69  0  15833
112  15471  0  189  223  82  15965
113  15809  0  105  57  29  16000
114  15751  0  175  47  27  15999
115  15850  0  87  65  11  16013
116  15745  0  135  57  32  15967
117  15527  0  211  71  50  15857
118  15340  288  0  134  55  15815
119  14365  644  472  0  343  15820
120  15304  308  149  0  27  15782
121  15438  118  0  54  64  15671
122  12462  176  2936  0  60  15626
123  15432  123  0  43  68  15661
124  14980  285  338  0  110  15704
125  14874  155  527  101  0  15652
126  14151  1175  0  64  172  15556
127  15495  0  105  148  27  15752
128  15369  103  0  80  134  15683
129  14926  0  480  150  74  15619
130  15231  205  136  0  112  15679
131  15214  283  154  82  0  15730
132  15402  0  141  77  44  15659
133  15272  155  278  62  0  15762
134  15435  0  92  59  76  15658
135  14492  171  912  101  0  15673
136  14411  1121  111  0  67  15702
137  15696  0  41  45  35  15809
138  15748  0  53  20  13  15832
139  15595  0  172  25  11  15801
140  15671  0  64  22  8  15765
141  15562  62  0  48  33  15703
142  14779  142  713  23  0  15655
143  12062  3294  97  0  33  15482
144  15313  77  0  24  65  15480
145  14146  118  1123  89  0  15475
146  14013  1150  216  0  98  15472
147  15373  0  60  24  24  15481
148  15330  0  41  18  30  15418
149  15096  0  122  56  44  15318
150  15029  77  0  41  100  15247
151  14081  722  248  0  36  15086
152  14551  0  99  201  16  14867
153  14438  236  81  0  36  14791
154  14307  286  78  0  52  14722
155  5262  217  438  0  8401  14319
156  13510  402  245  0  77  14234
157  13931  94  0  34  82  14141
158  13891  0  84  58  18  14051
159  13755  81  0  29  93  13958
160  13453  151  142  0  35  13781
161  13341  98  140  49  0  13628
162  13068  115  0  198  57  13438
163  12591  141  494  41  0  13267
164  11961  825  239  0  57  13082
165  12530  98  219  47  0  12894
166  12595  71  0  14  40  12720
167  12348  161  0  16  51  12576
168  11441  86  732  71  0  12330
169  11113  801  133  0  37  12084
170  11400  403  89  0  44  11936
171  11178  371  172  0  42  11763
172  11240  229  90  0  18  11577
173  10762  431  146  42  0  11381
174  11118  81  0  7  21  11227
175  10174  54  759  22  0  11009
176  10132  355  106  0  47  10640
177  10338  44  0  67  36  10485
178  10339  25  0  9  26  10399
179  10102  15  0  10  11  10138
180  9387  8  11  0  4  9410
181  8993  0  0  0  0  8993
182  0  0  0  0  0  0
183  0  0  0  0  0  0
