Position	CountMatch	CountA	CountT	CountG	CountC	Depth
1  1782  0  0  0  0  1780
2  1805  0  0  0  0  1805
3  1812  0  1  2  1  1816
4  1828  2  0  0  0  1830
5  1838  1  0  0  0  1840
6  1896  0  1  1  0  1898
7  1914  1  0  1  2  1918
8  1941  0  2  0  0  1943
9  1960  6  2  0  0  1968
10  1982  2  0  3  0  1987
11  2016  0  1  2  0  2019
12  2046  0  3  2  2  2053
13  2055  1  0  3  1  2060
14  2066  0  0  4  0  2070
15  2078  0  2  1  4  2085
16  2099  0  1  0  2  2102
17  2122  3  3  0  0  2128
18  2131  1  0  1  1  2134
19  2151  0  0  3  1  2155
20  2186  1  4  0  0  2191
21  2234  6  1  0  0  2241
22  2263  0  0  0  2  2265
23  2301  1  0  3  3  2308
24  2339  0  1  1  2  2343
25  2367  1  0  0  0  2368
26  2389  0  1  0  3  2393
27  2404  0  0  7  6  2417
28  2444  0  0  0  3  2447
29  2446  14  0  2  1  2463
30  2454  15  0  4  0  2473
31  2477  1  0  3  2  2483
32  2501  1  0  1  1  2504
33  2493  2  0  2  0  2497
34  2474  0  6  2  4  2486
35  2476  0  0  0  0  2476
36  2439  0  4  1  2  2446
37  2446  0  3  1  3  2454
38  2453  2  8  0  1  2464
39  2449  2  2  1  0  2454
40  2423  0  2  0  1  2426
41  2422  0  0  6  0  2428
42  2435  0  1  0  0  2436
43  2444  3  0  1  1  2449
44  2451  13  8  0  1  2473
45  2487  0  3  0  0  2490
46  2478  3  0  4  2  2487
47  2515  0  2  3  3  2521
48  2524  2  0  1  1  2527
49  2518  0  2  2  3  2524
50  2521  3  0  4  1  2529
51  2503  3  0  5  0  2511
52  2514  0  3  4  4  2525
53  2518  4  0  4  3  2529
54  2529  1  0  3  1  2534
55  2559  3  3  0  2  2567
56  2545  6  4  0  0  2555
57  2527  0  2  2  10  2541
58  2540  1  0  4  0  2545
59  2539  0  4  3  1  2547
60  2540  0  1  2  1  2544
61  2538  0  4  0  4  2546
62  2514  36  0  1  1  2552
63  2547  0  1  1  2  2551
64  2545  2  0  4  2  2553
65  2562  0  2  1  2  2567
66  2578  0  7  1  3  2589
67  2579  2  0  2  3  2586
68  2544  0  2  48  5  2599
69  2608  0  1  1  1  2611
70  2611  2  0  1  1  2616
71  2620  3  0  3  2  2628
72  2629  2  0  1  3  2635
73  2633  3  0  1  2  2639
74  2644  0  0  1  0  2645
75  2635  0  6  1  2  2644
76  2635  1  0  1  1  2638
77  2628  2  0  2  2  2634
78  2685  2  2  1  0  2689
79  2689  0  3  1  1  2694
80  2695  3  0  3  1  2702
81  2691  0  3  4  3  2701
82  2679  0  2  0  2  2683
83  2680  2  0  4  2  2688
84  2681  0  5  0  1  2687
85  2705  3  0  2  1  2711
86  2716  2  0  2  1  2721
87  2752  0  3  0  2  2757
88  2770  0  4  1  2  2778
89  2765  0  2  1  7  2775
90  2794  0  3  2  2  2801
91  2776  0  0  1  5  2782
92  2781  0  2  3  2  2788
93  2736  3  0  46  2  2787
94  2792  0  1  1  5  2799
95  2794  0  4  2  5  2805
96  2800  0  2  4  3  2809
97  2805  8  0  3  0  2816
98  2834  2  9  0  2  2847
99  2813  0  1  3  0  2817
100  2828  0  2  3  2  2835
101  2836  0  7  3  4  2850
102  2847  0  2  3  4  2856
103  2846  0  4  1  2  2853
104  2851  8  2  3  0  2865
105  2839  0  1  1  5  2846
106  2840  0  0  3  4  2847
107  2844  2  0  2  4  2852
108  2848  0  1  1  1  2851
109  2831  6  0  4  0  2841
110  2848  1  9  3  0  2861
111  2855  0  0  3  14  2872
112  2901  6  2  0  0  2909
113  2913  0  3  4  2  2922
114  2927  2  2  0  0  2931
115  2921  0  4  1  4  2931
116  2921  5  0  3  2  2931
117  2912  8  0  7  4  2931
118  2907  2  0  2  22  2933
119  2924  24  7  0  0  2955
120  2938  0  5  1  5  2949
121  2955  0  1  4  4  2964
122  2947  8  0  3  3  2961
123  2980  3  3  0  3  2989
124  2996  3  0  3  1  3003
125  3018  2  4  0  2  3026
126  3005  0  1  5  7  3018
127  3009  0  0  9  2  3020
128  2991  0  1  6  5  3004
129  3003  0  2  2  2  3009
130  2984  0  5  2  6  2997
131  3000  5  0  1  0  3006
132  3001  3  1  0  0  3005
133  2989  0  3  6  5  3003
134  2989  0  1  4  8  3002
135  3000  2  12  0  0  3014
136  2959  0  3  27  0  2990
137  3026  1  5  0  0  3032
138  3030  0  3  3  7  3043
139  3036  0  5  1  5  3047
140  3042  0  4  2  0  3048
141  3039  4  0  3  4  3050
142  3044  0  2  4  7  3057
143  3063  2  0  3  1  3070
144  3062  3  0  4  5  3074
145  3067  10  0  1  5  3083
146  3070  5  0  2  2  3079
147  3072  6  3  2  0  3083
148  3058  1  0  5  4  3066
149  3087  3  0  6  2  3098
150  3114  1  0  4  2  3121
151  3109  1  0  3  4  3117
152  3092  8  0  0  0  3100
153  3124  5  1  1  0  3131
154  3084  0  5  1  4  3094
155  3090  0  1  0  7  3098
156  3081  2  0  2  3  3088
157  3075  7  3  1  0  3086
158  3057  0  5  1  5  3068
159  3034  0  5  8  3  3050
160  3037  0  1  4  2  3045
161  3019  1  0  4  4  3028
162  3001  0  1  6  2  3010
163  3007  0  1  3  2  3013
164  2993  2  0  4  1  3000
165  2996  0  3  3  6  3008
166  3027  3  2  2  0  3034
167  3004  0  0  2  2  3008
168  3020  2  4  0  2  3028
169  2946  0  4  3  6  2959
170  2959  2  9  0  1  2971
171  2962  0  5  1  2  2970
172  2942  0  0  6  4  2953
173  2928  0  1  2  6  2937
174  2923  3  0  2  2  2930
175  2949  3  3  0  3  2958
176  2940  6  0  2  5  2953
177  2946  5  3  1  0  2955
178  2927  3  0  4  0  2934
179  2926  0  3  5  3  2937
180  2932  3  2  0  2  2939
181  2928  5  2  2  0  2937
182  2932  0  1  0  3  2936
183  2939  2  0  2  3  2946
184  2957  0  2  7  3  2969
185  2976  0  2  2  2  2982
186  2982  0  1  1  3  2987
187  2989  0  1  0  2  2992
188  2982  0  4  6  2  2994
189  2978  0  4  4  9  2996
190  2988  5  0  2  4  2999
191  2965  6  0  5  3  2979
192  3002  4  5  0  1  3012
193  2968  0  6  1  5  2980
194  2953  0  6  2  4  2965
195  2954  0  0  3  4  2961
196  2938  2  0  6  1  2947
197  2924  0  3  5  12  2944
198  2939  2  0  3  2  2946
199  2934  2  0  4  3  2943
200  2923  3  0  1  2  2929
201  2903  4  0  2  2  2911
202  2904  1  0  4  2  2911
203  2899  9  8  4  0  2920
204  2877  0  4  3  6  2890
205  2876  0  0  8  3  2887
206  2885  11  1  0  0  2897
207  2880  3  0  5  4  2892
208  2891  0  8  1  4  2904
209  2914  5  5  0  3  2927
210  2909  0  6  6  4  2925
211  2899  0  1  8  7  2915
212  2886  7  0  4  4  2901
213  2886  2  0  8  4  2900
214  2903  3  3  0  0  2909
215  2872  4  0  2  6  2884
216  2891  8  2  2  0  2903
217  2884  5  0  6  2  2897
218  2905  1  1  1  0  2909
219  2888  3  0  5  2  2898
220  2893  2  0  2  1  2898
221  2873  0  3  3  3  2882
222  2875  4  0  1  1  2881
223  2867  1  0  3  0  2871
224  2874  0  3  3  0  2880
225  2892  0  4  0  4  2900
226  2896  1  0  7  4  2908
227  2913  4  4  0  0  2921
228  2873  0  2  3  8  2886
229  2878  6  0  6  6  2896
230  2874  6  0  7  2  2889
231  2908  6  6  5  0  2925
232  2946  4  4  0  1  2955
233  2955  4  5  0  1  2965
234  2927  0  4  9  5  2945
235  2918  0  5  4  4  2931
236  2923  0  0  1  3  2928
237  2918  2  0  3  1  2924
238  2889  0  3  2  2  2896
239  2919  6  4  0  1  2930
240  2917  0  2  3  3  2925
241  2940  0  1  2  4  2948
242  2937  0  4  1  1  2943
243  2922  0  4  0  4  2930
244  2885  0  3  28  3  2919
245  2897  3  0  8  0  2908
246  2902  7  4  1  0  2914
247  2878  6  0  2  4  2890
248  2884  1  0  2  2  2889
249  2891  3  7  0  2  2903
250  2890  1  5  0  0  2896
251  2858  4  0  5  6  2873
252  2859  3  0  5  2  2869
253  2854  0  4  1  2  2861
254  2869  3  0  2  0  2875
255  2880  1  11  0  1  2893
256  2879  1  0  6  4  2890
257  2869  4  0  6  2  2881
258  2877  0  3  2  4  2886
259  2877  2  0  6  1  2886
260  2852  3  0  3  1  2860
261  2855  0  2  4  1  2862
262  2841  2  0  3  3  2850
263  2855  2  0  1  0  2858
264  2863  6  7  2  0  2878
265  2858  3  0  2  2  2865
266  2859  3  0  6  3  2871
267  2875  4  0  3  0  2882
268  2877  2  7  0  1  2887
269  2856  5  0  5  1  2867
270  2824  8  0  15  11  2858
271  2835  2  6  0  1  2844
272  2865  1  5  0  2  2873
273  2850  4  0  6  1  2862
274  2834  3  0  7  3  2847
275  2834  8  1  1  0  2844
276  2866  2  3  0  0  2871
277  2846  7  0  5  2  2860
278  2853  3  0  3  0  2859
279  2796  0  51  6  1  2855
280  2846  0  1  2  3  2852
281  2886  0  2  2  6  2896
282  2904  0  3  3  2  2912
283  2893  0  4  4  3  2904
284  2880  4  0  5  4  2893
285  2879  2  7  0  1  2890
286  2858  0  7  0  0  2865
287  2824  0  2  0  5  2831
288  2819  2  0  2  0  2823
289  2802  0  2  0  4  2808
290  2774  0  7  1  8  2790
291  2812  0  1  2  3  2818
292  2822  4  0  7  4  2837
293  2828  0  3  3  3  2837
294  2833  0  1  1  3  2838
295  2846  0  4  1  5  2856
296  2829  0  3  2  2  2836
297  2807  0  2  0  7  2816
298  2799  7  13  1  0  2820
299  2770  12  0  4  3  2789
300  2787  5  0  4  2  2798
301  2782  3  0  10  5  2800
302  2806  2  5  0  3  2816
303  2791  8  0  0  0  2799
304  2785  0  9  0  2  2796
305  2784  5  0  0  6  2795
306  2780  0  2  1  0  2783
307  2796  6  5  7  0  2815
308  2825  0  3  3  5  2836
309  2840  0  3  2  0  2845
310  2847  5  3  0  1  2856
311  2846  0  2  4  2  2854
312  2858  0  2  1  6  2867
313  2856  2  0  0  10  2868
314  2860  2  0  5  5  2872
315  2872  0  1  0  2  2875
316  2878  0  0  4  3  2885
317  2876  3  0  6  2  2887
318  2887  0  2  0  1  2890
319  2877  0  3  1  3  2884
320  2876  0  0  0  6  2882
321  2864  0  2  2  6  2874
322  2878  0  4  2  4  2888
323  2871  2  0  5  2  2880
324  2895  1  12  0  2  2908
325  2853  3  0  3  1  2860
326  2867  3  0  2  3  2875
327  2874  0  1  1  1  2877
328  2852  12  0  3  4  2871
329  2890  0  2  1  0  2893
330  2879  0  2  1  10  2892
331  2891  7  4  2  0  2904
332  2882  1  5  0  0  2888
333  2850  0  2  0  4  2856
334  2856  0  4  1  3  2863
335  2860  1  0  7  4  2872
336  2852  2  0  2  1  2857
337  2856  1  0  4  9  2870
338  2869  0  6  4  2  2881
339  2879  0  1  2  6  2888
340  2871  7  0  7  1  2886
341  2874  2  0  4  1  2881
342  2890  0  0  0  1  2891
343  2873  0  3  3  7  2887
344  2877  0  3  7  2  2889
345  2878  0  0  4  1  2883
346  2877  0  3  0  0  2880
347  2860  1  0  4  3  2868
348  2867  4  0  6  4  2881
349  2913  4  0  1  4  2922
350  2917  3  0  2  0  2921
351  2887  0  2  9  1  2899
352  2883  3  0  1  2  2889
353  2874  13  1  2  0  2890
354  2869  0  0  4  3  2876
355  2867  1  0  5  0  2873
356  2865  2  0  4  1  2872
357  2847  0  0  3  3  2853
358  2824  2  0  2  2  2830
359  2792  0  4  1  0  2797
360  2779  1  0  2  0  2782
361  2763  0  2  1  2  2768
362  2746  3  0  5  1  2755
363  2730  0  2  4  2  2738
364  2720  0  1  0  0  2721
365  2663  0  3  1  3  2670
366  2627  5  17  0  0  2649
367  2635  0  2  0  5  2642
368  2630  0  2  0  1  2633
369  2621  2  0  4  2  2629
370  2608  4  0  2  4  2618
371  2588  10  0  7  1  2606
372  2583  0  0  1  0  2584
373  2568  2  0  3  1  2574
374  2543  0  5  0  1  2549
375  2507  1  3  0  0  2511
376  2482  4  2  2  0  2490
377  2434  0  1  0  2  2437
378  2371  0  1  1  0  2373
379  2354  3  4  0  1  2362
380  2330  0  0  14  1  2345
381  2324  1  0  3  2  2330
382  2307  0  0  0  2  2309
383  2294  0  0  1  3  2298
384  2283  0  0  0  0  2283
385  2227  0  0  0  0  2227
