Position	CountMatch	CountA	CountT	CountG	CountC	Depth
1  0  0  0  0  0  0
2  0  0  0  0  0  0
3  34  0  0  0  0  34
4  34  0  0  0  0  34
5  34  0  0  0  0  34
6  34  0  0  0  0  34
7  34  0  0  0  0  34
8  34  0  0  0  0  34
9  34  0  0  0  0  34
10  35  0  0  0  0  35
11  36  0  0  0  0  36
12  36  0  1  0  0  37
13  38  0  0  0  0  38
14  38  0  0  0  0  38
15  38  0  0  0  0  38
16  38  0  0  0  0  38
17  38  0  0  0  0  38
18  38  0  0  0  0  38
19  35  0  3  0  0  38
20  38  0  0  0  0  38
21  23  2  13  0  0  38
22  30  0  8  0  0  38
23  38  0  0  0  0  38
24  38  0  0  0  0  38
25  38  0  0  0  0  38
26  39  0  0  0  0  39
27  39  0  0  0  0  39
28  39  0  0  0  0  39
29  23  0  16  0  0  39
30  36  3  0  0  0  39
31  40  0  0  0  0  40
32  38  1  0  0  0  39
33  42  0  1  0  0  43
34  41  0  0  3  0  44
35  44  0  0  0  0  44
36  44  0  0  0  0  44
37  44  0  0  0  0  44
38  25  13  0  2  0  40
39  39  0  0  0  0  39
40  35  4  0  0  0  39
41  25  0  0  13  0  38
42  34  0  4  0  0  38
43  38  1  0  0  0  39
44  38  0  0  0  0  38
45  37  1  0  0  0  38
46  38  0  0  0  0  38
47  1  0  0  0  34  35
48  38  0  0  0  0  38
49  38  0  0  0  0  38
50  36  0  3  0  0  39
51  37  0  0  0  0  37
52  37  0  0  0  0  37
53  2  34  0  0  0  36
54  35  0  0  0  3  38
55  41  0  0  0  0  41
56  41  0  0  0  0  41
57  42  0  0  0  0  42
58  42  0  0  0  0  42
59  44  0  0  0  0  44
60  43  0  0  0  0  43
61  43  0  0  0  0  43
62  43  0  0  0  0  43
63  42  0  0  0  0  42
64  41  0  0  0  0  41
65  9  0  0  0  31  40
66  47  0  0  0  0  47
67  47  0  0  0  0  47
68  48  0  0  0  0  48
69  41  0  0  0  9  50
70  49  1  0  0  0  50
71  46  6  0  0  0  52
72  50  0  0  0  0  50
73  50  0  0  0  0  50
74  49  0  0  0  0  49
75  49  0  0  0  0  49
76  49  0  0  0  0  49
77  12  37  0  0  0  49
78  50  1  0  0  0  51
79  51  0  0  0  0  51
80  14  38  0  0  0  52
81  54  0  0  0  0  54
82  55  0  0  0  0  55
83  63  0  0  0  0  63
84  51  11  0  0  0  62
85  62  0  0  0  0  62
86  16  0  0  0  46  62
87  71  0  0  0  0  71
88  71  0  0  0  0  71
89  77  0  0  0  0  77
90  78  0  0  0  1  79
91  85  0  0  0  0  85
92  87  0  0  0  0  87
93  88  0  0  0  0  88
94  88  0  0  0  0  88
95  93  0  0  0  0  93
96  92  0  2  0  0  94
97  79  0  0  0  14  93
98  81  1  13  0  2  97
99  99  0  0  0  0  99
100  99  0  0  0  0  99
101  100  0  0  0  0  100
102  103  0  0  0  0  103
103  105  0  0  0  0  105
104  107  0  0  0  0  107
105  104  5  0  0  0  109
106  110  0  0  0  0  110
107  110  0  0  0  0  110
108  111  0  0  0  0  111
109  114  0  0  0  0  114
110  114  1  0  0  0  115
111  105  10  0  0  0  115
112  114  0  0  1  1  116
113  119  0  0  0  0  119
114  119  0  0  0  0  119
115  122  0  0  0  0  122
116  124  0  0  0  0  124
117  126  0  0  0  0  126
118  130  0  0  0  0  130
119  131  0  0  0  0  131
120  130  0  0  1  0  131
121  133  1  0  0  0  134
122  131  2  1  0  0  134
123  136  0  0  0  0  136
124  138  0  0  0  0  138
125  122  18  0  0  0  140
126  139  0  0  0  0  139
127  151  0  0  0  0  151
128  152  0  1  0  0  153
129  145  0  5  4  0  154
130  154  0  0  0  0  154
131  116  0  37  0  0  153
132  109  45  0  0  0  154
133  156  0  0  0  0  156
134  151  10  0  0  0  161
135  157  9  0  0  0  166
136  168  0  0  0  0  168
137  174  0  1  0  0  175
138  172  5  0  0  0  177
139  177  0  2  0  0  179
140  174  8  0  0  0  182
141  183  0  1  0  0  184
142  182  0  0  0  1  183
143  176  9  0  0  0  185
144  186  0  0  0  0  186
145  186  0  0  1  0  187
146  179  0  0  0  8  187
147  154  0  7  0  28  189
148  190  0  0  0  0  190
149  196  0  1  0  0  197
150  194  0  0  0  2  196
151  197  1  0  0  0  198
152  197  0  0  1  0  198
153  188  0  9  0  0  197
154  186  0  2  9  0  197
155  197  0  0  0  0  197
156  194  3  0  0  0  197
157  197  0  0  0  0  197
158  196  1  0  0  0  197
159  200  0  0  0  0  200
160  187  0  0  0  13  200
161  202  0  0  0  0  202
162  198  1  0  0  0  199
163  197  0  0  0  0  197
164  197  0  0  0  0  197
165  196  0  0  0  0  196
166  195  0  0  0  0  195
167  195  0  0  0  0  195
168  190  1  5  0  0  196
169  197  0  0  1  0  198
170  181  10  4  0  0  195
171  194  0  0  0  1  195
172  196  0  0  0  0  196
173  104  94  0  0  0  198
174  199  0  0  0  0  199
175  199  0  0  0  0  199
176  199  0  0  0  0  199
177  188  10  0  0  0  198
178  197  0  0  0  1  198
179  196  0  2  0  0  198
180  182  6  0  8  0  196
181  184  0  11  0  0  195
182  144  37  2  0  0  183
183  180  0  2  0  0  182
184  181  0  0  1  0  182
185  162  18  0  0  0  180
186  178  0  0  2  0  180
187  177  1  1  0  0  179
188  174  0  2  0  0  176
189  150  0  20  0  0  170
190  169  0  0  0  0  169
191  163  0  0  0  0  163
192  1  0  0  150  1  152
193  21  0  4  0  132  157
194  156  0  9  2  0  167
195  133  2  0  0  32  167
196  171  0  0  0  0  171
197  172  0  0  0  0  172
198  173  0  0  0  0  173
199  174  0  0  0  0  174
200  173  0  6  0  0  179
201  175  3  0  0  0  178
202  176  0  0  0  0  176
203  171  2  0  0  1  174
204  171  1  2  0  0  174
205  166  0  7  0  0  173
206  174  0  0  0  1  175
207  173  0  3  0  0  176
208  173  0  0  0  0  173
209  173  0  0  0  0  173
210  166  0  3  0  0  169
211  168  0  0  0  0  168
212  162  1  3  0  0  166
213  159  1  2  0  0  162
214  163  0  0  0  0  163
215  162  0  0  0  0  162
216  159  0  0  0  0  159
217  157  0  0  0  0  157
218  144  0  6  3  0  153
219  152  0  0  0  0  152
220  152  0  0  0  0  152
221  151  0  0  0  0  151
222  151  0  0  0  0  151
223  151  0  0  0  0  151
224  148  0  0  2  0  150
225  149  0  0  0  0  149
226  146  0  0  0  0  146
227  144  0  0  0  0  144
228  145  0  0  0  0  145
229  85  54  0  0  0  139
230  140  0  0  0  0  140
231  140  0  0  0  0  140
232  137  0  0  0  1  138
233  134  0  0  0  0  134
234  131  0  0  0  0  131
235  125  0  0  0  0  125
236  57  0  0  57  0  114
237  114  0  0  0  0  114
238  115  0  0  0  0  115
239  113  0  0  0  0  113
240  94  0  0  17  0  111
241  110  0  0  0  0  110
242  101  8  0  0  0  109
243  108  0  0  0  0  108
244  107  0  0  0  0  107
245  107  0  0  0  0  107
246  106  0  0  0  0  106
247  99  0  2  0  0  101
248  99  0  0  0  1  100
249  0  92  0  0  1  93
250  92  1  0  0  0  93
251  93  0  0  0  0  93
252  4  0  0  89  0  93
253  101  0  0  0  0  101
254  103  0  0  0  0  103
255  106  0  0  0  0  106
256  107  0  0  0  0  107
257  105  0  0  0  0  105
258  104  0  0  0  0  104
259  103  0  0  0  0  103
260  104  0  0  0  0  104
261  104  0  0  0  0  104
262  103  0  0  0  1  104
263  105  2  0  0  0  107
264  107  0  0  0  0  107
265  107  0  0  0  0  107
266  108  0  0  0  0  108
267  106  0  0  0  0  106
268  104  1  0  0  0  105
269  78  24  0  0  0  102
270  102  0  0  0  0  102
271  102  0  0  0  0  102
272  8  19  0  71  0  98
273  99  0  0  0  0  99
274  99  0  0  0  0  99
275  78  0  0  23  0  101
276  102  0  0  0  0  102
277  104  0  0  0  0  104
278  92  13  0  0  0  105
279  93  5  6  0  0  104
280  103  0  0  0  0  103
281  103  0  0  0  0  103
282  104  0  0  0  0  104
283  97  5  0  0  0  102
284  100  0  0  0  0  100
285  100  0  0  0  0  100
286  99  0  0  0  0  99
287  93  2  3  0  0  98
288  94  0  3  0  0  97
289  93  3  0  0  0  96
290  89  0  0  0  1  90
291  85  0  0  0  0  85
292  85  0  0  0  0  85
293  84  0  0  0  0  84
294  64  0  20  0  0  84
295  83  3  0  0  0  86
296  82  3  0  0  0  85
297  84  0  0  0  0  84
298  83  0  0  0  0  83
299  79  0  0  0  0  79
300  77  1  0  0  0  78
301  77  0  2  0  0  79
302  79  0  0  0  0  79
303  78  0  0  0  0  78
304  79  0  0  0  0  79
305  78  0  0  0  0  78
306  74  0  0  5  0  79
307  72  0  0  6  0  78
308  79  0  0  0  0  79
309  80  0  0  0  0  80
310  81  0  0  0  0  81
311  85  0  0  0  0  85
312  82  2  0  0  0  84
313  81  0  1  0  0  82
314  79  2  3  0  0  84
315  78  0  6  0  0  84
316  85  0  0  0  0  85
317  85  0  0  0  0  85
318  84  0  0  0  0  84
319  63  0  0  13  0  76
320  67  5  4  0  0  76
321  77  0  2  0  0  79
322  78  0  0  1  0  79
323  77  0  2  0  0  79
324  33  43  3  0  0  79
325  79  0  0  0  2  81
326  78  1  2  0  0  81
327  80  0  0  0  0  80
328  1  0  0  67  10  78
329  81  0  0  0  1  82
330  83  0  0  0  0  83
331  82  2  0  0  0  84
332  86  0  0  0  0  86
333  81  0  0  4  0  85
334  87  0  1  0  0  88
335  89  0  0  0  0  89
336  88  1  0  0  0  89
337  89  0  0  0  0  89
338  88  0  0  0  0  88
339  46  0  41  0  0  87
340  77  1  9  0  0  87
341  85  0  0  1  0  86
342  85  0  1  0  0  86
343  0  3  0  0  69  72
344  26  0  0  47  0  73
345  82  0  0  0  0  82
346  79  2  1  0  0  82
347  82  0  0  0  0  82
348  76  3  0  0  0  79
349  75  2  1  1  0  79
350  50  28  0  0  0  78
351  81  0  0  0  0  81
352  78  1  2  0  0  81
353  82  0  0  0  0  82
354  81  0  0  1  0  82
355  82  0  0  0  0  82
356  80  1  0  0  0  81
357  81  0  1  0  0  82
358  79  3  0  0  0  82
359  80  0  0  0  0  80
360  76  0  2  0  0  78
361  77  0  0  0  0  77
362  76  0  0  0  0  76
363  75  0  0  0  0  75
364  0  0  11  0  60  71
365  69  3  0  0  0  72
366  72  0  0  0  0  72
367  71  1  0  0  0  72
368  72  0  0  0  0  72
369  71  0  0  0  0  71
370  71  0  0  0  0  71
371  66  0  0  4  0  70
372  70  0  0  0  0  70
373  68  0  0  0  1  69
374  67  0  2  0  0  69
375  66  0  0  0  1  67
376  63  0  0  2  0  65
377  65  0  0  0  0  65
378  65  0  0  0  0  65
379  62  3  1  0  0  66
380  65  0  0  1  0  66
381  65  0  1  0  0  66
382  66  0  0  0  0  66
383  66  0  0  0  0  66
384  65  0  1  0  0  66
385  66  0  0  0  0  66
386  61  0  0  4  0  65
387  65  0  0  0  0  65
388  64  0  0  0  0  64
389  64  0  0  0  0  64
390  40  0  22  0  0  62
391  61  0  0  0  0  61
392  61  0  0  0  0  61
393  35  25  0  0  0  60
394  60  0  0  0  0  60
395  56  0  4  0  0  60
396  60  0  0  0  0  60
397  58  0  0  0  0  58
398  57  0  0  0  1  58
399  57  0  0  0  0  57
400  54  0  2  0  0  56
401  55  0  0  0  0  55
402  56  0  1  0  0  57
403  55  2  0  0  0  57
404  57  0  0  0  0  57
405  54  0  0  0  1  55
406  53  0  0  0  0  53
407  2  0  44  0  0  46
408  46  0  0  0  0  46
409  45  0  0  1  0  46
410  48  0  0  0  0  48
411  47  0  0  0  0  47
412  47  0  0  0  0  47
413  42  0  3  0  0  45
414  41  0  0  0  1  42
415  42  0  0  0  0  42
416  41  0  0  0  0  41
417  39  1  1  0  0  41
418  41  0  0  0  0  41
419  39  2  0  0  0  41
420  41  0  0  0  0  41
421  40  0  0  0  0  40
422  37  0  0  0  0  37
423  37  0  0  0  0  37
424  37  0  0  0  1  38
425  37  0  0  0  0  37
426  11  0  8  16  0  35
427  35  0  0  0  0  35
428  35  0  0  0  0  35
429  35  0  0  0  0  35
430  34  0  0  0  0  34
431  32  0  0  0  0  32
432  32  2  0  0  0  34
433  33  0  0  0  0  33
434  31  0  0  0  0  31
435  1  5  0  19  0  25
436  29  0  0  0  0  29
437  29  0  0  0  0  29
438  29  0  0  0  0  29
439  29  0  0  0  0  29
440  27  0  0  0  1  28
441  25  0  0  0  0  25
442  25  0  0  0  0  25
443  25  0  0  0  0  25
444  24  0  0  0  0  24
445  18  0  0  6  0  24
446  24  0  0  0  0  24
447  24  0  0  0  0  24
448  21  0  3  0  0  24
449  16  9  0  0  0  25
450  24  0  0  0  0  24
451  24  0  0  0  0  24
452  22  2  0  0  0  24
453  23  0  0  0  0  23
454  23  0  0  0  0  23
455  23  0  0  0  0  23
456  21  2  0  0  0  23
457  25  0  0  0  0  25
458  26  0  0  0  0  26
459  26  0  0  0  0  26
460  26  0  0  0  0  26
461  19  0  0  0  7  26
462  19  6  0  0  0  25
463  19  0  6  0  0  25
464  25  0  0  0  0  25
465  26  0  0  0  0  26
466  23  3  0  0  0  26
467  23  0  4  0  0  27
468  29  0  0  0  0  29
469  29  0  0  0  0  29
470  29  0  0  0  0  29
471  29  0  0  0  0  29
472  30  0  0  0  0  30
473  29  1  0  0  0  30
474  33  0  0  0  0  33
475  36  0  0  0  0  36
476  36  0  0  0  0  36
477  35  1  0  0  0  36
478  30  0  6  0  0  36
479  36  0  0  0  0  36
480  36  0  0  0  0  36
481  36  0  0  0  0  36
482  36  0  0  0  0  36
483  33  0  3  0  0  36
484  36  0  0  0  0  36
485  36  0  0  0  0  36
486  35  0  0  0  1  36
487  38  0  0  0  0  38
488  31  0  0  0  7  38
489  38  0  0  0  0  38
490  38  0  0  0  0  38
491  31  0  7  0  0  38
492  38  0  0  0  0  38
493  38  0  0  0  0  38
494  2  0  0  34  0  36
495  38  0  0  0  0  38
496  34  6  0  0  0  40
497  40  0  0  0  0  40
498  38  0  0  2  0  40
499  36  0  4  0  0  40
500  34  0  0  6  0  40
501  40  0  0  0  0  40
502  25  0  7  2  5  39
503  40  0  0  0  0  40
504  36  0  4  0  0  40
505  31  8  0  0  0  39
506  27  1  11  0  0  39
507  2  0  0  35  0  37
508  40  0  0  0  0  40
509  42  0  0  0  0  42
510  40  0  1  0  2  43
511  36  3  0  4  0  43
512  46  0  0  0  0  46
513  46  0  0  0  0  46
514  36  0  11  0  0  47
515  38  7  0  0  2  47
516  37  0  10  0  0  47
517  2  0  45  0  0  47
518  59  0  0  0  0  59
519  63  0  0  0  1  64
520  64  0  0  0  0  64
521  64  0  0  0  0  64
522  63  0  0  0  1  64
523  64  0  0  0  0  64
524  64  1  0  0  0  65
525  65  0  0  0  0  65
526  64  0  0  1  0  65
527  60  4  2  0  0  66
528  63  2  0  0  0  65
529  66  0  0  0  0  66
530  66  0  0  0  0  66
531  58  8  0  0  0  66
532  68  0  0  0  0  68
533  67  0  0  0  0  67
534  60  6  0  0  0  66
535  66  0  0  0  0  66
536  66  0  0  0  0  66
537  65  0  0  0  0  65
538  1  0  61  0  0  62
539  44  11  0  1  8  64
540  67  0  0  0  0  67
541  67  0  0  0  0  67
542  66  0  0  0  0  66
543  66  0  1  0  0  67
544  64  0  2  0  1  67
545  65  0  1  0  2  68
546  55  0  2  0  11  68
547  68  1  0  0  0  69
548  70  0  0  0  0  70
549  68  0  2  0  0  70
550  72  0  0  0  0  72
551  70  0  0  0  0  70
552  57  15  0  0  0  72
553  74  0  0  0  0  74
554  73  1  0  0  0  74
555  75  0  0  1  0  76
556  76  0  0  0  0  76
557  76  0  0  0  0  76
558  74  0  1  1  0  76
559  78  0  0  0  0  78
560  78  0  0  0  0  78
561  79  0  0  0  0  79
562  78  0  0  1  0  79
563  82  0  0  0  0  82
564  74  5  0  0  3  82
565  79  0  0  3  0  82
566  54  0  28  0  0  82
567  86  3  0  0  0  89
568  92  0  0  0  0  92
569  92  0  0  0  0  92
570  89  0  1  0  0  90
571  92  0  0  0  0  92
572  89  4  0  0  0  93
573  95  0  0  0  0  95
574  90  0  0  0  0  90
575  84  6  0  0  0  90
576  89  0  0  0  1  90
577  95  0  0  0  0  95
578  91  0  5  0  0  96
579  99  0  0  0  0  99
580  100  0  0  0  0  100
581  99  3  0  0  0  102
582  89  0  10  0  0  99
583  100  0  0  0  0  100
584  101  0  0  0  0  101
585  103  0  0  0  0  103
586  103  0  0  0  0  103
587  109  0  0  0  0  109
588  108  0  1  0  0  109
589  110  2  0  0  0  112
590  112  0  0  0  0  112
591  110  0  2  0  0  112
592  2  1  0  0  108  111
593  122  0  0  0  0  122
594  125  0  0  0  0  125
595  122  0  0  5  0  127
596  129  0  0  0  0  129
597  130  0  0  0  0  130
598  122  9  0  0  0  131
599  130  2  0  0  0  132
600  128  3  1  0  0  132
601  131  0  0  0  0  131
602  21  0  0  0  107  128
603  111  18  0  0  0  129
604  131  0  0  1  0  132
605  118  14  1  0  0  133
606  133  0  0  0  0  133
607  104  28  0  1  0  133
608  103  10  23  0  0  136
609  138  1  1  0  0  140
610  139  0  0  0  0  139
611  133  0  12  0  0  145
612  126  9  7  0  0  142
613  146  0  0  0  0  146
614  147  0  0  0  0  147
615  151  0  0  0  0  151
616  142  2  8  0  0  152
617  155  0  0  0  0  155
618  157  0  0  0  0  157
619  148  0  7  0  0  155
620  146  0  0  8  0  154
621  150  3  0  0  0  153
622  153  1  0  0  0  154
623  150  0  0  3  0  153
624  154  3  1  0  0  158
625  158  0  0  0  0  158
626  159  0  0  0  0  159
627  157  0  0  0  0  157
628  154  0  0  0  0  154
629  150  0  0  1  0  151
630  153  0  0  0  0  153
631  153  1  0  1  0  155
632  156  0  0  0  0  156
633  189  0  0  0  0  189
634  187  0  2  0  0  189
635  192  0  0  0  1  193
636  195  0  0  1  0  196
637  195  0  0  0  1  196
638  196  0  0  0  0  196
639  200  0  0  0  0  200
640  198  0  1  0  1  200
641  202  0  0  0  0  202
642  203  0  0  0  0  203
643  205  0  0  0  0  205
644  189  2  16  0  0  207
645  207  0  0  0  0  207
646  186  0  19  0  0  205
647  111  0  78  0  14  203
648  211  1  8  0  0  220
649  223  0  0  0  0  223
650  227  0  0  0  0  227
651  228  0  1  0  0  229
652  230  1  2  0  0  233
653  233  0  0  0  0  233
654  229  0  7  0  0  236
655  234  0  0  0  0  234
656  232  1  0  0  0  233
657  232  1  0  0  0  233
658  9  7  0  1  208  225
659  228  0  0  0  1  229
660  209  12  9  0  0  230
661  223  0  7  0  0  230
662  232  0  0  0  0  232
663  230  3  0  0  0  233
664  236  0  0  0  0  236
665  192  0  41  0  0  233
666  234  0  0  0  1  235
667  230  0  0  0  3  233
668  234  0  0  0  0  234
669  201  20  10  0  0  231
670  181  0  53  1  0  235
671  232  0  2  0  0  234
672  197  0  0  2  34  233
673  229  7  0  0  0  236
674  235  1  0  0  0  236
675  237  0  0  0  0  237
676  235  1  0  0  0  236
677  236  0  0  0  0  236
678  220  7  10  0  0  237
679  206  0  24  0  0  230
680  221  8  0  0  0  229
681  225  8  0  0  0  233
682  232  0  0  0  0  232
683  228  0  0  0  0  228
684  227  3  0  0  0  230
685  224  8  1  0  0  233
686  227  0  1  0  0  228
687  224  0  0  0  2  226
688  200  1  1  18  0  220
689  123  28  59  1  0  211
690  174  0  0  36  0  210
691  197  14  0  0  0  211
692  180  0  0  0  28  208
693  207  0  0  0  0  207
694  205  0  1  0  0  206
695  200  0  1  0  0  201
696  199  0  0  0  0  199
697  197  1  0  0  0  198
698  200  0  0  0  0  200
699  201  1  0  0  0  202
700  199  0  1  0  0  200
701  170  0  12  0  0  182
702  165  0  7  0  12  184
703  172  12  0  0  0  184
704  187  0  0  0  0  187
705  173  13  0  0  1  187
706  168  0  0  19  0  187
707  141  3  40  0  0  184
708  179  0  2  0  0  181
709  182  0  1  0  0  183
710  183  0  0  0  0  183
711  181  0  0  0  0  181
712  163  8  5  3  0  179
713  173  0  0  0  0  173
714  169  0  1  0  2  172
715  169  0  0  0  0  169
716  143  0  7  0  15  165
717  145  0  15  0  0  160
718  158  2  0  0  0  160
719  150  6  0  0  1  157
720  144  0  13  0  0  157
721  146  0  12  0  0  158
722  151  0  1  0  0  152
723  150  0  0  0  0  150
724  150  0  0  0  0  150
725  145  0  0  0  0  145
726  140  1  0  0  0  141
727  114  26  0  0  1  141
728  139  0  0  0  0  139
729  113  0  0  9  16  138
730  138  0  0  0  0  138
731  133  0  0  0  1  134
732  134  0  0  0  0  134
733  134  0  0  0  0  134
734  117  0  17  0  0  134
735  129  0  3  0  0  132
736  131  0  0  0  0  131
737  123  0  0  0  0  123
738  117  3  0  0  0  120
739  119  1  0  0  0  120
740  111  0  1  5  0  117
741  117  0  1  0  0  118
742  97  1  0  0  16  114
743  110  0  2  3  0  115
744  116  1  0  0  0  117
745  105  0  8  0  0  113
746  111  0  1  0  0  112
747  111  0  0  0  0  111
748  111  0  0  0  0  111
749  101  0  2  0  0  103
750  100  1  0  0  0  101
751  100  0  0  0  0  100
752  97  0  2  0  0  99
753  89  0  0  0  0  89
754  84  2  1  0  2  89
755  74  0  14  0  0  88
756  86  0  0  0  0  86
757  84  0  1  0  0  85
758  72  0  4  1  0  77
759  69  0  3  5  0  77
760  64  0  0  9  0  73
761  24  48  0  0  0  72
762  77  0  0  0  0  77
763  72  0  5  0  0  77
764  77  0  0  0  0  77
765  73  0  2  0  0  75
766  58  0  0  16  0  74
767  77  0  0  0  0  77
768  72  0  0  0  0  72
769  70  1  0  0  0  71
770  51  3  5  0  11  70
771  62  7  3  0  0  72
772  73  0  0  0  0  73
773  72  0  0  0  0  72
774  72  0  0  0  0  72
775  51  19  0  0  1  71
776  71  0  0  0  0  71
777  71  0  0  0  0  71
778  62  2  6  0  0  70
779  64  0  2  0  0  66
780  24  9  26  0  0  59
781  63  1  0  0  0  64
782  64  0  0  0  0  64
783  63  0  0  0  0  63
784  55  0  6  0  0  61
785  59  0  1  0  0  60
786  60  0  0  0  0  60
787  35  20  0  0  0  55
788  53  0  0  0  2  55
789  55  0  0  0  0  55
790  40  0  0  0  15  55
791  57  0  0  0  0  57
792  56  0  0  1  0  57
793  57  0  0  0  0  57
794  36  10  0  5  0  51
795  43  7  1  0  0  51
796  51  0  0  0  0  51
797  49  3  0  0  0  52
798  49  0  1  0  0  50
799  26  0  4  0  19  49
800  49  0  0  0  0  49
801  49  0  0  0  0  49
802  49  0  0  0  0  49
803  42  0  3  4  0  49
804  49  0  0  0  0  49
805  46  0  3  0  0  49
806  50  0  1  0  0  51
807  49  0  0  0  0  49
808  34  0  0  0  0  34
809  19  0  0  13  0  32
810  34  0  0  0  0  34
811  34  0  0  0  0  34
812  22  12  0  0  0  34
813  29  5  0  0  0  34
814  2  32  0  0  0  34
815  38  0  0  0  0  38
816  34  0  0  4  0  38
817  38  0  0  0  0  38
818  34  0  4  0  0  38
819  38  0  0  0  0  38
820  34  4  0  0  0  38
821  38  1  0  0  0  39
822  38  0  0  0  0  38
823  38  0  0  0  0  38
824  37  1  0  0  0  38
825  25  0  13  0  0  38
826  35  0  0  2  0  37
827  36  1  0  0  0  37
828  37  0  0  0  0  37
829  24  13  0  0  0  37
830  59  0  0  1  0  60
831  63  0  0  0  0  63
832  64  0  0  0  0  64
833  64  0  0  0  0  64
834  63  0  0  0  0  63
835  63  0  0  0  0  63
836  62  0  0  0  0  62
837  47  13  2  0  0  62
838  60  0  0  2  0  62
839  62  0  0  0  0  62
840  3  57  2  0  0  62
841  65  0  0  0  0  65
842  63  0  2  0  0  65
843  62  0  0  0  0  62
844  62  0  0  0  0  62
845  62  0  0  0  0  62
846  53  0  2  0  0  55
847  50  0  0  0  3  53
848  13  0  39  0  0  52
849  52  0  0  0  0  52
850  48  0  3  0  0  51
851  12  39  0  0  0  51
852  49  1  0  0  0  50
853  50  0  0  0  0  50
854  49  0  0  0  0  49
855  49  0  0  0  0  49
856  48  0  0  0  0  48
857  48  0  0  0  0  48
858  44  4  0  0  0  48
859  34  12  0  0  0  46
860  53  0  0  0  0  53
861  46  0  0  7  0  53
862  49  0  0  6  0  55
863  61  0  0  2  0  63
864  56  7  0  0  0  63
865  83  0  0  1  1  85
866  87  0  0  0  0  87
867  88  0  0  0  0  88
868  88  0  0  0  0  88
869  88  0  0  0  0  88
870  82  5  1  1  0  89
871  85  0  5  0  0  90
872  89  1  0  0  0  90
873  90  0  0  0  0  90
874  90  0  0  0  0  90
875  90  0  0  0  0  90
876  90  0  0  0  0  90
877  89  1  0  0  0  90
878  86  0  7  0  1  94
879  88  1  0  0  6  95
880  92  0  1  2  0  95
881  94  0  2  0  0  96
882  75  22  0  0  0  97
883  96  0  0  3  0  99
884  79  0  35  0  0  114
885  115  0  0  1  0  116
886  118  0  0  0  0  118
887  120  0  0  0  0  120
888  120  0  0  0  0  120
889  119  0  1  0  0  120
890  118  0  0  0  0  118
891  117  0  2  0  0  119
892  117  0  0  1  0  118
893  112  0  0  5  0  117
894  113  0  8  0  0  121
895  96  2  23  0  0  121
896  123  0  0  0  0  123
897  124  0  0  0  0  124
898  126  0  0  0  0  126
899  127  0  0  0  0  127
900  125  0  0  0  0  125
901  115  0  8  0  0  123
902  122  0  2  0  0  124
903  126  0  0  1  0  127
904  124  0  4  0  0  128
905  126  1  0  0  0  127
906  129  0  0  0  0  129
907  129  1  0  0  0  130
908  125  5  0  0  0  130
909  132  0  0  0  0  132
910  118  0  0  13  0  131
911  124  0  6  0  3  133
912  136  0  0  1  0  137
913  136  0  0  0  0  136
914  136  0  0  0  0  136
915  131  5  0  0  0  136
916  104  0  26  0  1  131
917  131  0  0  0  0  131
918  131  0  0  0  0  131
919  125  0  0  0  3  128
920  0  0  0  0  123  123
921  126  0  0  0  0  126
922  130  1  0  0  0  131
923  135  0  1  0  0  136
924  131  5  0  0  0  136
925  110  27  0  0  1  138
926  140  0  2  0  0  142
927  141  0  2  0  0  143
928  146  1  0  0  0  147
929  146  0  0  0  0  146
930  140  5  0  0  0  145
931  106  30  11  0  0  147
932  143  4  1  0  0  148
933  142  0  9  0  0  151
934  152  0  0  0  0  152
935  145  3  0  4  0  152
936  155  0  0  0  0  155
937  156  0  0  0  1  157
938  148  9  1  0  0  158
939  160  0  0  0  0  160
940  141  21  0  0  0  162
941  139  22  0  0  0  161
942  157  3  0  0  0  160
943  159  0  0  0  0  159
944  157  1  0  0  0  158
945  159  0  0  0  0  159
946  159  0  0  0  0  159
947  163  0  0  0  0  163
948  130  11  0  21  0  162
949  162  0  0  0  0  162
950  150  0  0  0  0  150
951  147  0  3  0  0  150
952  137  1  11  0  0  149
953  147  0  0  2  0  149
954  12  0  0  126  4  142
955  122  2  0  1  24  149
956  145  0  4  0  0  149
957  143  0  9  0  0  152
958  15  0  0  1  136  152
959  165  0  0  0  1  166
960  167  0  0  0  0  167
961  168  0  0  0  0  168
962  170  0  0  0  0  170
963  173  0  0  0  0  173
964  162  6  0  0  7  175
965  177  0  0  0  0  177
966  178  1  0  0  0  179
967  180  0  2  1  0  183
968  169  12  0  1  0  182
969  173  0  0  9  0  182
970  176  6  0  2  0  184
971  182  0  0  0  0  182
972  186  0  0  0  0  186
973  187  0  0  0  0  187
974  183  0  0  0  3  186
975  181  3  0  0  0  184
976  172  0  0  0  22  194
977  179  8  0  4  3  194
978  177  0  0  0  18  195
979  196  2  0  0  0  198
980  202  0  0  0  0  202
981  203  0  0  0  0  203
982  202  0  0  0  0  202
983  203  0  0  0  0  203
984  199  0  0  2  0  201
985  205  0  0  0  0  205
986  205  0  0  0  0  205
987  189  0  0  0  15  204
988  207  0  0  0  0  207
989  208  0  0  0  0  208
990  195  0  0  0  15  210
991  211  0  0  0  0  211
992  214  0  0  0  0  214
993  215  0  0  0  0  215
994  210  0  0  0  0  210
995  212  0  0  0  0  212
996  205  3  0  0  0  208
997  206  0  0  0  0  206
998  207  0  0  1  0  208
999  208  0  0  0  0  208
1000  206  0  0  0  0  206
1001  192  15  0  0  0  207
1002  146  0  59  0  0  205
1003  207  0  0  0  1  208
1004  208  0  0  0  0  208
1005  215  0  0  0  0  215
1006  212  0  0  0  0  212
1007  215  0  0  0  0  215
1008  199  0  0  0  16  215
1009  215  0  0  0  0  215
1010  217  0  0  0  0  217
1011  197  0  16  0  2  215
1012  212  1  0  1  0  214
1013  213  0  0  0  0  213
1014  212  0  0  0  1  213
1015  207  2  0  0  0  209
1016  197  0  8  2  0  207
1017  192  0  16  0  0  208
1018  211  0  0  0  0  211
1019  211  0  0  0  0  211
1020  204  2  0  0  0  206
1021  37  148  5  0  0  190
1022  195  0  0  0  0  195
1023  179  2  17  0  0  198
1024  171  13  15  0  0  199
1025  197  0  0  0  0  197
1026  196  0  0  0  0  196
1027  195  0  0  0  0  195
1028  188  0  0  0  0  188
1029  186  0  0  0  0  186
1030  134  50  0  0  0  184
1031  184  0  0  0  0  184
1032  135  0  0  0  47  182
1033  185  0  0  0  0  185
1034  192  0  0  0  0  192
1035  191  0  0  1  0  192
1036  192  0  0  1  0  193
1037  193  0  0  0  0  193
1038  184  0  8  0  0  192
1039  183  0  0  9  0  192
1040  190  1  0  0  0  191
1041  191  0  0  0  0  191
1042  190  0  0  0  0  190
1043  180  0  0  0  8  188
1044  183  8  0  0  0  191
1045  228  0  0  0  0  228
1046  222  0  0  0  0  222
1047  216  0  4  0  0  220
1048  219  0  0  0  1  220
1049  220  0  0  0  0  220
1050  216  1  2  0  0  219
1051  218  0  0  0  0  218
1052  216  0  0  0  0  216
1053  214  0  0  0  0  214
1054  211  0  0  0  0  211
1055  129  0  65  0  0  194
1056  111  0  73  0  0  184
1057  132  0  52  0  0  184
1058  182  3  0  0  0  185
1059  179  1  0  0  5  185
1060  181  0  3  1  0  185
1061  154  0  0  2  28  184
1062  186  0  0  0  0  186
1063  186  0  0  0  0  186
1064  179  0  0  1  0  180
1065  157  8  1  0  10  176
1066  172  0  0  0  0  172
1067  128  34  9  0  0  171
1068  161  0  0  6  2  169
1069  130  0  0  0  39  169
1070  166  0  0  0  0  166
1071  166  0  0  1  0  167
1072  114  6  43  0  0  163
1073  162  0  0  0  0  162
1074  158  1  0  0  0  159
1075  154  1  0  0  0  155
1076  73  86  0  0  0  159
1077  160  0  0  0  0  160
1078  144  7  0  8  1  160
1079  166  0  0  0  0  166
1080  165  0  0  0  0  165
1081  163  0  1  0  0  164
1082  160  2  0  0  0  162
1083  160  3  0  0  0  163
1084  162  0  0  0  0  162
1085  161  0  0  0  0  161
1086  160  0  0  0  0  160
1087  155  0  0  0  4  159
1088  142  7  10  0  0  159
1089  158  0  0  0  0  158
1090  157  0  0  0  0  157
1091  156  0  0  0  1  157
1092  153  0  0  0  0  153
1093  146  1  3  0  0  150
1094  149  0  0  0  0  149
1095  146  0  0  0  0  146
1096  141  0  0  0  0  141
1097  132  6  0  0  0  138
1098  137  0  0  0  0  137
1099  128  0  9  0  0  137
1100  141  0  0  0  0  141
1101  133  7  0  1  0  141
1102  138  2  1  0  0  141
1103  131  0  1  7  0  139
1104  169  0  1  4  0  174
1105  176  0  2  0  0  178
1106  173  0  0  0  0  173
1107  175  0  0  0  0  175
1108  172  0  0  0  0  172
1109  169  0  0  0  0  169
1110  172  1  0  0  0  173
1111  170  0  2  0  0  172
1112  170  2  0  0  0  172
1113  171  0  0  0  0  171
1114  167  0  0  0  0  167
1115  167  0  0  0  0  167
1116  167  0  0  0  0  167
1117  169  0  0  0  0  169
1118  165  0  0  0  4  169
1119  140  0  0  0  18  158
1120  157  0  0  0  0  157
1121  133  17  0  0  5  155
1122  13  0  0  0  134  147
1123  156  11  0  0  0  167
1124  175  0  0  0  0  175
1125  176  0  0  0  0  176
1126  181  0  0  0  0  181
1127  177  8  0  0  0  185
1128  187  0  3  0  0  190
1129  194  1  0  0  0  195
1130  195  0  0  0  0  195
1131  179  11  6  0  0  196
1132  155  0  1  0  37  193
1133  202  0  0  0  0  202
1134  205  0  0  0  0  205
1135  207  0  0  0  0  207
1136  210  0  0  0  0  210
1137  197  0  6  9  0  212
1138  218  0  0  0  0  218
1139  219  0  5  0  0  224
1140  225  1  0  0  1  227
1141  231  0  0  0  0  231
1142  224  10  0  0  0  234
1143  236  0  0  0  0  236
1144  232  0  0  0  3  235
1145  182  4  49  0  0  235
1146  239  0  0  1  0  240
1147  208  0  0  35  0  243
1148  244  0  0  0  8  252
1149  255  0  0  0  0  255
1150  261  0  0  0  0  261
1151  257  6  0  0  0  263
1152  263  0  0  3  1  267
1153  227  15  30  0  0  272
1154  283  0  0  1  0  284
1155  287  0  0  0  0  287
1156  275  0  0  0  12  287
1157  288  0  0  1  0  289
1158  295  0  0  0  0  295
1159  277  0  23  0  0  300
1160  301  0  0  0  0  301
1161  304  2  0  0  0  306
1162  307  0  3  0  0  310
1163  312  0  0  0  0  312
1164  306  0  10  0  0  316
1165  300  19  0  0  0  319
1166  320  0  6  0  0  326
1167  322  0  3  1  0  326
1168  320  5  0  0  0  325
1169  317  0  0  2  7  326
1170  265  0  0  1  60  326
1171  336  0  0  0  1  337
1172  339  0  0  1  0  340
1173  327  10  2  0  6  345
1174  346  0  0  1  1  348
1175  336  5  8  1  0  350
1176  342  1  11  1  0  355
1177  305  49  1  0  0  355
1178  339  0  0  20  1  360
1179  339  0  21  0  0  360
1180  359  0  0  0  2  361
1181  256  9  0  12  87  364
1182  344  26  0  0  0  370
1183  369  0  0  13  0  382
1184  383  0  0  1  0  384
1185  378  0  4  3  0  385
1186  382  0  1  1  0  384
1187  386  0  0  0  0  386
1188  359  2  0  26  0  387
1189  387  0  1  1  0  389
1190  293  0  96  0  0  389
1191  366  28  0  0  0  394
1192  393  0  0  2  0  395
1193  398  0  0  0  0  398
1194  397  0  0  0  1  398
1195  385  2  8  0  0  395
1196  398  0  0  0  1  399
1197  380  0  0  14  0  394
1198  365  0  0  32  0  397
1199  397  0  0  0  0  397
1200  394  0  1  0  0  395
1201  394  1  0  0  0  395
1202  391  0  0  6  0  397
1203  372  0  0  23  0  395
1204  395  0  0  0  0  395
1205  396  0  0  0  0  396
1206  388  0  0  0  0  388
1207  360  26  3  0  0  389
1208  390  0  0  0  0  390
1209  392  0  0  0  0  392
1210  381  11  0  0  0  392
1211  387  0  0  0  0  387
1212  356  30  1  0  0  387
1213  387  0  0  0  0  387
1214  384  1  0  1  0  386
1215  385  0  0  0  0  385
1216  384  0  0  0  0  384
1217  379  0  0  0  0  379
1218  380  0  0  0  0  380
1219  377  0  0  0  0  377
1220  350  23  0  0  0  373
1221  366  0  0  0  0  366
1222  357  0  0  1  0  358
1223  340  0  0  10  0  350
1224  341  8  0  0  0  349
1225  333  0  0  5  0  338
1226  326  6  5  0  0  337
1227  337  0  0  0  0  337
1228  328  0  0  0  0  328
1229  327  0  0  0  0  327
1230  308  12  0  0  0  320
1231  314  0  0  0  0  314
1232  312  1  0  0  0  313
1233  305  0  2  0  0  307
1234  297  0  0  0  0  297
1235  289  0  0  0  0  289
1236  279  0  9  0  0  288
1237  284  0  0  0  0  284
1238  270  0  0  4  0  274
1239  265  0  0  0  0  265
1240  258  4  1  0  0  263
1241  261  2  0  0  0  263
1242  250  0  0  1  0  251
1243  3  4  0  238  0  245
1244  247  0  0  1  0  248
1245  241  0  7  0  0  248
1246  249  0  0  0  0  249
1247  244  2  0  0  0  246
1248  222  2  18  0  0  242
1249  192  43  4  0  0  239
1250  242  0  0  0  0  242
1251  237  0  0  3  0  240
1252  221  0  3  0  0  224
1253  221  0  1  0  1  223
1254  223  0  1  0  0  224
1255  219  0  0  0  0  219
1256  197  14  0  0  8  219
1257  220  0  0  0  0  220
1258  214  0  0  0  0  214
1259  214  0  0  0  0  214
1260  210  0  0  0  0  210
1261  203  4  0  0  0  207
1262  201  0  0  0  0  201
1263  195  0  1  0  0  196
1264  191  0  0  0  0  191
1265  187  0  0  0  1  188
1266  186  0  1  0  0  187
1267  181  1  0  0  0  182
1268  180  0  0  0  0  180
1269  158  0  3  0  0  161
1270  144  0  15  0  0  159
1271  135  7  0  0  6  148
1272  143  0  2  0  0  145
1273  140  0  0  0  3  143
1274  142  0  0  1  0  143
1275  121  6  0  3  4  134
1276  123  7  0  0  0  130
1277  122  0  0  0  0  122
1278  120  1  0  0  0  121
1279  122  0  0  0  0  122
1280  115  1  0  0  0  116
1281  104  3  0  0  0  107
1282  83  4  17  0  0  104
1283  102  0  0  0  0  102
1284  97  1  1  1  0  100
1285  101  0  0  0  0  101
1286  95  0  0  0  0  95
1287  92  3  0  0  0  95
1288  96  0  0  0  0  96
1289  94  0  0  0  0  94
1290  88  2  0  0  3  93
1291  93  0  1  0  0  94
1292  92  0  0  0  1  93
1293  93  0  0  0  0  93
1294  89  0  3  0  0  92
1295  83  0  0  0  0  83
1296  67  12  3  0  0  82
1297  83  0  0  0  0  83
1298  83  0  0  0  0  83
1299  82  0  0  0  0  82
1300  81  0  0  0  0  81
1301  82  0  0  0  0  82
1302  79  0  1  0  0  80
1303  77  0  0  0  0  77
1304  70  0  0  0  0  70
1305  69  0  0  0  0  69
1306  67  0  0  0  0  67
1307  65  0  0  0  0  65
1308  64  0  0  0  0  64
1309  0  0  0  0  62  62
1310  63  0  0  0  0  63
1311  64  0  0  0  0  64
1312  64  0  0  0  0  64
1313  65  0  0  0  0  65
1314  65  1  0  0  0  66
1315  66  0  0  0  0  66
1316  64  0  2  0  0  66
1317  64  0  0  0  0  64
1318  65  0  0  0  0  65
1319  65  0  0  0  0  65
1320  62  1  0  2  0  65
1321  64  0  0  0  1  65
1322  65  0  0  0  0  65
1323  65  0  0  0  0  65
1324  67  0  0  0  0  67
1325  67  0  0  0  0  67
1326  67  0  0  0  0  67
1327  68  0  0  0  0  68
1328  69  0  0  0  0  69
1329  70  0  0  0  0  70
1330  71  0  0  0  0  71
1331  71  0  0  0  0  71
1332  71  0  0  0  0  71
1333  62  0  9  0  0  71
1334  72  0  0  0  0  72
1335  53  0  20  0  0  73
1336  72  0  0  1  0  73
1337  71  0  0  0  0  71
1338  0  0  0  0  67  67
1339  73  0  0  0  0  73
1340  73  1  0  0  0  74
1341  69  4  0  1  0  74
1342  79  0  0  0  0  79
1343  76  3  0  0  0  79
1344  78  1  0  0  0  79
1345  81  0  0  0  0  81
1346  79  0  0  0  0  79
1347  71  0  0  0  5  76
1348  76  0  0  0  0  76
1349  73  1  0  0  0  74
1350  71  0  0  0  0  71
1351  66  0  3  0  0  69
1352  2  0  0  65  0  67
1353  68  0  0  0  2  70
1354  74  0  0  0  0  74
1355  76  0  0  0  0  76
1356  78  0  0  0  0  78
1357  63  16  0  0  0  79
1358  77  0  0  0  0  77
1359  83  0  0  0  1  84
1360  79  0  0  0  0  79
1361  79  0  0  0  0  79
1362  78  0  0  0  0  78
1363  78  0  0  0  0  78
1364  1  0  14  0  61  76
1365  79  0  0  0  0  79
1366  81  0  0  6  0  87
1367  83  5  0  0  1  89
1368  89  0  0  0  1  90
1369  92  0  0  0  0  92
1370  93  0  0  1  0  94
1371  94  0  0  0  0  94
1372  95  0  0  0  0  95
1373  94  0  0  0  0  94
1374  94  0  0  0  0  94
1375  92  0  0  2  0  94
1376  7  0  0  0  84  91
1377  53  41  0  0  0  94
1378  105  0  0  0  0  105
1379  105  0  0  0  0  105
1380  109  0  0  0  0  109
1381  111  0  0  0  0  111
1382  111  0  0  0  1  112
1383  116  0  0  0  0  116
1384  116  0  0  0  1  117
1385  119  0  0  0  0  119
1386  122  0  0  0  0  122
1387  122  0  0  0  0  122
1388  123  0  0  0  0  123
1389  118  8  0  0  0  126
1390  125  9  0  0  0  134
1391  145  0  0  0  0  145
1392  152  0  0  1  0  153
1393  144  0  0  0  15  159
1394  162  0  2  0  0  164
1395  164  0  0  1  1  166
1396  168  1  0  0  0  169
1397  170  0  0  0  0  170
1398  156  0  0  1  15  172
1399  183  0  0  0  0  183
1400  183  0  0  0  1  184
1401  195  0  0  0  0  195
1402  196  0  2  0  0  198
1403  203  0  0  0  0  203
1404  203  0  0  1  0  204
1405  201  0  8  0  0  209
1406  185  0  33  0  0  218
1407  219  1  0  0  0  220
1408  223  0  0  0  0  223
1409  227  0  0  0  0  227
1410  114  25  86  0  0  225
1411  230  0  0  0  1  231
1412  228  8  0  0  0  236
1413  195  0  0  46  0  241
1414  245  6  0  0  0  251
1415  252  2  0  0  2  256
1416  260  0  2  0  0  262
1417  262  1  0  0  6  269
1418  268  0  0  0  0  268
1419  268  0  0  0  0  268
1420  269  0  0  0  0  269
1421  267  2  0  0  0  269
1422  273  0  0  0  0  273
1423  273  0  0  0  0  273
1424  267  0  0  0  5  272
1425  270  0  0  2  0  272
1426  275  0  0  0  0  275
1427  274  0  0  0  0  274
1428  273  0  1  0  0  274
1429  267  6  0  0  0  273
1430  134  0  138  0  0  272
1431  278  0  0  0  0  278
1432  277  0  0  0  0  277
1433  273  0  2  0  2  277
1434  276  0  0  2  0  278
1435  277  0  0  1  0  278
1436  280  0  0  0  0  280
1437  274  2  2  0  0  278
1438  259  16  0  0  0  275
1439  265  5  0  0  3  273
1440  271  0  0  2  0  273
1441  270  5  0  0  0  275
1442  270  0  0  0  0  270
1443  270  0  0  0  1  271
1444  268  1  0  0  0  269
1445  267  0  1  0  0  268
1446  269  0  0  0  0  269
1447  248  0  0  3  17  268
1448  260  0  9  0  0  269
1449  267  0  3  1  0  271
1450  274  1  0  0  0  275
1451  272  0  0  1  2  275
1452  273  0  0  0  1  274
1453  275  0  0  0  0  275
1454  275  0  0  0  0  275
1455  275  0  0  0  0  275
1456  272  0  1  0  0  273
1457  265  8  0  0  0  273
1458  273  0  0  0  0  273
1459  270  0  0  1  1  272
1460  264  0  1  7  0  272
1461  271  0  0  1  0  272
1462  245  29  1  0  1  276
1463  273  0  0  0  0  273
1464  239  0  32  0  0  271
1465  262  7  0  0  0  269
1466  262  2  0  0  0  264
1467  252  0  2  1  0  255
1468  257  1  0  0  0  258
1469  256  0  0  1  0  257
1470  228  24  0  0  0  252
1471  252  0  0  0  0  252
1472  251  0  0  1  0  252
1473  255  1  0  0  0  256
1474  244  6  0  5  0  255
1475  259  4  0  0  0  263
1476  257  3  0  0  0  260
1477  259  0  0  1  0  260
1478  260  0  0  0  0  260
1479  254  0  0  0  7  261
1480  208  35  14  0  0  257
1481  261  0  0  0  0  261
1482  255  0  1  1  1  258
1483  253  0  0  1  0  254
1484  259  0  0  0  0  259
1485  260  0  0  0  0  260
1486  246  5  0  0  8  259
1487  226  0  0  9  0  235
1488  231  3  2  1  0  237
1489  229  9  0  0  0  238
1490  238  0  0  1  0  239
1491  237  0  0  3  0  240
1492  239  0  0  0  0  239
1493  229  0  0  3  4  236
1494  229  6  0  0  0  235
1495  232  0  0  0  0  232
1496  221  0  0  0  0  221
1497  191  22  0  0  0  213
1498  205  0  0  0  0  205
1499  206  0  0  0  0  206
1500  199  9  0  0  0  208
1501  180  14  0  1  0  195
1502  217  0  0  0  1  218
1503  217  0  0  0  0  217
1504  213  9  0  0  0  222
1505  220  6  2  0  0  228
1506  210  9  13  0  0  232
1507  183  45  0  0  0  228
1508  222  0  0  2  11  235
1509  236  7  0  0  0  243
1510  251  0  0  0  3  254
1511  249  0  0  1  0  250
1512  251  0  1  0  0  252
1513  254  0  0  0  2  256
1514  256  0  0  0  0  256
1515  264  0  0  0  0  264
1516  251  0  7  0  7  265
1517  265  0  0  0  0  265
1518  265  0  0  6  0  271
1519  281  0  0  0  0  281
1520  281  0  0  0  0  281
1521  282  1  0  0  0  283
1522  285  0  0  0  0  285
1523  270  0  2  11  0  283
1524  270  10  0  0  7  287
1525  284  0  15  0  0  299
1526  292  18  0  0  0  310
1527  320  0  0  0  0  320
1528  326  0  0  0  0  326
1529  339  0  0  0  0  339
1530  352  0  0  0  0  352
1531  359  0  0  0  0  359
1532  363  0  1  0  0  364
1533  243  0  116  0  0  359
1534  349  0  0  21  0  370
1535  349  17  11  0  0  377
1536  372  0  0  14  0  386
1537  396  0  0  0  0  396
1538  389  5  7  0  0  401
1539  389  12  0  0  1  402
1540  389  14  0  0  0  403
1541  408  0  0  0  0  408
1542  370  0  37  7  0  414
1543  409  0  0  1  0  410
1544  401  0  12  0  0  413
1545  411  0  0  1  0  412
1546  308  0  2  104  0  414
1547  395  0  0  19  0  414
1548  405  1  0  0  9  415
1549  394  14  6  0  0  414
1550  412  0  0  0  1  413
1551  428  0  0  0  0  428
1552  425  0  6  0  0  431
1553  416  0  14  0  1  431
1554  423  0  0  6  0  429
1555  308  0  5  114  2  429
1556  419  13  0  0  0  432
1557  424  0  0  1  6  431
1558  422  0  12  0  0  434
1559  422  0  0  0  12  434
1560  439  0  0  1  0  440
1561  443  0  7  0  1  451
1562  455  0  0  1  0  456
1563  458  0  0  0  0  458
1564  457  0  0  0  0  457
1565  450  0  0  3  0  453
1566  447  0  5  0  3  455
1567  454  0  0  2  0  456
1568  441  0  1  1  12  455
1569  444  0  10  0  0  454
1570  450  1  0  3  1  455
1571  453  0  9  0  0  462
1572  456  0  6  0  0  462
1573  432  17  11  0  0  460
1574  461  0  0  0  0  461
1575  440  0  0  19  0  459
1576  457  1  1  0  0  459
1577  455  0  0  0  0  455
1578  449  7  0  0  0  456
1579  452  2  1  0  0  455
1580  449  0  0  1  0  450
1581  404  0  2  36  0  442
1582  447  0  1  0  0  448
1583  448  0  0  0  0  448
1584  431  13  0  1  0  445
1585  419  0  25  0  0  444
1586  439  0  0  0  1  440
1587  437  0  1  0  0  438
1588  442  0  0  0  0  442
1589  149  279  0  0  1  429
1590  420  1  13  0  0  434
1591  413  17  1  0  0  431
1592  433  0  0  0  1  434
1593  432  0  0  0  0  432
1594  405  1  23  1  0  430
1595  404  21  0  0  0  425
1596  63  0  0  350  0  413
1597  405  0  0  23  0  428
1598  435  0  0  0  0  435
1599  434  0  0  0  0  434
1600  429  6  0  0  0  435
1601  421  0  12  1  0  434
1602  397  0  34  0  0  431
1603  429  0  0  1  0  430
1604  425  2  0  0  0  427
1605  414  0  0  0  10  424
1606  417  0  0  0  0  417
1607  409  0  0  0  0  409
1608  404  0  0  0  0  404
1609  394  0  1  0  6  401
1610  382  13  0  1  0  396
1611  392  0  1  0  1  394
1612  395  0  0  0  0  395
1613  369  19  1  0  0  389
1614  366  0  18  0  0  384
1615  371  9  0  0  0  380
1616  376  0  0  0  0  376
1617  372  0  1  0  0  373
1618  358  0  13  0  0  371
1619  358  6  0  0  0  364
1620  357  0  0  3  0  360
1621  357  0  0  0  0  357
1622  332  19  0  1  0  352
1623  349  0  0  0  0  349
1624  312  17  1  0  11  341
1625  313  0  10  0  0  323
1626  315  0  0  0  0  315
1627  304  2  0  2  1  309
1628  299  0  0  0  0  299
1629  259  1  28  1  0  289
1630  285  0  2  0  0  287
1631  276  0  0  0  0  276
1632  271  0  0  0  0  271
1633  269  0  0  0  0  269
1634  265  0  2  0  0  267
1635  260  0  0  0  0  260
1636  249  0  0  0  0  249
1637  235  0  0  0  0  235
1638  212  13  6  0  0  231
1639  201  27  0  0  1  229
1640  227  0  0  0  0  227
1641  211  0  12  0  0  223
1642  216  0  3  0  0  219
1643  218  1  0  0  0  219
1644  212  0  4  0  0  216
1645  208  0  0  0  4  212
1646  209  0  0  0  0  209
1647  205  0  0  0  0  205
1648  198  0  4  0  0  202
1649  190  4  0  0  0  194
1650  189  2  0  0  0  191
1651  187  0  0  0  1  188
1652  0  0  0  0  175  175
1653  176  0  0  0  0  176
1654  174  2  0  0  0  176
1655  173  0  0  0  4  177
1656  174  0  0  4  0  178
1657  158  0  17  0  1  176
1658  162  0  8  0  0  170
1659  111  52  0  0  0  163
1660  106  52  0  0  0  158
1661  151  0  0  0  0  151
1662  140  3  4  0  0  147
1663  142  0  0  0  0  142
1664  141  1  0  0  0  142
1665  82  55  4  0  0  141
1666  85  0  54  0  0  139
1667  133  0  0  0  0  133
1668  133  0  0  0  0  133
1669  128  0  0  0  0  128
1670  126  0  0  0  0  126
1671  125  0  0  0  0  125
1672  120  0  0  0  4  124
1673  82  0  0  35  0  117
1674  112  0  0  0  0  112
1675  110  0  3  0  0  113
1676  111  0  0  1  0  112
1677  108  0  0  0  0  108
1678  107  0  0  0  0  107
1679  106  0  0  0  0  106
1680  102  2  0  0  0  104
1681  101  0  0  0  0  101
1682  99  0  0  0  0  99
1683  95  0  1  0  0  96
1684  40  46  0  0  0  86
1685  87  0  0  0  0  87
1686  87  0  0  0  0  87
1687  56  27  0  0  0  83
1688  81  0  0  0  0  81
1689  50  0  0  0  31  81
1690  80  0  0  0  0  80
1691  76  0  0  0  0  76
1692  75  0  0  0  0  75
1693  76  0  0  0  0  76
1694  74  0  0  0  0  74
1695  71  0  0  0  0  71
1696  69  0  0  1  0  70
1697  62  4  0  0  0  66
1698  63  0  0  0  0  63
1699  60  0  0  0  0  60
1700  56  0  0  0  1  57
1701  57  0  0  0  0  57
1702  61  0  0  0  0  61
1703  61  0  0  0  0  61
1704  63  0  0  0  0  63
1705  39  20  0  0  0  59
1706  59  0  0  0  0  59
1707  28  0  12  20  0  60
1708  56  7  0  0  0  63
1709  64  0  0  0  1  65
1710  67  0  0  0  0  67
1711  67  0  0  0  0  67
1712  61  0  5  0  0  66
1713  53  0  0  11  0  64
1714  64  0  0  0  0  64
1715  64  0  0  0  0  64
1716  64  0  1  0  0  65
1717  64  0  0  0  0  64
1718  63  0  0  0  0  63
1719  55  4  0  0  0  59
1720  1  42  0  15  0  58
1721  61  0  0  4  0  65
1722  68  0  0  0  0  68
1723  67  0  0  0  1  68
1724  67  0  0  0  0  67
1725  49  18  0  0  0  67
1726  70  0  0  0  0  70
1727  70  0  0  0  0  70
1728  65  0  0  5  0  70
1729  64  0  0  8  1  73
1730  74  0  0  0  0  74
1731  74  0  0  0  0  74
1732  71  0  1  0  0  72
1733  71  0  1  0  0  72
1734  70  1  0  0  0  71
1735  55  0  16  0  0  71
1736  69  0  0  0  2  71
1737  71  0  0  0  0  71
1738  64  0  8  0  0  72
1739  68  0  2  0  0  70
1740  69  0  0  1  0  70
1741  59  12  0  0  0  71
1742  70  0  0  0  0  70
1743  69  0  0  0  0  69
1744  69  0  0  0  0  69
1745  70  0  0  1  0  71
1746  71  0  0  0  0  71
1747  67  4  0  0  0  71
1748  69  5  0  0  0  74
1749  76  0  0  1  0  77
1750  76  0  0  0  1  77
1751  78  0  0  0  0  78
1752  77  0  0  0  0  77
1753  73  0  1  0  0  74
1754  7  64  1  0  0  72
1755  72  0  0  0  0  72
1756  4  4  0  64  0  72
1757  72  0  0  0  0  72
1758  3  0  5  0  64  72
1759  88  0  0  0  0  88
1760  95  2  0  0  0  97
1761  94  4  0  0  1  99
1762  106  0  0  0  0  106
1763  106  0  0  3  0  109
1764  111  0  0  1  0  112
1765  112  0  0  0  0  112
1766  105  7  0  0  4  116
1767  119  0  0  0  0  119
1768  119  0  0  0  0  119
1769  121  0  0  0  0  121
1770  121  0  0  1  0  122
1771  123  0  0  0  0  123
1772  127  0  0  0  0  127
1773  128  1  0  0  0  129
1774  130  0  0  0  0  130
1775  128  0  2  0  0  130
1776  131  0  0  0  0  131
1777  132  0  0  0  0  132
1778  132  0  0  0  0  132
1779  130  0  0  0  2  132
1780  134  0  0  0  0  134
1781  135  0  0  0  0  135
1782  135  0  0  0  0  135
1783  135  1  1  0  0  137
1784  120  1  17  0  0  138
1785  130  7  1  0  2  140
1786  146  0  0  0  0  146
1787  147  0  0  0  0  147
1788  148  0  0  0  0  148
1789  156  0  0  0  0  156
1790  156  0  0  2  0  158
1791  159  0  0  0  0  159
1792  160  5  0  0  0  165
1793  170  1  0  0  0  171
1794  173  0  0  0  0  173
1795  171  2  0  0  0  173
1796  169  0  4  0  0  173
1797  27  140  0  6  0  173
1798  191  1  3  0  0  195
1799  195  0  0  0  1  196
1800  194  0  1  1  0  196
1801  196  0  0  0  0  196
1802  204  0  0  0  0  204
1803  204  0  0  0  0  204
1804  201  0  1  0  0  202
1805  64  0  140  0  0  204
1806  216  0  0  0  0  216
1807  216  0  1  0  0  217
1808  209  7  0  0  0  216
1809  209  0  12  0  0  221
1810  213  11  0  0  0  224
1811  227  0  0  0  0  227
1812  216  1  13  0  0  230
1813  230  0  3  0  0  233
1814  237  0  0  0  0  237
1815  240  0  0  1  1  242
1816  244  0  0  0  0  244
1817  246  0  0  0  0  246
1818  244  0  2  0  0  246
1819  249  0  0  0  0  249
1820  241  10  2  0  0  253
1821  248  0  1  0  0  249
1822  247  0  0  0  0  247
1823  247  0  0  0  0  247
1824  247  0  0  0  0  247
1825  246  0  0  0  0  246
1826  18  0  0  1  219  238
1827  6  9  0  223  0  238
1828  273  0  0  0  0  273
1829  283  1  0  0  0  284
1830  290  0  0  0  0  290
1831  293  0  1  0  0  294
1832  296  0  0  2  0  298
1833  302  1  0  0  0  303
1834  307  0  0  3  0  310
1835  308  0  0  8  0  316
1836  321  0  0  0  0  321
1837  325  0  0  0  0  325
1838  324  1  0  0  0  325
1839  329  0  0  0  0  329
1840  332  0  0  0  0  332
1841  321  12  0  0  0  333
1842  337  1  0  0  0  338
1843  341  0  0  0  0  341
1844  317  4  20  0  0  341
1845  347  0  0  0  0  347
1846  357  0  0  0  0  357
1847  336  0  1  0  21  358
1848  363  0  0  0  0  363
1849  363  0  0  0  1  364
1850  371  0  0  0  0  371
1851  373  2  0  0  0  375
1852  353  4  0  0  16  373
1853  362  0  0  1  0  363
1854  163  0  0  202  0  365
1855  382  0  0  0  0  382
1856  387  0  0  0  0  387
1857  388  0  0  0  0  388
1858  386  0  0  0  0  386
1859  381  0  0  1  0  382
1860  4  0  369  0  0  373
1861  393  5  0  0  0  398
1862  409  0  0  0  0  409
1863  424  0  0  0  0  424
1864  421  0  0  0  0  421
1865  415  0  0  11  0  426
1866  423  0  0  0  0  423
1867  423  1  0  0  0  424
1868  424  0  0  0  0  424
1869  424  0  0  1  0  425
1870  425  0  0  0  0  425
1871  425  0  0  0  0  425
1872  421  0  6  0  0  427
1873  416  0  10  0  0  426
1874  416  12  0  0  0  428
1875  407  23  0  0  0  430
1876  427  0  3  0  0  430
1877  427  0  0  2  0  429
1878  338  0  88  0  0  426
1879  418  0  12  0  0  430
1880  403  28  0  0  0  431
1881  433  0  0  0  0  433
1882  440  0  0  0  0  440
1883  440  0  0  0  1  441
1884  437  0  0  2  0  439
1885  418  0  0  0  17  435
1886  437  0  0  1  0  438
1887  436  2  0  0  0  438
1888  444  0  0  0  0  444
1889  429  0  0  1  11  441
1890  442  0  0  0  0  442
1891  445  0  0  0  0  445
1892  444  0  0  0  0  444
1893  429  8  1  0  0  438
1894  436  0  0  0  0  436
1895  430  0  5  0  0  435
1896  433  3  0  0  0  436
1897  437  0  0  0  0  437
1898  418  15  0  0  0  433
1899  405  0  30  0  0  435
1900  431  0  1  1  0  433
1901  436  0  0  0  0  436
1902  419  16  0  0  0  435
1903  430  0  0  0  0  430
1904  415  8  7  0  0  430
1905  133  0  0  282  4  419
1906  403  23  0  0  0  426
1907  422  1  3  0  0  426
1908  413  13  0  0  0  426
1909  429  2  0  0  0  431
1910  425  0  0  2  0  427
1911  425  0  0  0  1  426
1912  422  0  0  0  0  422
1913  421  0  0  0  0  421
1914  421  0  0  0  0  421
1915  417  0  0  2  0  419
1916  415  0  0  1  0  416
1917  416  0  0  0  0  416
1918  405  4  8  0  0  417
1919  414  0  0  0  0  414
1920  401  8  0  2  0  411
1921  407  0  0  0  0  407
1922  375  0  26  0  0  401
1923  374  0  5  13  0  392
1924  393  0  0  0  0  393
1925  388  0  1  0  0  389
1926  386  0  5  0  0  391
1927  392  0  0  0  0  392
1928  386  0  0  0  0  386
1929  348  12  17  0  0  377
1930  375  0  0  0  0  375
1931  334  0  39  0  0  373
1932  373  0  1  0  0  374
1933  354  0  11  0  0  365
1934  367  0  0  0  0  367
1935  357  9  0  0  0  366
1936  325  0  35  0  0  360
1937  355  0  0  4  0  359
1938  321  0  0  31  0  352
1939  354  0  0  0  0  354
1940  350  0  0  0  0  350
1941  348  0  0  0  0  348
1942  343  2  0  0  0  345
1943  347  0  0  0  1  348
1944  347  0  1  0  0  348
1945  340  0  0  0  0  340
1946  331  0  0  0  0  331
1947  329  0  0  0  0  329
1948  322  0  6  0  0  328
1949  283  38  0  0  0  321
1950  316  0  0  1  0  317
1951  314  0  0  0  0  314
1952  310  0  0  0  0  310
1953  284  0  0  0  0  284
1954  273  8  0  0  0  281
1955  274  0  0  0  0  274
1956  268  5  0  0  0  273
1957  263  2  0  2  1  268
1958  263  1  0  0  0  264
1959  259  0  0  0  0  259
1960  234  0  16  0  0  250
1961  243  0  0  0  0  243
1962  242  1  1  0  0  244
1963  235  0  0  0  0  235
1964  235  0  0  0  0  235
1965  228  0  4  0  0  232
1966  239  0  0  0  0  239
1967  224  0  0  11  0  235
1968  235  0  0  0  0  235
1969  238  0  0  1  0  239
1970  241  0  0  0  0  241
1971  227  15  0  0  0  242
1972  243  0  0  0  0  243
1973  245  0  0  0  0  245
1974  235  6  0  0  0  241
1975  237  0  0  0  0  237
1976  239  0  0  0  0  239
1977  217  0  1  19  0  237
1978  236  0  0  1  0  237
1979  236  0  0  0  0  236
1980  231  0  1  0  0  232
1981  182  43  0  0  4  229
1982  229  0  0  0  0  229
1983  207  17  0  0  1  225
1984  224  0  0  0  0  224
1985  222  0  0  0  0  222
1986  215  0  4  0  0  219
1987  216  0  0  0  0  216
1988  215  0  0  1  0  216
1989  214  0  2  0  0  216
1990  215  0  0  0  0  215
1991  207  0  0  6  0  213
1992  208  0  0  1  0  209
1993  209  0  0  0  0  209
1994  193  12  0  0  0  205
1995  202  1  0  0  0  203
1996  200  0  0  0  0  200
1997  194  0  0  0  0  194
1998  187  1  5  0  0  193
1999  185  1  2  0  0  188
2000  181  0  0  0  0  181
2001  175  1  3  0  0  179
2002  177  0  0  0  0  177
2003  175  0  0  0  0  175
2004  5  0  0  0  158  163
2005  145  0  18  0  0  163
2006  156  6  3  0  0  165
2007  166  0  0  0  1  167
2008  164  1  0  0  0  165
2009  160  2  0  0  0  162
2010  169  1  1  0  0  171
2011  170  0  0  0  0  170
2012  169  0  0  0  0  169
2013  164  0  6  0  0  170
2014  165  1  0  1  0  167
2015  164  0  0  0  0  164
2016  161  2  1  0  0  164
2017  156  0  3  1  0  160
2018  158  0  0  0  0  158
2019  160  1  0  0  0  161
2020  161  0  0  0  0  161
2021  156  0  0  1  0  157
2022  154  1  0  0  0  155
2023  155  0  0  0  0  155
2024  147  0  4  0  0  151
2025  149  1  0  0  0  150
2026  150  0  0  0  0  150
2027  148  0  0  1  0  149
2028  147  0  1  1  0  149
2029  39  0  0  0  106  145
2030  146  1  0  0  0  147
2031  147  0  0  0  0  147
2032  148  0  0  0  0  148
2033  144  0  0  0  0  144
2034  143  0  0  0  2  145
2035  136  0  0  0  0  136
2036  120  16  0  0  0  136
2037  133  0  1  0  0  134
2038  132  0  0  0  0  132
2039  131  0  0  0  1  132
2040  132  0  0  0  0  132
2041  122  7  1  0  0  130
2042  125  0  0  0  0  125
2043  109  0  0  0  14  123
2044  107  14  0  0  0  121
2045  113  1  0  0  5  119
2046  1  0  1  0  112  114
2047  119  0  0  0  0  119
2048  119  0  0  0  0  119
2049  119  0  0  0  0  119
2050  118  0  0  0  0  118
2051  114  0  1  0  1  116
2052  116  0  0  0  0  116
2053  120  0  0  0  0  120
2054  123  0  0  0  0  123
2055  109  0  0  12  0  121
2056  118  0  0  1  0  119
2057  113  0  4  0  0  117
2058  117  0  0  0  0  117
2059  114  1  0  0  0  115
2060  113  0  0  0  0  113
2061  0  0  6  0  99  105
2062  106  0  0  0  0  106
2063  108  0  0  0  0  108
2064  108  0  0  0  0  109
2065  98  0  8  0  0  106
2066  104  0  0  0  0  105
2067  102  0  0  0  0  103
2068  75  26  0  0  0  101
2069  97  2  0  0  0  99
2070  97  0  0  0  0  97
2071  96  0  0  0  0  96
2072  92  0  0  0  0  93
2073  82  0  0  0  0  83
2074  80  0  0  0  0  81
2075  78  0  0  0  0  79
2076  71  5  0  0  0  77
2077  74  0  0  0  0  74
2078  69  2  1  0  0  72
2079  71  0  0  0  0  71
2080  66  0  1  0  0  67
2081  64  0  0  0  0  64
2082  11  51  0  0  0  62
2083  67  0  0  0  0  67
2084  68  0  0  0  0  68
2085  70  0  0  0  0  70
2086  70  0  0  0  0  70
2087  60  11  0  0  0  71
2088  71  0  0  0  0  71
2089  70  0  0  0  0  70
2090  73  0  0  0  0  73
2091  74  0  0  0  0  74
2092  70  0  0  3  0  73
2093  74  0  0  0  0  74
2094  56  0  4  14  0  74
2095  75  0  0  0  0  75
2096  71  3  0  0  0  74
2097  74  0  0  0  0  74
2098  76  0  0  0  0  76
2099  75  0  2  0  0  77
2100  77  0  0  0  0  77
2101  78  0  0  0  0  78
2102  79  0  0  0  0  79
2103  78  0  0  0  0  78
2104  78  0  0  0  0  78
2105  78  0  0  0  0  78
2106  71  0  6  0  0  77
2107  66  0  11  0  0  77
2108  70  7  0  0  0  77
2109  79  0  0  0  0  79
2110  79  0  0  0  0  79
2111  78  0  0  0  0  78
2112  78  0  0  0  0  78
2113  75  3  0  0  0  78
2114  80  0  0  0  0  80
2115  78  0  0  0  2  80
2116  80  0  0  0  0  80
2117  80  0  0  0  0  80
2118  73  2  3  0  0  78
2119  73  0  1  0  3  77
2120  77  0  0  0  0  77
2121  68  4  6  0  0  78
2122  78  0  0  0  0  78
2123  78  0  0  0  0  78
2124  79  0  0  0  1  80
2125  75  0  3  0  0  78
2126  65  14  0  0  0  79
2127  79  0  0  2  0  81
2128  80  0  0  0  2  82
2129  83  0  0  0  0  83
2130  85  0  0  0  0  85
2131  81  0  5  0  0  86
2132  83  0  0  0  0  83
2133  84  0  0  0  0  84
2134  84  0  0  0  0  84
2135  85  0  0  0  0  85
2136  85  0  0  0  0  85
2137  84  0  1  0  0  85
2138  84  0  0  0  0  84
2139  82  2  0  0  0  84
2140  67  0  1  18  0  86
2141  88  0  0  0  0  88
2142  90  0  3  0  0  93
2143  93  0  0  0  0  93
2144  98  0  0  0  0  98
2145  97  0  0  0  0  97
2146  96  0  0  0  0  96
2147  14  7  57  0  17  95
2148  102  0  0  0  0  102
2149  103  0  0  0  0  103
2150  107  0  0  0  0  107
2151  103  1  3  0  0  107
2152  109  1  0  0  0  110
2153  108  0  1  0  0  109
2154  105  2  0  0  0  107
2155  105  2  1  0  0  108
2156  109  0  0  0  0  109
2157  85  3  19  1  0  108
2158  98  12  0  0  0  110
2159  110  0  2  0  0  112
2160  108  0  5  2  1  116
2161  119  0  0  0  0  119
2162  119  0  0  0  0  119
2163  111  10  0  0  0  121
2164  122  0  0  0  0  122
2165  119  3  0  0  0  122
2166  119  3  5  0  0  127
2167  127  0  0  0  2  129
2168  136  0  0  0  1  137
2169  137  1  0  0  0  138
2170  132  8  0  0  0  140
2171  141  0  0  0  0  141
2172  144  0  5  0  0  149
2173  151  0  1  0  1  153
2174  157  0  0  0  0  157
2175  162  0  3  0  0  165
2176  169  0  0  0  0  169
2177  172  0  0  0  0  172
2178  160  1  0  0  11  172
2179  179  0  0  0  0  179
2180  165  3  14  0  0  182
2181  185  5  0  0  0  190
2182  192  0  0  0  0  192
2183  190  1  0  0  0  191
2184  202  0  0  0  0  202
2185  195  10  0  0  0  205
2186  210  0  0  3  0  213
2187  220  0  0  0  0  220
2188  224  0  0  0  0  224
2189  223  0  0  0  0  223
2190  193  0  0  0  28  221
2191  204  0  0  0  17  221
2192  203  11  11  0  0  225
2193  225  0  5  0  0  230
2194  176  0  58  0  0  234
2195  238  0  1  0  0  239
2196  233  7  0  0  0  240
2197  235  0  6  0  0  241
2198  245  0  0  0  0  245
2199  246  0  0  3  0  249
2200  255  0  0  0  0  255
2201  256  0  5  1  0  262
2202  254  18  0  0  0  272
2203  279  0  0  0  0  279
2204  285  0  5  0  0  290
2205  293  3  0  0  0  296
2206  293  0  0  3  0  296
2207  294  6  0  0  0  300
2208  306  12  0  0  0  318
2209  316  3  0  0  0  319
2210  312  0  0  13  0  325
2211  323  0  0  1  0  324
2212  306  5  12  1  0  324
2213  0  13  0  307  0  320
2214  310  12  13  0  0  335
2215  279  14  48  0  0  341
2216  340  17  0  0  0  357
2217  360  1  0  0  0  361
2218  302  48  9  0  0  359
2219  360  0  1  1  0  362
2220  339  0  0  22  1  362
2221  369  0  0  0  0  369
2222  367  0  0  3  0  370
2223  351  22  1  0  0  374
2224  361  0  1  11  0  373
2225  360  17  0  0  0  377
2226  381  0  0  0  0  381
2227  375  0  0  3  1  379
2228  381  0  0  0  0  381
2229  377  0  0  0  5  382
2230  382  0  1  0  5  388
2231  380  0  0  7  1  388
2232  355  0  15  10  1  381
2233  384  0  0  0  0  384
2234  368  0  0  15  2  385
2235  341  0  45  0  0  386
2236  394  1  0  0  0  395
2237  393  0  0  2  0  395
2238  368  6  17  0  0  391
2239  26  0  0  358  0  384
2240  395  0  0  1  0  396
2241  376  0  9  11  0  396
2242  398  0  0  0  0  398
2243  387  10  0  0  0  397
2244  88  0  301  0  0  389
2245  394  0  0  1  2  397
2246  359  0  40  0  0  399
2247  397  1  0  0  5  403
2248  374  13  18  1  0  406
2249  381  0  3  0  19  403
2250  403  0  0  0  0  403
2251  2  10  0  388  0  400
2252  406  1  0  0  0  407
2253  383  0  0  0  25  408
2254  405  8  1  0  0  414
2255  415  0  0  0  0  415
2256  415  0  0  0  0  415
2257  414  1  0  0  0  415
2258  415  0  1  0  0  416
2259  407  0  8  0  0  415
2260  399  18  0  0  1  418
2261  411  0  0  7  0  418
2262  393  18  0  0  0  411
2263  409  0  0  0  0  409
2264  306  89  14  0  0  409
2265  403  0  0  0  0  403
2266  401  0  0  0  0  401
2267  401  0  0  0  1  402
2268  401  3  0  0  0  404
2269  404  0  0  0  0  404
2270  411  0  0  0  0  411
2271  404  0  1  0  0  405
2272  396  0  0  0  1  397
2273  389  5  0  0  0  394
2274  381  11  0  0  0  392
2275  360  1  22  0  0  383
2276  78  0  0  294  0  372
2277  357  0  0  25  0  382
2278  385  0  0  0  0  385
2279  380  0  0  4  0  384
2280  381  0  5  0  0  386
2281  389  0  0  0  0  389
2282  383  0  0  0  0  383
2283  378  0  0  0  0  378
2284  361  0  0  1  14  376
2285  361  7  3  0  0  371
2286  356  8  0  0  0  364
2287  10  76  0  0  264  350
2288  366  0  0  0  0  366
2289  357  0  0  0  19  376
2290  379  0  0  1  0  380
2291  374  0  3  0  3  380
2292  381  0  0  1  1  383
2293  371  14  0  0  0  385
2294  349  20  10  1  0  380
2295  382  0  0  0  0  382
2296  380  0  0  0  0  380
2297  373  0  0  1  1  375
2298  27  0  0  310  0  337
2299  347  0  3  0  0  350
2300  271  0  39  44  0  354
2301  365  1  0  0  0  366
2302  356  7  0  0  1  364
2303  359  0  0  1  0  360
2304  347  0  8  0  0  355
2305  350  0  4  0  0  354
2306  349  0  0  1  1  351
2307  334  3  9  0  0  346
2308  339  2  0  0  0  341
2309  338  0  0  0  0  338
2310  332  4  1  0  0  337
2311  305  0  23  0  0  328
2312  313  2  0  8  2  325
2313  321  0  0  0  0  321
2314  313  0  0  0  0  313
2315  305  0  0  0  0  305
2316  286  13  0  0  0  299
2317  288  0  9  0  0  297
2318  284  10  0  0  0  294
2319  291  0  0  0  0  291
2320  278  7  8  0  0  293
2321  287  0  0  0  1  288
2322  280  0  0  0  5  285
2323  270  0  8  0  0  278
2324  267  0  8  0  0  275
2325  271  0  0  0  0  271
2326  268  0  0  0  0  268
2327  262  0  0  1  0  263
2328  188  0  0  0  69  257
2329  254  0  0  0  0  254
2330  254  0  0  0  0  254
2331  249  0  0  2  1  252
2332  247  0  0  0  0  247
2333  245  0  0  0  0  245
2334  240  0  0  0  0  240
2335  235  3  0  0  1  239
2336  227  0  1  1  1  230
2337  164  0  46  0  12  222
2338  207  12  0  0  2  221
2339  219  0  0  0  0  219
2340  212  2  5  0  0  219
2341  215  0  1  0  0  216
2342  214  0  0  0  1  215
2343  206  1  0  2  6  215
2344  207  0  8  0  0  215
2345  212  0  0  0  0  212
2346  205  0  4  0  0  209
2347  195  13  0  0  0  208
2348  206  0  0  0  0  206
2349  203  0  0  0  0  203
2350  199  3  0  0  0  202
2351  202  0  0  0  0  202
2352  192  0  6  0  0  198
2353  183  12  0  0  0  195
2354  183  0  8  0  0  191
2355  192  0  0  0  0  192
2356  193  0  0  0  0  193
2357  190  0  0  1  0  191
2358  181  8  1  0  0  190
2359  179  7  5  0  0  191
2360  186  0  0  2  3  191
2361  189  0  0  0  0  189
2362  187  0  1  0  0  188
2363  15  1  0  0  169  185
2364  177  3  7  0  0  187
2365  190  0  0  0  0  190
2366  186  0  4  0  0  190
2367  189  0  0  0  0  189
2368  186  0  0  2  0  188
2369  184  0  0  0  0  184
2370  180  0  1  1  1  183
2371  183  0  0  0  0  183
2372  180  1  1  0  0  182
2373  179  0  3  0  0  182
2374  182  0  0  0  0  182
2375  174  0  0  4  0  178
2376  30  130  0  0  0  160
2377  161  0  0  0  0  161
2378  161  0  0  0  0  161
2379  149  11  0  0  0  160
2380  111  6  36  0  0  153
2381  143  3  4  0  0  150
2382  147  0  0  0  0  147
2383  146  1  0  0  0  147
2384  140  0  0  0  0  140
2385  124  12  0  0  0  136
2386  129  0  0  0  1  130
2387  127  0  0  0  0  127
2388  121  0  3  0  0  124
2389  118  0  0  0  0  118
2390  117  0  0  0  1  118
2391  112  0  4  0  0  116
2392  111  2  0  0  1  114
2393  105  2  2  0  0  109
2394  105  0  0  0  0  105
2395  96  0  0  1  0  97
2396  96  0  0  0  0  96
2397  93  0  2  0  0  95
2398  88  0  0  0  0  88
2399  87  0  0  0  0  87
2400  85  0  2  0  0  87
2401  84  3  0  0  0  87
2402  84  0  0  0  0  84
2403  81  0  2  1  0  84
2404  84  0  0  0  0  84
2405  78  0  0  0  1  79
2406  80  0  0  0  0  80
2407  80  0  0  0  0  80
2408  77  0  0  0  1  78
2409  74  0  2  0  0  76
2410  75  0  2  0  0  77
2411  73  0  4  0  0  77
2412  76  0  1  0  0  77
2413  72  5  0  0  0  77
2414  76  1  0  0  0  77
2415  0  76  0  0  0  76
2416  79  0  0  0  0  79
2417  79  0  0  0  0  79
2418  79  0  0  0  0  79
2419  80  0  0  0  0  80
2420  79  1  0  0  0  80
2421  80  0  0  0  0  80
2422  79  0  0  0  0  79
2423  78  1  0  0  0  79
2424  64  1  13  0  0  78
2425  78  0  0  0  0  78
2426  78  0  0  0  0  78
2427  77  0  1  0  0  78
2428  77  0  0  0  0  77
2429  76  1  0  0  0  77
2430  77  0  0  0  0  77
2431  72  4  0  0  0  76
2432  75  0  0  0  0  75
2433  73  0  0  1  0  74
2434  45  0  0  0  28  73
2435  1  0  0  69  0  70
2436  71  0  0  0  0  71
2437  72  0  0  0  0  72
2438  72  0  0  0  0  72
2439  72  0  0  0  0  72
2440  73  0  0  0  0  73
2441  74  0  0  0  0  74
2442  74  1  0  0  0  75
2443  76  0  0  0  0  76
2444  77  0  0  0  0  77
2445  67  9  0  0  0  76
2446  78  0  0  0  0  78
2447  78  0  0  0  0  78
2448  59  0  0  0  19  78
2449  79  0  0  0  0  79
2450  79  1  0  0  0  80
2451  80  0  0  0  0  80
2452  81  0  0  0  0  81
2453  80  0  0  0  0  80
2454  79  0  0  1  0  80
2455  79  0  0  0  0  79
2456  79  0  0  0  0  79
2457  78  1  0  0  0  79
2458  75  0  0  0  0  75
2459  76  0  0  0  0  76
2460  74  0  0  0  0  74
2461  74  0  0  0  0  74
2462  66  6  0  0  0  72
2463  69  4  0  0  0  73
2464  74  0  0  0  0  74
2465  74  0  0  0  0  74
2466  72  0  1  0  0  73
2467  75  0  0  0  0  75
2468  75  0  0  0  0  75
2469  74  0  0  0  0  74
2470  73  0  1  0  0  74
2471  25  0  0  0  44  69
2472  65  6  0  0  0  71
2473  71  0  0  0  0  71
2474  71  0  0  0  0  71
2475  71  0  0  0  0  71
2476  71  0  0  0  0  71
2477  71  0  0  0  1  72
2478  73  0  0  0  0  73
2479  74  0  0  0  0  74
2480  77  0  0  0  1  78
2481  78  0  1  0  0  79
2482  79  0  0  0  0  79
2483  79  0  0  0  0  79
2484  39  0  0  40  0  79
2485  77  0  0  0  0  77
2486  77  0  0  0  0  77
2487  75  0  0  2  0  77
2488  76  0  0  0  0  76
2489  74  0  0  0  0  74
2490  73  0  1  0  0  74
2491  73  0  0  0  0  73
2492  73  0  0  0  0  73
2493  74  0  0  0  0  74
2494  65  0  0  0  7  72
2495  70  0  0  2  0  72
2496  70  0  1  0  0  71
2497  62  0  5  0  0  67
2498  67  0  0  0  0  67
2499  63  4  0  0  0  67
2500  73  0  0  0  0  73
2501  79  0  0  0  0  79
2502  75  0  0  8  0  83
2503  78  0  0  0  0  78
2504  76  3  0  0  0  79
2505  80  1  0  0  0  81
2506  67  0  0  16  0  83
2507  83  0  0  0  0  83
2508  93  0  0  0  0  93
2509  96  0  2  0  0  98
2510  101  0  0  0  0  101
2511  105  0  0  0  0  105
2512  112  0  0  0  0  112
2513  113  0  0  0  0  113
2514  118  0  0  1  0  119
2515  127  0  0  7  0  134
2516  138  0  0  0  0  138
2517  150  3  1  0  0  154
2518  143  0  16  0  0  159
2519  163  0  0  0  0  163
2520  157  4  0  1  8  170
2521  174  0  0  0  0  174
2522  171  8  0  0  0  179
2523  180  0  0  0  0  180
2524  180  0  0  0  0  180
2525  181  0  0  0  0  181
2526  156  26  0  0  0  182
2527  177  0  0  8  0  185
2528  177  7  0  0  3  187
2529  175  12  0  0  2  189
2530  198  0  0  0  0  198
2531  199  0  0  0  0  199
2532  188  12  0  0  0  200
2533  201  0  1  0  0  202
2534  181  0  0  28  0  209
2535  215  0  0  0  0  215
2536  219  0  0  0  0  219
2537  227  0  0  0  0  227
2538  228  0  6  0  0  234
2539  233  0  0  0  0  233
2540  231  0  0  0  0  231
2541  56  0  0  175  0  231
2542  244  0  0  0  0  244
2543  235  13  0  0  0  248
2544  238  0  10  0  0  248
2545  253  0  0  0  0  253
2546  256  0  0  0  0  256
2547  254  0  9  0  0  263
2548  266  1  0  0  0  267
2549  266  0  0  0  0  266
2550  267  2  0  0  0  269
2551  251  13  0  0  8  272
2552  278  0  0  0  0  278
2553  281  0  2  0  0  283
2554  288  0  0  0  0  288
2555  286  2  0  2  1  291
2556  280  0  15  0  0  295
2557  291  7  0  0  0  298
2558  294  0  0  0  5  299
2559  279  13  8  0  0  300
2560  303  1  0  0  0  304
2561  302  0  0  0  0  302
2562  294  0  9  0  0  303
2563  302  0  0  2  0  304
2564  304  0  0  0  0  304
2565  293  0  0  0  11  304
2566  310  0  0  0  0  310
2567  311  0  0  0  0  311
2568  314  0  0  0  0  314
2569  290  11  13  2  0  316
2570  315  0  0  0  0  315
2571  316  0  0  0  0  316
2572  314  1  0  0  0  315
2573  315  0  0  0  0  315
2574  312  2  1  0  0  315
2575  316  0  0  0  0  316
2576  305  10  0  0  0  315
2577  291  0  24  0  0  315
2578  288  20  0  0  6  314
2579  309  0  0  1  1  311
2580  3  0  0  307  0  310
2581  317  0  0  0  0  317
2582  316  0  0  0  1  317
2583  286  0  0  31  0  317
2584  317  0  0  1  0  318
2585  316  1  0  0  0  317
2586  304  16  0  0  0  320
2587  321  0  0  0  0  321
2588  304  15  0  0  1  320
2589  314  0  0  0  6  320
2590  320  0  0  0  0  320
2591  317  6  0  0  0  323
2592  296  6  9  12  0  323
2593  313  9  0  0  0  322
2594  322  0  0  0  0  322
2595  163  0  0  157  0  320
2596  314  6  0  0  0  320
2597  310  6  4  0  0  320
2598  282  31  0  0  0  313
2599  293  0  9  0  7  309
2600  14  1  0  11  255  281
2601  113  147  14  0  9  283
2602  285  0  9  0  0  294
2603  294  0  0  0  0  294
2604  289  0  0  0  4  293
2605  288  3  0  0  0  291
2606  291  0  0  0  0  291
2607  257  11  4  0  0  272
2608  273  0  0  1  0  274
2609  272  0  0  0  2  274
2610  260  2  13  0  0  275
2611  258  0  9  0  0  267
2612  260  0  0  0  1  261
2613  258  1  0  1  0  260
2614  241  0  9  1  0  251
2615  233  7  0  0  2  242
2616  221  0  0  0  6  227
2617  207  0  15  0  0  222
2618  207  12  1  0  0  220
2619  214  0  0  0  0  214
2620  214  0  0  0  0  214
2621  213  0  0  0  0  213
2622  207  6  0  0  0  213
2623  213  0  0  0  0  213
2624  211  0  0  0  0  211
2625  208  0  0  0  0  208
2626  204  0  0  0  0  204
2627  4  0  0  183  0  187
2628  183  8  0  0  0  191
2629  197  0  0  0  0  197
2630  193  0  0  0  0  193
2631  187  0  6  0  0  193
2632  153  0  37  0  0  190
2633  187  1  0  0  0  188
2634  147  0  0  37  0  184
2635  173  0  0  7  0  180
2636  172  0  7  0  0  179
2637  175  0  0  0  0  175
2638  174  1  0  0  0  175
2639  167  0  0  0  0  167
2640  162  0  0  0  0  162
2641  159  0  0  0  0  159
2642  145  11  2  0  0  158
2643  152  2  0  0  0  154
2644  153  0  1  0  0  154
2645  138  0  8  0  0  146
2646  138  3  0  0  0  141
2647  136  1  3  0  0  140
2648  12  0  0  111  0  123
2649  123  5  0  0  0  128
2650  122  0  0  8  0  130
2651  127  4  0  0  0  131
2652  123  0  8  0  0  131
2653  118  6  3  0  0  127
2654  123  1  0  0  0  124
2655  123  0  0  0  0  123
2656  123  0  0  0  0  123
2657  125  0  0  0  0  125
2658  126  0  0  0  0  126
2659  127  0  0  2  0  129
2660  130  0  0  0  0  130
2661  130  0  1  0  1  132
2662  121  3  5  0  0  129
2663  128  0  0  0  0  128
2664  126  0  0  0  0  126
2665  121  0  0  0  0  121
2666  7  0  45  0  67  119
2667  131  0  0  0  0  131
2668  131  0  0  1  0  132
2669  133  0  0  0  0  133
2670  132  0  0  0  0  132
2671  118  8  6  0  0  132
2672  134  0  0  0  0  134
2673  134  0  0  0  0  134
2674  133  0  0  1  0  134
2675  135  0  0  0  0  135
2676  129  7  1  0  0  137
2677  127  8  0  0  0  135
2678  67  60  0  0  0  127
2679  138  0  0  0  0  138
2680  139  0  0  0  0  139
2681  132  0  0  0  5  137
2682  133  0  0  1  0  134
2683  135  0  0  0  0  135
2684  94  0  0  0  35  129
2685  127  0  0  0  0  127
2686  8  0  114  0  0  122
2687  67  59  0  0  0  126
2688  128  0  0  0  0  128
2689  120  0  10  0  0  130
2690  113  17  0  0  3  133
2691  133  0  0  1  0  134
2692  135  0  0  0  0  135
2693  132  0  0  0  2  134
2694  128  5  0  0  0  133
2695  124  9  0  0  0  133
2696  133  0  0  0  0  133
2697  135  0  0  0  0  135
2698  134  0  0  0  0  134
2699  135  0  0  0  0  135
2700  123  0  12  0  0  135
2701  127  5  1  0  0  133
2702  9  0  0  121  0  130
2703  122  0  10  0  0  132
2704  133  0  0  0  0  133
2705  132  0  1  0  0  133
2706  128  5  0  0  0  133
2707  132  0  0  0  1  133
2708  133  0  0  0  0  133
2709  80  0  3  51  0  134
2710  135  0  0  0  0  135
2711  133  3  1  0  0  137
2712  137  0  0  0  1  138
2713  134  0  2  0  0  136
2714  129  5  1  0  0  135
2715  53  79  0  0  0  132
2716  136  0  0  0  0  136
2717  133  2  0  0  0  135
2718  135  0  0  0  0  135
2719  135  0  0  0  0  135
2720  135  0  0  0  0  135
2721  125  9  0  0  0  134
2722  123  10  0  0  0  133
2723  127  5  0  0  0  132
2724  132  0  0  0  0  132
2725  129  0  0  0  0  129
2726  75  47  0  0  2  124
2727  85  0  0  0  40  125
2728  84  0  0  0  40  124
2729  132  0  0  0  0  132
2730  127  3  0  0  0  130
2731  123  0  5  0  0  128
2732  124  0  0  3  0  127
2733  131  0  0  0  0  131
2734  122  9  0  0  0  131
2735  131  0  0  0  0  131
2736  129  0  1  0  0  130
2737  124  0  5  0  0  129
2738  116  6  5  0  0  127
2739  127  0  0  0  0  127
2740  127  0  0  0  0  127
2741  128  0  0  0  0  128
2742  119  0  7  0  0  126
2743  123  0  0  1  0  124
2744  120  0  1  1  0  122
2745  113  4  2  0  0  119
2746  118  0  0  0  0  118
2747  119  0  0  0  0  119
2748  117  0  1  0  0  118
2749  113  0  2  3  0  118
2750  112  2  4  0  0  118
2751  104  14  0  0  0  118
2752  118  0  0  0  0  118
2753  118  0  0  0  0  118
2754  117  0  0  0  0  117
2755  116  0  0  0  0  116
2756  88  0  22  0  0  110
2757  111  0  0  0  0  111
2758  109  0  0  0  0  109
2759  102  4  0  0  0  106
2760  102  0  3  0  1  106
2761  102  0  0  1  0  103
2762  100  0  0  0  0  100
2763  98  0  0  0  0  98
2764  96  0  0  0  0  96
2765  95  0  0  0  0  95
2766  90  2  0  0  0  92
2767  89  0  0  0  0  89
2768  89  0  0  0  0  89
2769  88  0  0  0  0  88
2770  87  1  0  0  0  88
2771  87  0  0  0  0  87
2772  82  0  0  0  0  82
2773  82  0  0  0  0  82
2774  79  2  0  0  0  81
2775  77  0  0  0  0  77
2776  74  0  0  0  0  74
2777  73  0  0  0  0  73
2778  66  0  2  2  1  71
2779  68  0  0  0  0  68
2780  63  3  0  0  0  66
2781  59  4  0  0  2  65
2782  51  1  13  0  0  65
2783  64  0  0  0  0  64
2784  58  4  1  0  0  63
2785  59  2  0  0  0  61
2786  60  0  0  0  0  60
2787  60  0  0  0  0  60
2788  54  0  0  0  1  55
2789  51  0  0  0  0  51
2790  49  0  0  0  0  49
2791  0  0  0  0  0  0
2792  0  0  0  0  0  0
2793  0  0  0  0  0  0
2794  0  0  0  0  0  0
2795  0  0  0  0  0  0
2796  0  0  0  0  0  0
2797  0  0  0  0  0  0
2798  0  0  0  0  0  0
2799  0  0  0  0  0  0
2800  0  0  0  0  0  0
2801  0  0  0  0  0  0
2802  0  0  0  0  0  0
2803  0  0  0  0  0  0
2804  0  0  0  0  0  0
2805  0  0  0  0  0  0
2806  0  0  0  0  0  0
2807  0  0  0  0  0  0
2808  0  0  0  0  0  0
2809  0  0  0  0  0  0
2810  0  0  0  0  0  0
2811  0  0  0  0  0  0
2812  0  0  0  0  0  0
2813  0  0  0  0  0  0
2814  0  0  0  0  0  0
2815  0  0  0  0  0  0
2816  0  0  0  0  0  0
2817  0  0  0  0  0  0
2818  0  0  0  0  0  0
2819  0  0  0  0  0  0
2820  0  0  0  0  0  0
2821  0  0  0  0  0  0
2822  0  0  0  0  0  0
2823  0  0  0  0  0  0
2824  0  0  0  0  0  0
