Position	CountMatch	CountA	CountT	CountG	CountC	Depth
1  4598  0  0  0  0  4588
2  5065  0  0  0  0  5066
3  7317  6  9  1  0  7328
4  8070  0  429  106  28  8628
5  8482  551  118  0  81  9233
6  9522  73  130  14  0  9744
7  9732  0  115  63  35  9949
8  9648  255  230  42  0  10180
9  9962  0  42  554  42  10603
10  9797  568  267  256  0  10893
11  10874  0  74  29  62  11042
12  9973  179  931  45  0  11133
13  9846  1184  193  0  59  11289
14  10255  1095  51  0  79  11490
15  11499  85  0  21  36  11647
16  10507  333  706  142  0  11697
17  10054  1438  180  0  115  11794
18  4926  6837  74  0  22  11873
19  12193  0  42  45  58  12341
20  10837  164  1312  93  0  12407
21  10762  1121  663  0  60  12612
22  12143  0  122  528  28  12823
23  11899  242  699  30  0  12881
24  11787  903  178  0  42  12917
25  12864  21  0  10  84  12983
26  12060  146  748  70  0  13032
27  11294  1358  253  0  122  13033
28  12174  633  160  0  59  13030
29  12737  174  44  0  54  13012
30  12319  122  457  86  0  12994
31  11965  815  132  0  47  12965
32  12809  62  0  41  30  12948
33  12661  94  137  0  24  12926
34  12282  511  43  0  46  12889
35  12316  292  179  50  0  12841
36  12641  0  41  55  16  12757
37  12575  45  0  37  46  12711
38  12002  182  328  0  63  12584
39  9164  2883  181  58  0  12294
40  11677  171  304  58  0  12212
41  11946  0  32  100  27  12106
42  11815  68  0  132  42  12061
43  11349  215  240  15  0  11822
44  11358  0  36  84  35  11515
45  7608  137  0  66  3100  10915
46  8936  839  659  237  0  10672
47  9280  673  335  0  33  10324
48  9996  50  101  5  0  10154
49  9573  34  101  12  0  9721
50  4910  134  3417  65  0  8532
51  8354  8  0  2  4  8371
52  8130  1  0  0  0  8134
53  7378  0  0  0  0  7378
