Position	CountMatch	CountA	CountT	CountG	CountC	Depth
1  48  0  0  0  0  48
2  49  0  0  0  0  49
3  49  0  0  0  0  49
4  49  0  0  0  0  49
5  50  0  0  0  0  50
6  50  0  0  0  0  50
7  50  0  0  0  0  50
8  51  0  0  0  0  51
9  52  0  0  0  0  52
10  53  0  0  0  0  53
11  54  0  1  0  0  55
12  56  0  0  0  0  56
13  58  0  0  0  0  58
14  58  0  0  0  0  58
15  58  0  0  0  0  58
16  60  0  0  0  0  60
17  60  0  0  0  0  60
18  60  0  0  0  0  60
19  61  0  0  0  0  61
20  62  0  0  0  0  62
21  62  0  0  0  0  62
22  62  0  0  0  0  62
23  62  0  0  0  0  62
24  61  0  0  0  0  61
25  61  0  0  0  0  61
26  61  0  0  0  0  61
27  64  0  0  0  0  64
28  63  0  1  0  0  64
29  64  0  0  0  0  64
30  64  0  0  0  0  64
31  64  0  0  0  0  64
32  63  0  0  0  0  63
33  2  61  0  0  0  63
34  68  0  0  0  0  68
35  69  0  0  0  0  69
36  71  0  0  0  0  71
37  70  0  1  0  0  71
38  71  0  0  0  0  71
39  71  0  0  0  0  71
40  71  0  0  0  0  71
41  69  0  0  0  0  69
42  68  0  0  0  0  68
43  68  0  0  0  0  68
44  1  0  65  0  0  66
45  68  0  0  0  0  68
46  69  0  0  0  0  69
47  69  0  0  0  0  69
48  68  0  0  0  1  69
49  69  0  0  0  0  69
50  69  0  0  0  0  69
51  69  0  0  0  0  69
52  1  0  0  60  1  62
53  62  0  0  0  0  62
54  61  0  0  0  1  62
55  1  0  61  0  0  62
56  62  0  0  0  0  62
57  62  0  0  0  0  62
58  62  0  0  0  0  62
59  1  0  61  0  0  62
60  66  0  0  0  0  66
61  66  0  0  0  0  66
62  66  0  0  0  0  66
63  66  0  0  0  0  66
64  66  0  0  0  0  66
65  67  0  0  0  0  67
66  68  0  0  0  0  68
67  70  0  0  0  0  70
68  69  0  0  0  0  69
69  68  0  0  1  0  69
70  69  0  0  0  0  69
71  68  0  0  0  0  68
72  68  0  0  0  0  68
73  1  64  0  0  0  65
74  65  0  0  0  0  65
75  65  0  0  0  0  65
76  1  0  0  0  64  65
77  68  0  0  0  1  69
78  70  0  0  0  0  70
79  70  0  0  0  0  70
80  70  0  0  0  0  70
81  70  0  0  0  0  70
82  70  0  0  0  0  70
83  70  0  0  0  0  70
84  70  0  0  0  0  70
85  70  0  0  0  0  70
86  71  0  0  0  0  71
87  70  0  0  0  0  70
88  70  0  0  0  0  70
89  69  0  0  0  0  69
90  66  0  0  0  1  67
91  67  0  0  0  0  67
92  67  0  0  0  0  67
93  66  0  0  0  0  66
94  66  0  0  0  0  66
95  66  0  0  0  0  66
96  66  0  0  0  0  66
97  66  0  0  0  0  66
98  66  0  0  0  0  66
99  66  0  0  0  0  66
100  67  0  0  0  0  67
101  65  0  1  0  0  66
102  66  0  0  0  0  66
103  66  0  0  0  0  66
104  66  0  0  0  0  66
105  66  0  0  0  0  66
106  66  0  0  0  0  66
107  65  0  1  0  0  66
108  65  0  0  0  0  65
109  65  0  0  0  0  65
110  66  0  0  0  0  66
111  66  0  0  0  0  66
112  65  0  0  0  0  65
113  65  0  0  0  0  65
114  61  0  1  0  0  62
115  61  0  0  0  0  61
116  60  0  0  0  0  60
117  60  0  0  0  0  60
118  60  0  0  0  0  60
119  59  0  0  0  0  59
120  54  0  0  0  0  54
121  1  52  0  1  0  54
122  54  0  0  0  0  54
123  1  53  0  0  0  54
124  66  0  0  0  0  66
125  66  0  0  0  0  66
126  67  0  0  0  0  67
127  67  0  0  0  0  67
128  68  0  0  0  0  68
129  68  0  0  0  0  68
130  67  0  1  0  0  68
131  69  0  0  0  0  69
132  71  0  0  0  0  71
133  70  0  0  0  0  70
134  69  0  0  0  0  69
135  67  0  0  0  0  67
136  67  0  0  0  0  67
137  67  0  0  0  0  67
138  65  0  0  0  0  65
139  65  0  0  0  0  65
140  64  0  0  0  0  64
141  65  0  0  0  0  65
142  66  0  0  0  0  66
143  67  0  0  0  0  67
144  67  0  0  0  0  67
145  67  0  0  0  0  67
146  67  0  0  0  0  67
147  67  0  0  0  0  67
148  68  0  0  0  0  68
149  69  0  0  0  1  70
150  71  0  0  0  0  71
151  71  0  0  0  0  71
152  70  0  0  1  0  71
153  72  0  0  0  0  72
154  71  0  0  0  0  71
155  72  0  0  0  0  72
156  72  0  0  0  0  72
157  71  0  0  0  0  71
158  69  0  0  0  0  69
159  69  0  0  0  0  69
160  68  0  0  0  0  68
161  66  0  1  0  0  67
162  66  0  0  0  0  66
163  66  0  0  0  0  66
164  66  0  0  0  0  66
165  62  0  0  0  0  62
166  62  0  0  0  0  62
167  62  0  0  0  0  62
168  0  62  0  0  0  62
169  66  0  0  0  0  66
170  65  0  0  0  1  66
171  67  0  0  0  0  67
172  67  0  0  0  0  67
173  67  0  0  0  0  67
174  68  0  0  0  0  68
175  66  0  0  0  1  67
176  68  0  0  0  0  68
177  67  0  0  0  0  67
178  67  0  0  0  0  67
179  68  0  0  0  0  68
180  68  0  0  0  0  68
181  68  0  0  0  0  68
182  68  0  0  0  0  68
183  69  0  0  0  0  69
184  68  0  0  0  0  68
185  68  0  0  0  0  68
186  68  0  0  0  0  68
187  67  0  0  0  0  67
188  66  0  0  0  0  66
189  66  0  0  0  0  66
190  66  0  0  0  0  66
191  66  0  0  0  0  66
192  66  0  0  0  0  66
193  64  0  0  0  1  65
194  66  0  0  0  0  66
195  66  0  0  0  0  66
196  66  0  0  0  0  66
197  65  0  1  0  0  66
198  65  0  0  0  0  65
199  64  1  0  0  0  65
200  65  0  0  0  0  65
201  64  0  0  0  0  64
202  63  0  0  0  0  63
203  61  0  0  1  0  62
204  62  0  0  0  0  62
205  64  0  0  0  0  64
206  64  0  0  0  0  64
207  64  0  0  0  0  64
208  63  0  0  0  1  64
209  0  0  63  0  0  63
210  64  0  0  0  0  64
211  65  0  0  0  0  65
212  65  0  0  0  0  65
213  66  0  0  0  0  66
214  65  0  0  0  1  66
215  66  0  0  0  0  66
216  67  0  0  0  0  67
217  65  0  0  0  0  65
218  64  0  0  0  0  64
219  65  0  0  0  0  65
220  64  0  1  0  0  65
221  64  0  0  0  0  64
222  64  0  0  0  0  64
223  64  0  0  0  0  64
224  63  0  0  0  0  63
225  63  0  0  0  0  63
226  62  1  0  1  0  64
227  64  0  0  0  0  64
228  64  0  0  0  0  64
229  65  0  0  0  0  65
230  65  0  0  0  0  65
231  66  0  0  0  0  66
232  65  0  0  0  1  66
233  66  0  0  0  1  67
234  68  0  0  0  0  68
235  68  0  0  0  0  68
236  69  0  0  0  0  69
237  69  0  0  0  0  69
238  67  0  0  0  0  67
239  67  0  0  0  0  67
240  68  0  0  0  0  68
241  68  0  1  0  0  69
242  68  2  0  0  0  70
243  72  0  0  0  0  72
244  71  0  1  0  0  72
245  69  0  1  0  1  71
246  72  0  0  0  0  72
247  73  0  0  0  0  73
248  74  0  0  0  0  74
249  74  0  0  0  0  74
250  74  0  0  0  0  74
251  73  0  0  0  0  73
252  72  0  0  0  0  72
253  0  70  0  0  0  70
254  72  0  0  0  0  72
255  74  0  0  0  0  74
256  74  0  0  0  0  74
257  74  0  0  0  0  74
258  75  0  0  0  0  75
259  75  0  0  0  0  75
260  73  0  0  0  0  73
261  72  0  0  0  0  72
262  71  0  0  0  0  71
263  72  0  0  0  0  72
264  72  0  0  1  0  73
265  72  0  0  0  0  72
266  71  0  0  1  0  72
267  72  0  0  0  0  72
268  71  0  0  0  0  71
269  0  68  0  0  0  68
270  69  0  0  0  0  69
271  70  0  0  0  0  70
272  70  0  0  0  0  70
273  69  0  0  0  0  69
274  69  0  0  0  0  69
275  69  0  0  0  0  69
276  71  0  0  0  0  71
277  70  0  0  0  0  70
278  70  0  0  0  0  70
279  69  0  0  0  0  69
280  69  0  0  0  0  69
281  69  0  0  0  0  69
282  68  0  0  0  0  68
283  65  0  0  0  0  65
284  65  0  0  0  0  65
285  65  0  0  0  0  65
286  65  0  0  0  0  65
287  0  0  65  0  0  65
288  67  0  0  0  0  67
289  68  0  0  0  0  68
290  66  1  0  0  1  68
291  69  0  0  0  0  69
292  69  0  0  0  0  69
293  68  0  0  0  0  68
294  66  0  0  0  0  66
295  66  0  0  0  0  66
296  66  0  0  0  0  66
297  68  0  0  0  0  68
298  67  0  0  0  0  67
299  68  0  0  0  0  68
300  66  0  0  0  1  67
301  66  0  0  0  0  66
302  66  0  0  0  0  66
303  66  0  0  0  0  66
304  66  0  0  0  0  66
305  65  0  0  0  0  65
306  64  0  0  0  0  64
307  64  0  0  0  0  64
308  64  0  0  0  0  64
309  64  0  0  0  0  64
310  63  0  0  0  0  63
311  64  0  0  0  0  64
312  62  0  0  0  0  62
313  62  0  0  0  0  62
314  62  0  0  0  0  62
315  59  0  0  1  0  60
316  60  0  0  0  0  60
317  60  0  0  0  0  60
318  59  0  1  0  0  60
319  60  0  0  0  0  60
320  60  0  0  0  0  60
321  59  0  0  0  0  59
322  58  0  1  0  0  59
323  58  0  0  0  0  58
324  58  0  0  0  0  58
325  58  0  0  0  0  58
326  58  0  0  0  0  58
327  58  0  0  0  0  58
328  58  0  0  0  0  58
329  57  0  0  0  0  57
330  56  0  0  0  0  56
331  51  0  4  0  0  55
332  55  0  0  0  0  55
333  55  0  0  0  0  55
334  55  0  0  0  0  55
335  51  0  0  0  0  51
336  51  0  0  0  0  51
337  51  0  0  0  0  51
338  51  0  0  0  0  51
339  52  0  0  0  0  52
340  61  0  0  0  0  61
341  61  0  0  0  0  61
342  62  0  0  0  0  62
343  62  0  0  0  0  62
344  63  0  0  0  0  63
345  64  0  0  0  0  64
346  64  0  0  0  0  64
347  65  0  0  0  0  65
348  66  0  0  0  0  66
349  67  0  0  0  0  67
350  67  0  0  0  0  67
351  68  0  0  0  0  68
352  70  0  0  0  0  70
353  70  0  0  0  0  70
354  70  0  0  0  0  70
355  70  0  1  0  0  71
356  71  0  0  0  0  71
357  70  0  0  0  1  71
358  69  1  0  0  0  70
359  70  0  0  0  0  70
360  66  0  0  0  0  66
361  66  0  0  0  0  66
362  66  0  0  0  0  66
363  66  0  0  0  0  66
364  66  0  0  0  0  66
365  65  0  0  0  0  65
366  69  0  0  0  0  69
367  67  0  0  0  0  67
368  67  0  0  0  0  67
369  67  0  0  0  0  67
370  67  0  0  0  0  67
371  0  0  0  66  0  66
372  66  0  0  0  0  66
373  66  0  0  0  0  66
374  66  0  0  0  0  66
375  65  0  0  0  0  65
376  64  0  0  0  0  64
377  0  60  0  0  0  60
378  0  0  60  0  0  60
379  68  0  0  0  0  68
380  68  0  0  0  0  68
381  68  0  0  0  0  68
382  69  0  0  0  0  69
383  69  0  0  0  0  69
384  69  0  0  0  0  69
385  69  0  0  0  0  69
386  68  0  0  0  0  68
387  0  68  0  0  0  68
388  71  0  0  0  0  71
389  71  0  0  0  0  71
390  71  0  0  0  0  71
391  71  0  0  0  0  71
392  70  0  0  0  0  70
393  70  0  0  0  0  70
394  0  0  69  0  0  69
395  69  0  0  0  0  69
396  71  0  0  0  0  71
397  71  0  0  0  0  71
398  70  0  0  0  0  70
399  69  0  0  0  0  69
400  68  0  0  0  0  68
401  68  0  0  0  0  68
402  69  0  0  0  0  69
403  69  0  0  0  0  69
404  67  0  0  0  0  67
405  65  0  0  0  0  65
406  65  0  0  0  0  65
407  64  0  0  0  0  64
408  64  0  0  0  0  64
409  64  0  0  0  0  64
410  63  0  0  0  0  63
411  63  0  0  0  0  63
412  63  0  0  0  0  63
413  63  0  0  0  0  63
414  64  0  0  0  0  64
415  63  0  1  0  0  64
416  63  0  0  0  0  63
417  63  0  0  0  0  63
418  62  0  0  0  0  62
419  62  0  0  0  0  62
420  62  0  0  0  0  62
421  0  0  58  0  0  58
422  0  58  0  0  0  58
423  61  0  0  0  0  61
424  62  0  0  0  0  62
425  63  0  0  0  0  63
426  63  0  0  0  0  63
427  63  0  0  0  0  63
428  63  0  0  0  0  63
429  62  0  0  0  1  63
430  64  0  0  0  0  64
431  64  0  0  0  0  64
432  64  0  0  0  0  64
433  63  0  0  0  0  63
434  63  0  0  0  0  63
435  66  0  0  0  0  66
436  67  0  0  0  0  67
437  66  0  0  0  0  66
438  65  0  0  0  1  66
439  66  0  0  0  0  66
440  65  0  0  1  0  66
441  66  0  0  0  0  66
442  66  0  0  0  0  66
443  67  0  0  0  0  67
444  69  0  0  0  0  69
445  68  0  0  0  0  68
446  68  0  0  0  0  68
447  68  0  0  0  0  68
448  69  0  0  0  0  69
449  69  0  0  0  0  69
450  69  0  0  0  0  69
451  68  0  0  0  0  68
452  67  0  0  0  0  67
453  66  0  0  0  0  66
454  0  0  64  0  0  64
455  66  0  0  1  0  67
456  68  0  0  0  0  68
457  68  0  0  0  0  68
458  68  0  0  0  0  68
459  0  67  0  0  0  67
460  69  0  0  0  0  69
461  69  0  0  0  0  69
462  71  0  0  0  0  71
463  71  0  0  0  0  71
464  71  0  0  1  0  72
465  72  0  0  0  0  72
466  71  0  0  0  1  72
467  72  0  0  0  0  72
468  71  0  0  0  0  71
469  71  0  0  0  0  71
470  71  0  0  0  0  71
471  71  0  0  0  0  71
472  70  0  0  0  0  70
473  69  0  0  0  0  69
474  67  0  0  0  0  67
475  67  0  0  0  0  67
476  72  0  0  0  0  72
477  72  0  0  0  0  72
478  71  0  0  0  0  71
479  71  0  0  0  0  71
480  71  0  0  0  0  71
481  71  0  0  0  0  71
482  72  0  0  0  0  72
483  72  0  0  0  0  72
484  63  0  0  0  0  63
485  65  0  0  0  0  65
486  65  0  0  0  0  65
487  65  0  0  0  0  65
488  66  0  0  0  0  66
489  67  0  0  0  0  67
490  68  0  0  0  0  68
491  69  0  0  0  0  69
492  70  0  0  0  0  70
493  71  0  0  0  0  71
494  71  0  0  0  0  71
495  68  0  1  0  0  69
496  69  0  0  0  0  69
497  67  0  0  1  0  68
498  68  0  0  0  0  68
499  68  0  0  0  0  68
500  68  0  0  0  0  68
501  68  0  0  0  0  68
502  68  0  0  0  0  68
503  68  0  0  0  0  68
504  0  0  65  0  0  65
505  67  0  0  0  0  67
506  67  0  0  0  0  67
507  68  0  0  0  0  68
508  66  0  0  1  0  67
509  69  0  0  0  0  69
510  69  0  0  0  0  69
511  70  0  0  0  0  70
512  69  0  0  0  0  69
513  68  0  0  0  0  68
514  68  0  0  0  0  68
515  64  0  1  0  0  65
516  64  0  1  0  0  65
517  3  0  61  0  0  64
518  64  0  0  0  0  64
519  3  61  0  0  0  64
520  68  1  0  0  0  69
521  66  0  0  0  0  66
522  66  0  0  0  0  66
523  66  0  0  0  0  66
524  67  0  0  0  0  67
525  66  0  0  0  0  66
526  68  0  0  0  0  68
527  68  0  0  1  0  69
528  70  0  0  0  0  70
529  68  0  0  0  0  68
530  70  0  0  0  0  70
531  70  0  0  0  0  70
532  71  0  0  0  0  71
533  71  0  0  0  0  71
534  70  0  0  0  0  70
535  70  0  0  0  0  70
536  70  0  0  0  0  70
537  70  0  0  0  0  70
538  71  0  0  0  0  71
539  71  0  0  0  0  71
540  70  0  0  0  0  70
541  70  0  0  0  0  70
542  70  0  0  0  0  70
543  68  0  0  0  0  68
544  67  0  0  0  0  67
545  67  0  0  0  0  67
546  66  0  0  0  0  66
547  66  0  0  0  0  66
548  66  0  0  0  0  66
549  66  0  0  0  0  66
550  66  0  0  0  0  66
551  0  0  66  0  0  66
552  68  0  0  0  0  68
553  69  0  0  0  0  69
554  66  0  0  0  3  69
555  69  0  0  0  0  69
556  69  0  0  0  0  69
557  67  0  0  0  0  67
558  67  0  0  0  0  67
559  66  0  0  0  0  66
560  68  0  0  0  0  68
561  68  0  0  0  0  68
562  47  0  0  15  0  62
563  62  0  0  0  0  62
564  47  15  0  0  0  62
565  62  0  0  0  0  62
566  47  0  0  15  0  62
567  63  0  0  0  0  63
568  55  0  0  8  0  63
569  62  0  0  0  0  62
570  62  0  0  0  0  62
571  44  18  0  0  0  62
572  64  0  0  0  0  64
573  64  0  0  0  0  64
574  64  0  0  0  0  64
575  57  0  0  0  0  57
576  57  0  0  0  0  57
577  0  0  57  0  0  57
578  58  0  0  0  0  58
579  56  0  0  2  0  58
580  59  0  0  0  0  59
581  60  0  0  0  0  60
582  60  0  0  0  0  60
583  60  0  0  0  0  60
584  60  0  0  0  0  60
585  60  0  0  0  0  60
586  57  0  0  0  0  57
587  56  0  0  0  0  56
588  56  0  0  0  0  56
589  56  0  0  0  0  56
590  55  0  0  0  0  55
591  61  0  0  0  0  61
592  61  0  0  0  0  61
593  62  0  0  0  0  62
594  63  0  0  0  0  63
595  63  0  0  0  0  63
596  61  1  0  0  0  62
597  59  0  0  0  0  59
598  59  0  1  0  0  60
599  60  0  0  0  0  60
600  59  0  1  0  0  60
601  58  0  0  0  1  59
602  59  0  0  0  0  59
603  58  0  0  0  0  58
604  57  0  0  0  0  57
605  57  0  0  0  0  57
606  57  0  0  0  0  57
607  0  49  0  0  0  49
608  0  0  0  49  0  49
609  49  0  0  0  0  49
610  49  0  0  0  0  49
611  49  0  0  0  0  49
612  49  0  0  0  0  49
613  0  49  0  0  0  49
614  0  49  0  0  0  49
615  55  0  0  0  0  55
616  55  0  0  0  0  55
617  55  0  0  0  0  55
618  56  0  0  0  0  56
619  57  0  0  0  0  57
620  57  0  0  0  0  57
621  57  0  0  0  0  57
622  57  0  0  0  0  57
623  57  0  0  0  0  57
624  57  0  0  0  0  57
625  58  0  0  0  0  58
626  58  0  0  0  0  58
627  58  0  0  0  0  58
628  58  0  0  0  0  58
629  58  0  0  0  0  58
630  58  0  0  0  0  58
631  57  0  0  0  0  57
632  56  0  0  0  0  56
633  56  0  0  0  0  56
634  56  0  0  0  0  56
635  56  0  0  0  0  56
636  56  0  0  0  0  56
637  55  0  0  0  0  55
638  54  0  1  0  0  55
639  54  0  0  0  0  54
640  52  0  0  0  0  52
641  0  0  52  0  0  52
642  52  0  0  0  0  52
643  52  0  0  0  0  52
644  0  52  0  0  0  52
645  53  0  0  0  0  53
646  53  0  0  0  0  53
647  54  0  0  0  0  54
648  54  0  0  0  0  54
649  54  0  0  0  0  54
650  53  0  0  0  0  53
651  52  0  0  0  0  52
652  52  0  0  0  0  52
653  52  0  0  0  0  52
654  0  50  0  0  0  50
655  50  0  0  0  0  50
656  50  0  0  0  0  50
657  49  0  1  0  0  50
658  49  0  0  0  0  49
659  48  0  1  0  0  49
660  0  0  46  0  0  46
661  46  0  0  0  0  46
662  0  0  0  46  0  46
663  47  0  0  0  0  47
664  47  0  0  0  0  47
665  46  1  0  0  0  47
666  47  0  0  0  0  47
667  47  0  0  0  0  47
668  47  0  0  0  0  47
669  47  0  0  0  0  47
670  0  46  0  0  0  46
671  46  0  0  0  0  46
672  46  0  0  0  0  46
673  45  0  0  0  0  45
674  43  1  0  0  0  44
675  43  0  0  0  0  43
676  42  0  0  0  0  42
677  41  0  0  0  0  41
678  41  0  0  0  0  41
679  40  0  0  0  0  40
680  40  0  0  0  0  40
681  40  0  0  0  0  40
682  40  0  0  0  0  40
683  40  0  0  0  0  40
684  40  0  0  0  0  40
685  39  0  0  0  0  39
686  38  0  0  0  0  38
687  38  0  0  0  0  38
688  38  0  0  0  0  38
689  38  0  0  0  0  38
690  37  0  0  0  0  37
691  36  0  0  0  0  36
692  0  36  0  0  0  36
693  36  0  0  0  0  36
694  36  0  0  0  0  36
695  36  0  0  0  0  36
696  34  0  0  0  1  35
697  34  0  0  0  0  34
698  33  0  0  0  0  33
699  33  0  0  0  0  33
700  32  0  0  0  0  32
701  31  0  0  0  0  31
702  31  0  0  0  0  31
703  30  0  0  0  0  30
704  30  0  0  0  0  30
705  29  0  1  0  0  30
706  30  0  0  0  0  30
707  30  0  0  0  0  30
708  30  0  0  0  0  30
709  29  0  0  0  0  29
710  26  0  0  0  0  26
711  26  0  0  0  0  26
712  0  0  0  0  26  26
713  0  0  26  0  0  26
714  1  0  25  0  0  26
715  26  0  0  0  0  26
716  26  0  0  0  0  26
717  26  0  0  0  0  26
718  26  0  0  0  0  26
719  26  0  0  0  0  26
720  26  0  0  0  0  26
721  26  0  0  0  0  26
722  26  0  0  0  0  26
723  26  0  0  0  0  26
724  26  0  0  0  0  26
725  26  0  0  0  0  26
726  26  0  0  0  0  26
727  26  0  0  0  0  26
728  25  0  0  0  0  25
729  24  0  0  0  0  24
730  23  0  0  0  0  23
731  21  0  0  0  0  21
732  21  0  0  0  0  21
733  21  0  0  0  0  21
734  21  0  0  0  0  21
735  20  1  0  0  0  21
736  21  0  0  0  0  21
737  21  0  0  0  0  21
738  21  0  0  0  0  21
739  20  0  0  0  0  20
740  19  0  0  0  0  19
741  18  0  0  0  0  18
742  0  0  0  16  0  16
743  16  0  0  0  0  16
744  16  0  0  0  0  16
745  16  0  0  0  0  16
746  16  0  0  0  0  16
747  15  0  0  0  0  15
748  15  0  0  0  0  15
749  15  0  0  0  0  15
750  14  0  0  0  0  14
751  13  0  0  0  0  13
752  13  0  0  0  0  13
753  13  0  0  0  0  13
754  13  0  0  0  0  13
755  0  0  10  0  0  10
756  0  0  10  0  0  10
757  10  0  0  0  0  10
758  10  0  0  0  0  10
759  10  0  0  0  0  10
760  10  0  0  0  0  10
761  10  0  0  0  0  10
762  10  0  0  0  0  10
763  10  0  0  0  0  10
764  10  0  0  0  0  10
765  0  0  6  0  0  6
766  0  6  0  0  0  6
767  6  0  0  0  0  6
768  6  0  0  0  0  6
769  6  0  0  0  0  6
770  6  0  0  0  0  6
771  6  0  0  0  0  6
772  6  0  0  0  0  6
773  6  0  0  0  0  6
774  0  0  0  0  4  4
775  4  0  0  0  0  4
776  4  0  0  0  0  4
777  4  0  0  0  0  4
778  4  0  0  0  0  4
779  4  0  0  0  0  4
780  4  0  0  0  0  4
781  4  0  0  0  0  4
782  4  0  0  0  0  4
783  4  0  0  0  0  4
784  4  0  0  0  0  4
785  4  0  0  0  0  4
786  4  0  0  0  0  4
787  4  0  0  0  0  4
788  2  0  0  0  0  2
789  2  0  0  0  0  2
790  2  0  0  0  0  2
791  2  0  0  0  0  2
792  2  0  0  0  0  2
793  2  0  0  0  0  2
794  2  0  0  0  0  2
795  0  2  0  0  0  2
796  2  0  0  0  0  2
797  2  0  0  0  0  2
798  2  0  0  0  0  2
799  2  0  0  0  0  2
800  1  0  0  0  0  1
801  1  0  0  0  0  1
802  1  0  0  0  0  1
803  1  0  0  0  0  1
804  1  0  0  0  0  1
805  1  0  0  0  0  1
806  0  0  0  0  0  0
807  0  0  0  0  0  0
808  0  0  0  0  0  0
809  0  0  0  0  0  0
810  0  0  0  0  0  0
811  0  0  0  0  0  0
812  0  0  0  0  0  0
813  0  0  0  0  0  0
814  0  0  0  0  0  0
815  0  0  0  0  0  0
816  0  0  0  0  0  0
817  0  0  0  0  0  0
818  0  0  0  0  0  0
819  0  0  0  0  0  0
820  0  0  0  0  0  0
821  0  0  0  0  0  0
822  0  0  0  0  0  0
823  0  0  0  0  0  0
824  0  0  0  0  0  0
