Position	CountMatch	CountA	CountT	CountG	CountC	Depth
1  3560  0  0  0  0  3538
2  4890  0  0  0  0  4879
3  5592  2  0  7  47  5646
4  7644  22  45  3  0  7689
5  7782  68  91  21  0  7959
6  8111  0  70  39  11  8229
7  8346  0  52  11  7  8415
8  5194  0  77  3106  79  8454
9  8655  132  89  0  27  8903
10  8694  316  20  0  10  9039
11  8042  455  548  59  0  9105
12  8472  505  346  0  52  9375
13  6589  2647  185  0  42  9464
14  10042  29  0  57  17  10143
15  10065  175  65  0  13  10318
16  10380  0  19  26  28  10452
17  10310  49  0  16  104  10478
18  9917  443  190  0  14  10564
19  5902  334  4238  0  125  10599
20  10086  470  224  47  0  10827
21  10645  0  87  165  18  10915
22  10719  147  0  21  82  10970
23  10554  190  256  0  23  11022
24  8887  122  2024  16  0  11049
25  10728  192  143  28  0  11091
26  10974  0  40  22  83  11119
27  9974  159  971  24  0  11128
28  10440  387  163  0  139  11129
29  10939  43  115  31  0  11128
30  10634  98  347  47  0  11126
31  9710  180  1180  29  0  11099
32  9815  1045  150  0  38  11048
33  10946  0  20  25  7  10998
34  10366  72  504  32  0  10974
35  10173  622  92  0  29  10916
36  10732  23  0  12  39  10806
37  9276  356  919  15  0  10566
38  9371  903  110  0  91  10475
39  10188  86  0  49  57  10380
40  8523  75  0  14  1631  10243
41  9179  108  799  54  0  10140
42  9358  481  93  0  72  10004
43  9772  0  61  61  5  9899
44  8842  36  869  41  0  9788
45  8611  245  713  42  0  9611
46  8660  527  197  0  35  9419
47  9011  215  0  21  35  9282
48  8594  147  312  0  39  9093
49  8183  47  0  46  558  8834
50  8155  70  375  0  16  8616
51  8382  29  0  19  2  8432
52  8085  12  4  0  1  8102
53  6762  0  0  0  0  6762
