Position	CountMatch	CountA	CountT	CountG	CountC	Depth
1  0  0  0  0  0  0
2  0  0  0  0  0  0
3  21  0  0  0  0  21
4  21  0  0  0  0  21
5  21  0  0  0  0  21
6  21  0  0  0  0  21
7  21  0  0  0  0  21
8  21  0  0  0  0  21
9  20  0  0  0  1  21
10  21  0  0  0  0  21
11  21  0  0  0  0  21
12  21  0  0  0  0  21
13  22  0  0  0  0  22
14  22  0  0  0  0  22
15  22  0  0  0  0  22
16  22  0  0  0  0  22
17  22  0  0  0  0  22
18  22  0  0  0  0  22
19  20  0  2  0  0  22
20  22  0  0  0  0  22
21  13  0  9  0  0  22
22  19  0  4  0  0  23
23  23  0  0  0  0  23
24  23  0  0  0  0  23
25  23  0  0  0  0  23
26  23  0  0  0  0  23
27  24  0  0  0  0  24
28  24  0  0  0  0  24
29  15  0  9  0  0  24
30  23  1  0  0  0  24
31  24  0  0  0  0  24
32  24  0  0  0  0  24
33  24  0  0  0  0  24
34  24  0  0  0  0  24
35  24  0  0  0  0  24
36  24  0  0  0  0  24
37  24  0  0  0  0  24
38  16  5  2  0  0  23
39  22  0  0  0  0  22
40  22  0  0  0  0  22
41  13  0  1  8  0  22
42  22  0  0  0  1  23
43  23  0  0  0  0  23
44  25  0  0  0  0  25
45  22  2  0  0  0  24
46  23  0  0  0  0  23
47  1  0  0  0  20  21
48  22  0  0  0  0  22
49  22  0  0  0  0  22
50  21  0  1  0  0  22
51  22  0  0  0  0  22
52  22  0  0  0  0  22
53  1  15  0  0  0  16
54  16  0  0  0  1  17
55  18  0  1  0  0  19
56  19  0  0  0  0  19
57  20  0  0  0  0  20
58  19  0  1  0  0  20
59  21  0  0  0  0  21
60  21  0  0  0  0  21
61  21  0  0  0  0  21
62  21  0  0  0  0  21
63  22  0  0  0  0  22
64  22  0  0  0  0  22
65  11  0  0  0  11  22
66  24  0  0  0  0  24
67  24  0  0  0  0  24
68  24  0  0  0  0  24
69  21  0  0  0  3  24
70  23  0  0  0  0  23
71  21  2  0  0  0  23
72  24  0  0  0  0  24
73  24  0  0  0  0  24
74  24  0  0  0  0  24
75  24  0  0  0  0  24
76  23  0  0  1  0  24
77  8  16  0  0  0  24
78  25  0  0  0  0  25
79  25  0  0  0  0  25
80  9  16  0  0  0  25
81  29  0  0  0  0  29
82  30  0  0  0  0  30
83  29  0  1  0  0  30
84  31  0  0  0  0  31
85  29  0  1  0  0  30
86  8  0  0  0  22  30
87  33  0  0  0  0  33
88  33  0  0  0  0  33
89  33  0  0  0  0  33
90  35  0  0  0  0  35
91  35  0  0  0  0  35
92  35  0  0  0  0  35
93  36  0  0  1  0  37
94  37  0  0  0  0  37
95  36  0  0  0  0  36
96  37  0  0  0  0  37
97  32  0  0  0  5  37
98  42  0  0  0  0  42
99  45  0  0  0  0  45
100  45  0  0  0  0  45
101  53  0  0  0  0  53
102  53  1  0  0  0  54
103  55  0  1  0  0  56
104  56  1  0  0  0  57
105  56  3  0  0  0  59
106  60  0  0  0  0  60
107  61  0  0  0  0  61
108  65  0  0  0  0  65
109  70  0  0  0  0  70
110  71  0  1  0  0  72
111  70  4  0  0  0  74
112  77  0  0  0  0  77
113  79  0  0  0  0  79
114  83  0  0  0  0  83
115  83  5  0  0  0  88
116  93  0  0  0  0  93
117  97  0  0  0  0  97
118  97  0  0  0  0  97
119  97  0  0  0  0  97
120  95  0  0  0  2  97
121  99  2  0  0  0  101
122  98  0  5  0  0  103
123  105  0  0  0  0  105
124  103  0  1  0  0  104
125  99  7  0  0  0  106
126  106  0  0  0  0  106
127  109  0  0  0  1  110
128  113  0  2  0  0  115
129  110  0  5  1  1  117
130  118  0  0  0  0  118
131  87  0  31  0  0  118
132  65  53  0  0  0  118
133  118  0  0  0  2  120
134  122  1  0  0  0  123
135  127  0  0  0  1  128
136  121  0  9  0  0  130
137  132  0  0  0  0  132
138  135  0  0  0  0  135
139  135  1  0  0  0  136
140  128  7  1  0  0  136
141  141  0  0  0  0  141
142  141  0  0  0  0  141
143  139  5  0  0  0  144
144  148  0  0  0  0  148
145  149  0  0  1  0  150
146  148  0  0  0  1  149
147  134  0  6  0  15  155
148  157  1  0  0  0  158
149  163  0  0  0  0  163
150  159  0  0  1  2  162
151  164  0  0  0  0  164
152  168  0  0  0  0  168
153  166  0  3  0  0  169
154  166  0  3  0  1  170
155  169  0  0  0  1  170
156  161  0  9  0  0  170
157  165  0  0  6  0  171
158  173  0  0  0  0  173
159  172  0  0  0  0  172
160  172  0  0  0  0  172
161  173  0  0  0  0  173
162  170  0  1  0  0  171
163  167  0  0  1  1  169
164  173  0  0  0  1  174
165  174  0  1  0  0  175
166  176  0  0  0  0  176
167  177  0  0  0  0  177
168  172  1  4  0  0  177
169  177  0  0  2  0  179
170  176  2  0  0  0  178
171  179  0  0  0  0  179
172  175  0  3  0  0  178
173  112  66  0  0  1  179
174  179  0  0  0  0  179
175  178  0  0  0  0  178
176  177  0  0  0  0  177
177  173  3  0  0  0  176
178  177  0  0  0  0  177
179  175  0  1  1  0  177
180  174  1  0  1  0  176
181  170  0  8  0  0  178
182  133  42  0  0  0  175
183  174  0  2  0  0  176
184  175  0  0  1  1  177
185  164  14  0  0  0  178
186  176  0  0  1  2  179
187  179  0  0  0  1  180
188  176  0  3  0  0  179
189  177  0  1  1  0  179
190  177  0  0  0  0  177
191  177  0  0  0  0  177
192  3  0  0  165  0  168
193  17  0  3  0  149  169
194  175  0  3  0  2  180
195  161  3  1  0  15  180
196  181  1  0  1  0  183
197  187  0  0  0  0  187
198  186  0  0  0  1  187
199  185  0  0  0  0  185
200  176  0  6  0  0  182
201  171  8  1  0  0  180
202  180  0  0  0  0  180
203  156  17  0  0  1  174
204  158  0  15  0  0  173
205  162  0  10  0  0  172
206  171  0  0  1  0  172
207  169  0  2  0  0  171
208  169  0  0  0  0  169
209  166  0  0  0  0  166
210  164  0  0  0  0  164
211  161  0  0  0  0  161
212  160  0  3  0  0  163
213  160  0  1  0  0  161
214  157  0  0  0  0  157
215  150  0  0  0  1  151
216  145  0  0  0  1  146
217  141  0  0  0  1  142
218  138  0  4  0  0  142
219  141  1  0  0  0  142
220  139  0  0  0  0  139
221  137  0  0  0  0  137
222  131  0  0  4  0  135
223  135  0  0  0  0  135
224  126  0  0  6  0  132
225  131  0  0  0  0  131
226  128  0  0  1  0  129
227  129  0  0  0  0  129
228  127  0  0  1  1  129
229  61  64  0  0  0  125
230  127  0  0  0  0  127
231  125  0  0  0  1  126
232  119  0  0  0  1  120
233  119  0  0  0  0  119
234  117  0  0  0  1  118
235  115  0  0  0  0  115
236  42  0  2  64  0  108
237  107  0  0  0  0  107
238  101  6  0  0  1  108
239  106  0  0  0  1  107
240  97  0  0  9  0  106
241  107  0  0  0  0  107
242  97  10  0  0  0  107
243  104  0  0  0  1  105
244  103  0  0  0  0  103
245  101  0  0  0  0  101
246  97  0  0  0  1  98
247  91  0  0  2  0  93
248  88  0  0  0  4  92
249  4  77  0  0  0  81
250  80  1  0  0  0  81
251  81  0  0  0  0  81
252  9  0  0  71  0  80
253  81  0  0  0  0  81
254  81  0  0  0  0  81
255  81  0  0  0  0  81
256  81  0  0  0  0  81
257  80  0  0  0  0  80
258  80  0  0  0  0  80
259  80  0  0  0  0  80
260  78  1  0  0  0  79
261  73  0  0  0  0  73
262  73  0  0  0  0  73
263  74  0  0  0  0  74
264  74  0  0  0  0  74
265  74  0  0  0  0  74
266  74  0  0  0  0  74
267  72  0  0  0  0  72
268  67  1  0  1  0  69
269  58  10  0  0  0  68
270  64  2  2  0  0  68
271  66  0  0  0  1  67
272  3  4  0  60  0  67
273  67  0  0  0  0  67
274  69  0  0  0  0  69
275  61  0  0  10  0  71
276  73  0  0  0  0  73
277  74  0  0  0  0  74
278  71  2  0  0  0  73
279  71  0  2  0  0  73
280  72  0  0  0  0  72
281  72  0  0  0  0  72
282  72  0  0  0  0  72
283  70  4  0  0  0  74
284  72  0  0  0  0  72
285  72  0  0  0  0  72
286  69  0  0  0  0  69
287  67  1  0  0  0  68
288  67  0  0  0  0  67
289  68  0  0  0  0  68
290  67  0  0  0  0  67
291  61  0  0  0  0  61
292  61  0  0  0  0  61
293  62  0  0  0  0  62
294  46  0  12  0  0  58
295  56  0  0  0  0  56
296  56  0  0  0  0  56
297  56  0  0  0  0  56
298  56  0  0  0  0  56
299  56  0  0  0  0  56
300  54  0  1  0  0  55
301  55  0  0  0  0  55
302  53  0  2  0  0  55
303  52  0  0  0  0  52
304  52  0  0  0  0  52
305  50  3  0  0  0  53
306  51  0  0  4  0  55
307  51  0  0  3  0  54
308  55  0  0  0  0  55
309  56  0  0  0  0  56
310  53  0  0  0  0  53
311  53  0  0  0  0  53
312  50  2  0  0  0  52
313  51  0  0  0  0  51
314  48  2  1  0  0  51
315  46  0  7  0  0  53
316  55  0  0  0  0  55
317  56  0  0  0  0  56
318  57  0  0  0  0  57
319  46  0  0  9  0  55
320  54  0  1  0  0  55
321  55  0  0  0  0  55
322  55  0  0  0  0  55
323  52  0  2  0  0  54
324  24  29  0  0  0  53
325  53  0  0  0  2  55
326  54  1  0  0  0  55
327  55  0  0  0  0  55
328  2  0  0  39  12  53
329  61  0  0  0  0  61
330  61  0  0  0  0  61
331  61  1  0  0  0  62
332  64  0  0  0  0  64
333  63  0  0  2  0  65
334  64  1  3  0  0  68
335  68  0  0  0  0  68
336  65  1  0  2  0  68
337  68  0  0  0  0  68
338  67  0  0  0  0  67
339  29  0  35  0  1  65
340  57  0  9  0  0  66
341  65  0  0  0  0  65
342  65  0  0  0  0  65
343  3  0  0  0  61  64
344  28  0  0  35  0  63
345  68  0  0  0  0  68
346  69  0  0  0  0  69
347  68  0  0  0  0  68
348  59  9  0  0  0  68
349  63  2  0  3  0  68
350  41  26  0  0  0  67
351  68  0  0  1  3  72
352  74  0  0  0  0  74
353  74  0  0  0  0  74
354  70  0  0  4  0  74
355  75  0  0  0  0  75
356  74  0  0  0  0  74
357  72  1  0  0  0  73
358  73  0  0  0  0  73
359  73  0  0  0  0  73
360  72  0  0  0  0  72
361  72  0  0  0  0  72
362  71  0  0  0  0  71
363  69  0  0  0  1  70
364  0  0  8  0  59  67
365  67  0  0  0  0  67
366  67  0  0  0  0  67
367  67  0  0  0  0  67
368  67  0  0  0  0  67
369  67  0  0  0  0  67
370  65  0  0  2  0  67
371  65  0  0  0  0  65
372  62  0  0  0  2  64
373  63  0  0  0  0  63
374  59  3  0  0  0  62
375  57  0  0  0  5  62
376  61  0  0  1  0  62
377  60  0  0  2  0  62
378  59  2  0  0  0  61
379  58  3  0  0  0  61
380  60  0  0  0  0  60
381  58  0  1  0  0  59
382  59  0  0  0  0  59
383  56  0  0  0  0  56
384  56  0  0  0  0  56
385  56  0  0  0  0  56
386  49  0  0  6  0  55
387  54  0  0  0  0  54
388  53  0  0  0  0  53
389  52  0  1  0  0  53
390  41  0  10  0  1  52
391  48  1  0  2  0  51
392  48  0  3  0  0  51
393  34  14  0  0  2  50
394  50  0  0  0  0  50
395  49  0  2  0  0  51
396  50  0  0  0  0  50
397  49  0  0  0  0  49
398  49  0  0  1  0  50
399  47  0  3  0  0  50
400  49  0  1  0  0  50
401  48  0  0  0  0  48
402  46  0  1  0  0  47
403  45  1  0  0  0  46
404  44  0  1  0  0  45
405  44  0  0  0  1  45
406  46  0  0  0  0  46
407  2  0  41  0  0  43
408  44  0  0  0  0  44
409  44  0  0  0  0  44
410  44  0  0  0  0  44
411  43  0  0  1  0  44
412  43  0  0  0  0  43
413  43  0  0  0  0  43
414  42  0  0  0  1  43
415  39  0  0  1  0  40
416  40  0  0  0  0  40
417  39  0  0  0  0  39
418  38  0  0  0  0  38
419  38  0  0  0  0  38
420  37  0  0  0  0  37
421  37  0  0  0  0  37
422  36  0  0  1  0  37
423  35  0  0  0  0  35
424  35  0  0  0  0  35
425  34  0  0  0  0  34
426  18  0  4  9  0  31
427  31  0  0  0  0  31
428  31  0  1  0  0  32
429  28  0  0  0  0  28
430  28  0  0  0  0  28
431  27  0  0  0  0  27
432  23  2  0  0  0  25
433  23  0  0  0  0  23
434  20  2  0  0  0  22
435  0  3  0  16  0  19
436  20  0  0  0  0  20
437  21  0  0  0  0  21
438  20  0  0  0  0  20
439  20  0  0  0  0  20
440  19  0  0  0  0  19
441  20  0  0  0  0  20
442  20  0  0  0  0  20
443  20  0  0  0  0  20
444  19  0  0  0  0  19
445  17  0  0  1  0  18
446  17  0  0  0  0  17
447  17  0  0  0  0  17
448  14  0  3  0  0  17
449  11  3  0  0  0  14
450  14  0  0  0  0  14
451  13  0  1  0  0  14
452  14  1  0  0  0  15
453  15  0  0  0  0  15
454  14  0  0  0  0  14
455  14  0  0  0  0  14
456  13  1  0  0  0  14
457  14  0  0  0  0  14
458  14  0  0  0  0  14
459  14  0  0  0  0  14
460  14  0  0  0  0  14
461  9  0  0  0  5  14
462  14  0  0  0  0  14
463  15  0  0  0  0  15
464  15  0  0  0  0  15
465  16  0  0  0  0  16
466  16  0  0  0  0  16
467  17  0  0  0  0  17
468  17  0  0  0  0  17
469  18  0  0  0  0  18
470  19  0  0  0  0  19
471  19  0  0  0  0  19
472  20  0  0  0  0  20
473  18  0  2  0  0  20
474  20  2  0  0  0  22
475  23  0  0  0  0  23
476  24  0  0  0  0  24
477  24  0  0  0  0  24
478  19  0  5  1  0  25
479  26  0  0  0  0  26
480  26  0  0  0  0  26
481  26  0  0  0  0  26
482  26  0  0  0  0  26
483  24  0  2  0  0  26
484  24  2  0  0  0  26
485  27  0  0  0  0  27
486  27  0  0  0  0  27
487  28  0  0  0  0  28
488  22  0  2  0  4  28
489  28  0  0  0  0  28
490  28  0  0  0  0  28
491  26  0  2  0  0  28
492  28  0  0  0  0  28
493  28  0  0  0  0  28
494  2  0  0  22  0  24
495  27  0  0  0  0  27
496  25  3  1  0  0  29
497  30  1  0  0  0  31
498  29  0  0  1  1  31
499  29  0  4  0  0  33
500  31  0  0  2  0  33
501  33  0  0  0  0  33
502  22  0  2  0  9  33
503  33  1  0  0  0  34
504  29  0  5  0  0  34
505  31  3  0  0  0  34
506  29  0  5  0  0  34
507  0  0  0  33  1  34
508  36  1  0  0  0  37
509  37  0  0  0  0  37
510  38  0  0  0  0  38
511  32  0  1  5  0  38
512  39  0  0  0  0  39
513  40  0  0  0  0  40
514  41  0  2  0  0  43
515  39  4  0  0  0  43
516  32  0  10  0  0  42
517  2  0  39  1  0  42
518  44  0  0  0  0  44
519  44  0  0  0  1  45
520  43  0  0  0  0  43
521  43  0  0  0  0  43
522  38  0  0  5  0  43
523  47  0  0  0  0  47
524  47  0  0  0  0  47
525  48  0  0  0  0  48
526  47  0  0  0  1  48
527  45  1  2  0  0  48
528  47  0  0  0  0  47
529  47  0  0  0  0  47
530  45  0  0  4  0  49
531  47  3  0  0  0  50
532  51  0  0  0  0  51
533  51  0  0  0  0  51
534  46  3  0  0  0  49
535  50  0  0  0  0  50
536  48  0  1  0  0  49
537  49  0  0  0  0  49
538  1  0  48  0  0  49
539  39  9  0  0  3  51
540  52  0  0  0  0  52
541  54  0  0  0  0  54
542  54  0  0  0  0  54
543  54  0  0  0  0  54
544  56  0  1  0  0  57
545  55  0  0  0  1  56
546  50  0  0  0  8  58
547  59  0  0  1  0  60
548  62  0  0  0  0  62
549  57  0  5  0  0  62
550  63  0  1  0  0  64
551  63  0  2  0  0  65
552  62  4  0  0  1  67
553  70  0  0  0  0  70
554  69  0  1  0  0  70
555  70  0  0  0  0  70
556  71  0  0  0  0  71
557  70  1  0  0  0  71
558  68  0  0  3  0  71
559  71  0  0  0  0  71
560  71  1  0  0  0  72
561  72  0  0  0  0  72
562  72  0  0  0  0  72
563  66  0  5  1  0  72
564  66  6  0  0  0  72
565  70  0  0  0  0  70
566  37  0  37  0  0  74
567  80  0  0  0  0  80
568  82  0  0  0  0  82
569  79  3  0  0  0  82
570  82  0  1  0  0  83
571  82  0  1  0  0  83
572  77  5  2  0  0  84
573  87  0  0  0  0  87
574  85  0  0  0  0  85
575  83  2  0  0  0  85
576  86  0  0  0  0  86
577  87  0  0  0  0  87
578  87  0  1  0  0  88
579  86  0  1  0  0  87
580  87  0  0  0  0  87
581  81  5  0  0  2  88
582  88  0  0  0  0  88
583  86  0  3  0  0  89
584  91  0  0  0  0  91
585  89  0  0  3  0  92
586  92  0  0  1  0  93
587  96  0  0  0  0  96
588  98  0  0  0  0  98
589  99  0  0  0  0  99
590  92  6  0  0  0  98
591  98  0  0  0  1  99
592  5  2  0  0  89  96
593  97  3  0  0  0  100
594  105  1  0  0  0  106
595  105  0  0  2  0  107
596  105  0  0  0  0  105
597  105  0  0  1  0  106
598  101  6  0  0  0  107
599  105  4  0  0  0  109
600  106  4  0  0  0  110
601  107  0  0  0  1  108
602  24  0  0  0  84  108
603  98  10  0  0  0  108
604  111  0  2  0  0  113
605  107  8  0  0  0  115
606  116  1  0  0  0  117
607  96  21  0  0  0  117
608  95  1  19  0  0  115
609  116  0  0  0  0  116
610  116  0  0  0  1  117
611  102  0  16  0  0  118
612  107  7  4  0  0  118
613  120  1  1  0  0  122
614  123  0  0  0  0  123
615  123  0  0  0  0  123
616  111  4  11  0  0  126
617  126  0  0  0  1  127
618  129  0  0  0  0  129
619  131  0  0  0  0  131
620  124  0  0  6  0  130
621  130  1  0  0  0  131
622  130  0  0  0  0  130
623  127  0  0  2  1  130
624  128  0  4  0  0  132
625  132  0  0  0  0  132
626  132  0  0  0  0  132
627  132  0  0  0  1  133
628  132  0  1  0  0  133
629  130  0  0  0  0  130
630  130  0  0  0  0  130
631  127  0  0  2  0  129
632  127  0  0  1  0  128
633  177  0  0  1  0  178
634  179  0  0  0  0  179
635  179  0  0  1  0  180
636  179  0  0  0  0  179
637  179  0  0  0  0  179
638  162  0  19  0  0  181
639  180  4  1  0  0  185
640  183  0  0  0  3  186
641  187  0  0  0  0  187
642  185  0  2  0  0  187
643  185  0  0  1  0  186
644  184  1  0  0  1  186
645  186  0  0  0  0  186
646  175  0  8  0  0  183
647  100  0  71  1  7  179
648  180  0  2  0  0  182
649  184  0  0  0  1  185
650  187  0  0  1  0  188
651  187  0  1  1  0  189
652  185  4  0  0  0  189
653  187  0  0  1  0  188
654  188  0  2  0  0  190
655  189  0  0  0  0  189
656  182  6  1  0  0  189
657  189  0  0  0  0  189
658  6  14  0  0  163  183
659  186  0  1  0  0  187
660  169  16  1  0  0  186
661  167  0  20  0  1  188
662  187  0  0  1  0  188
663  187  0  0  0  0  187
664  182  0  5  0  0  187
665  161  0  25  0  0  186
666  174  7  1  0  0  182
667  176  0  0  0  2  178
668  178  1  0  0  0  179
669  160  0  19  0  0  179
670  135  0  38  2  0  175
671  150  30  0  0  0  180
672  153  0  0  0  27  180
673  180  1  0  0  0  181
674  183  0  0  1  0  184
675  186  0  0  0  0  186
676  180  7  0  0  0  187
677  185  0  1  0  0  186
678  170  5  8  1  0  184
679  159  0  22  0  1  182
680  183  0  0  0  0  183
681  180  5  0  0  0  185
682  185  0  0  0  0  185
683  174  0  3  0  0  177
684  172  4  0  0  0  176
685  176  2  0  0  0  178
686  171  0  0  0  0  171
687  169  1  0  0  0  170
688  144  0  0  26  0  170
689  121  18  21  0  0  160
690  136  2  0  22  0  160
691  152  6  0  0  1  159
692  140  2  0  0  17  159
693  160  1  0  0  0  161
694  156  1  0  0  0  157
695  154  0  0  0  0  154
696  151  0  0  0  0  151
697  151  0  0  0  0  151
698  153  0  0  0  0  153
699  151  2  0  0  0  153
700  152  0  0  0  0  152
701  139  0  3  0  0  142
702  132  0  5  1  3  141
703  139  3  1  0  0  143
704  142  0  0  0  0  142
705  130  12  0  0  0  142
706  123  0  0  17  2  142
707  114  1  29  0  0  144
708  142  0  0  0  0  142
709  140  0  2  0  0  142
710  140  2  0  0  0  142
711  141  0  0  0  0  141
712  129  6  3  1  0  139
713  137  0  0  0  1  138
714  128  0  0  0  7  135
715  132  0  0  0  1  133
716  109  0  7  0  12  128
717  123  0  4  1  0  128
718  124  2  0  0  0  126
719  126  1  0  0  0  127
720  105  0  19  1  0  125
721  117  0  6  0  0  123
722  121  0  0  0  0  121
723  122  0  0  0  0  122
724  118  2  0  0  0  120
725  114  0  0  0  0  114
726  114  0  0  0  0  114
727  96  17  0  0  0  113
728  113  0  0  0  0  113
729  90  0  0  8  14  112
730  116  0  0  0  0  116
731  114  0  0  1  0  115
732  114  0  0  0  0  114
733  113  0  0  0  0  113
734  97  0  15  0  0  112
735  104  0  6  0  0  110
736  109  0  1  0  0  110
737  111  0  0  0  0  111
738  101  6  0  0  0  107
739  107  0  0  0  0  107
740  104  0  0  2  0  106
741  105  0  0  0  0  105
742  81  0  0  3  20  104
743  98  1  6  0  0  105
744  104  0  0  0  0  104
745  107  0  0  0  0  106
746  103  0  0  0  0  103
747  104  0  0  0  0  104
748  103  2  0  0  0  105
749  97  0  0  0  0  97
750  98  0  0  0  0  98
751  97  0  0  0  0  97
752  96  0  1  0  0  97
753  94  0  0  0  0  94
754  90  3  0  0  0  93
755  70  1  20  1  0  92
756  89  0  0  0  0  89
757  87  0  0  0  1  88
758  71  0  12  1  0  84
759  65  0  12  6  0  83
760  62  0  0  17  0  79
761  28  47  0  0  1  76
762  79  0  0  0  0  79
763  78  0  0  0  0  78
764  77  0  0  0  0  77
765  74  0  1  0  0  75
766  55  0  0  19  0  74
767  77  1  0  0  0  78
768  73  0  0  0  0  73
769  69  3  0  0  0  72
770  49  3  0  0  16  68
771  67  1  0  0  0  68
772  68  0  0  0  0  68
773  67  0  0  1  0  68
774  66  1  0  0  0  67
775  56  9  0  0  0  65
776  65  0  0  0  0  65
777  63  0  0  0  0  63
778  58  2  4  0  0  64
779  63  0  0  0  0  63
780  17  12  31  0  0  60
781  63  0  0  0  1  64
782  65  0  0  0  0  65
783  65  0  0  0  0  65
784  52  0  11  0  0  63
785  63  0  0  0  0  63
786  63  0  0  0  0  63
787  37  18  5  0  0  60
788  57  1  0  0  1  59
789  58  1  0  0  0  59
790  46  0  0  0  13  59
791  61  0  1  0  0  62
792  62  0  0  0  0  62
793  62  0  0  0  0  62
794  25  21  0  1  0  47
795  46  1  0  0  0  47
796  47  0  0  0  0  47
797  47  0  0  0  0  47
798  46  0  0  0  0  46
799  21  0  9  0  15  45
800  44  2  0  0  0  46
801  49  0  0  0  0  49
802  49  0  0  0  0  49
803  34  0  7  8  0  49
804  49  0  0  0  0  49
805  43  0  6  0  0  49
806  48  0  1  0  0  49
807  44  0  0  0  0  44
808  31  0  0  0  0  31
809  12  0  0  16  0  28
810  28  0  0  0  0  28
811  28  0  0  0  0  28
812  24  4  0  0  0  28
813  20  8  0  0  0  28
814  3  25  0  0  0  28
815  28  0  0  0  0  28
816  22  0  0  6  0  28
817  28  0  0  0  0  28
818  26  0  3  0  0  29
819  27  0  1  1  0  29
820  25  4  0  0  0  29
821  29  0  0  0  0  29
822  29  0  1  0  0  30
823  30  0  0  0  0  30
824  28  0  2  0  0  30
825  18  0  13  0  0  31
826  27  0  0  3  0  30
827  26  4  0  0  0  30
828  30  0  0  0  0  30
829  16  14  0  0  0  30
830  40  0  1  1  1  43
831  43  1  0  0  0  44
832  44  0  0  0  0  44
833  44  0  0  0  0  44
834  44  0  0  0  0  44
835  44  0  0  0  0  44
836  43  0  0  0  0  43
837  34  8  1  0  0  43
838  41  0  1  0  0  42
839  42  0  0  0  0  42
840  4  38  0  0  0  42
841  44  0  0  0  0  44
842  45  0  0  0  0  45
843  43  0  0  0  0  43
844  43  0  0  0  0  43
845  43  0  0  0  0  43
846  35  0  1  0  0  36
847  32  0  0  2  1  35
848  10  0  25  0  0  35
849  35  0  0  0  0  35
850  34  0  1  0  0  35
851  10  25  0  0  0  35
852  32  1  0  0  0  33
853  33  0  0  0  0  33
854  33  0  0  0  0  33
855  32  0  0  0  0  32
856  31  0  0  0  0  31
857  29  0  1  0  0  30
858  29  0  0  0  1  30
859  19  9  1  0  0  29
860  31  0  0  0  0  31
861  28  0  0  3  0  31
862  25  0  0  7  0  32
863  36  0  0  1  0  37
864  35  2  0  0  0  37
865  56  1  0  1  0  58
866  61  1  0  0  0  62
867  61  1  0  0  0  62
868  63  0  0  0  0  63
869  64  0  0  0  0  64
870  59  4  0  1  0  64
871  58  0  5  0  1  64
872  65  0  0  0  0  65
873  66  0  0  0  0  66
874  65  0  0  0  0  65
875  64  0  0  1  0  65
876  65  0  0  0  0  65
877  64  1  0  0  0  65
878  61  0  5  0  0  66
879  60  2  0  0  5  67
880  64  0  1  2  0  67
881  67  0  2  0  0  69
882  58  12  0  0  0  70
883  70  0  0  1  0  71
884  54  0  28  0  0  82
885  82  0  0  0  0  82
886  84  0  0  0  0  84
887  86  0  0  0  0  86
888  85  0  0  0  0  85
889  84  0  0  0  0  84
890  82  0  0  0  0  82
891  81  0  1  0  0  82
892  81  0  0  1  0  82
893  81  0  0  0  0  81
894  79  0  5  0  0  84
895  67  3  15  0  0  85
896  88  0  0  0  0  88
897  89  0  0  0  0  89
898  91  0  0  0  0  91
899  91  0  0  0  1  92
900  92  0  0  0  0  92
901  85  0  6  0  0  91
902  90  0  1  0  0  91
903  91  0  0  0  0  91
904  89  0  2  0  0  91
905  92  1  0  0  0  93
906  94  0  0  1  0  95
907  97  0  0  0  0  97
908  96  2  0  0  0  98
909  101  0  0  0  0  101
910  92  0  0  10  0  102
911  106  0  0  0  1  107
912  109  0  0  0  0  109
913  104  0  0  1  0  105
914  105  0  0  0  0  105
915  106  0  0  0  0  106
916  78  0  28  0  0  106
917  107  0  0  0  0  107
918  106  1  0  0  0  107
919  103  0  0  1  2  106
920  1  0  1  0  100  102
921  104  1  0  0  0  105
922  106  2  0  0  0  108
923  111  0  0  0  0  111
924  110  0  0  1  0  111
925  90  23  1  0  0  114
926  116  1  0  0  0  117
927  118  0  0  0  0  118
928  117  3  0  0  0  120
929  120  0  0  0  0  120
930  121  0  0  0  0  121
931  94  22  6  0  0  122
932  121  2  1  0  0  124
933  112  0  11  1  0  124
934  125  0  0  0  0  125
935  111  1  0  13  0  125
936  130  0  0  0  1  131
937  130  0  0  0  1  131
938  123  10  1  0  0  134
939  136  0  0  0  0  136
940  116  18  0  0  0  134
941  110  20  1  0  1  132
942  132  0  0  0  0  132
943  131  0  0  0  0  131
944  136  0  0  0  1  137
945  131  4  1  0  0  136
946  136  0  0  0  0  136
947  138  0  0  0  0  138
948  110  13  0  16  0  139
949  139  0  0  0  0  139
950  127  0  0  0  0  127
951  125  0  3  0  0  128
952  116  0  12  0  0  128
953  125  0  0  1  0  126
954  7  0  0  109  6  122
955  104  0  0  0  25  129
956  127  0  2  0  0  129
957  119  10  7  0  0  136
958  14  0  0  1  120  135
959  154  0  0  0  0  154
960  154  1  0  0  0  155
961  157  0  0  0  0  157
962  158  0  0  1  0  159
963  159  0  0  1  0  160
964  148  8  0  0  4  160
965  161  0  0  0  0  161
966  162  1  0  0  0  163
967  160  0  2  0  1  163
968  161  0  2  0  0  163
969  157  0  0  6  0  163
970  165  0  0  2  0  167
971  169  0  0  0  0  169
972  173  0  0  0  0  173
973  177  0  1  0  0  178
974  176  1  1  0  2  180
975  175  2  0  1  0  178
976  164  0  0  0  21  184
977  169  11  0  2  2  184
978  171  0  0  0  15  186
979  187  0  0  0  0  187
980  189  0  0  1  0  190
981  191  0  0  0  0  191
982  192  0  0  0  1  193
983  195  0  0  0  0  195
984  194  2  0  1  0  197
985  199  0  0  0  0  199
986  203  0  0  0  0  203
987  202  0  0  0  0  202
988  205  0  0  0  0  205
989  205  0  0  0  1  206
990  194  0  0  0  16  210
991  212  0  0  0  0  212
992  212  0  0  0  0  212
993  212  0  0  0  0  212
994  208  0  0  0  0  208
995  207  1  0  0  0  208
996  199  7  0  0  0  206
997  205  1  0  2  2  210
998  209  0  0  1  0  210
999  210  1  0  0  0  211
1000  203  0  0  0  8  211
1001  191  14  3  1  0  209
1002  145  0  65  0  0  210
1003  207  7  0  0  0  214
1004  217  0  0  1  0  218
1005  202  0  0  0  14  216
1006  212  0  0  3  0  215
1007  213  0  0  0  0  213
1008  198  0  0  0  14  212
1009  213  0  0  0  0  213
1010  213  0  0  0  0  213
1011  198  0  14  0  0  212
1012  212  0  0  0  0  212
1013  211  0  0  1  0  212
1014  210  0  0  0  0  210
1015  201  2  0  0  2  205
1016  197  0  5  2  0  204
1017  190  0  11  0  0  201
1018  202  0  0  0  0  202
1019  196  0  0  4  0  200
1020  193  5  1  0  0  199
1021  50  140  0  0  0  190
1022  191  0  0  0  0  191
1023  185  2  2  0  0  189
1024  180  9  0  0  0  189
1025  189  0  0  0  0  189
1026  187  0  0  0  1  188
1027  185  1  0  0  0  186
1028  174  0  0  0  11  185
1029  183  0  0  0  2  185
1030  141  39  0  1  0  181
1031  181  0  0  0  0  181
1032  144  0  1  0  37  182
1033  181  0  0  0  0  181
1034  181  0  0  3  1  185
1035  179  4  0  0  0  183
1036  182  0  0  0  1  183
1037  183  1  0  0  0  184
1038  176  0  5  0  0  181
1039  174  0  0  4  0  178
1040  174  1  1  0  0  176
1041  173  0  0  1  1  175
1042  173  0  0  1  0  174
1043  164  1  0  2  6  173
1044  169  4  0  0  1  174
1045  181  0  0  0  1  182
1046  179  0  0  0  0  179
1047  177  1  1  0  0  179
1048  178  0  0  1  0  179
1049  178  0  0  0  0  178
1050  179  0  0  0  0  179
1051  175  1  0  0  0  176
1052  168  0  0  0  0  168
1053  166  0  0  0  0  166
1054  166  0  0  0  0  166
1055  128  0  24  0  0  152
1056  67  1  75  0  0  143
1057  110  0  32  0  0  142
1058  143  0  0  0  0  143
1059  141  1  0  0  1  143
1060  142  0  0  0  0  142
1061  135  0  0  0  7  142
1062  145  0  0  0  0  145
1063  145  0  0  0  0  145
1064  133  0  0  4  0  137
1065  118  10  2  0  3  133
1066  130  0  0  0  1  131
1067  113  13  5  0  0  131
1068  119  0  0  6  4  129
1069  111  0  0  0  19  130
1070  128  0  0  0  0  128
1071  125  0  1  0  0  126
1072  99  1  22  0  0  122
1073  121  0  0  0  0  121
1074  118  0  0  1  0  119
1075  113  0  0  0  0  113
1076  47  69  0  0  0  116
1077  116  0  0  0  1  117
1078  105  6  0  6  0  117
1079  120  0  0  0  0  120
1080  118  0  0  0  1  119
1081  115  0  2  0  0  117
1082  116  0  0  0  0  116
1083  103  8  0  0  0  111
1084  110  0  0  0  0  110
1085  110  0  0  0  1  111
1086  109  0  0  0  1  110
1087  108  0  1  0  0  109
1088  103  1  3  0  0  107
1089  105  0  0  0  0  105
1090  104  0  0  0  0  104
1091  101  0  0  0  1  102
1092  99  0  0  0  0  99
1093  96  0  0  0  0  96
1094  93  0  1  0  0  94
1095  92  0  0  1  0  93
1096  86  0  0  0  0  86
1097  79  4  0  0  0  83
1098  83  0  0  0  0  83
1099  77  0  5  0  0  82
1100  88  0  0  0  0  88
1101  84  5  0  0  0  89
1102  86  2  0  0  1  89
1103  80  0  0  5  0  85
1104  118  0  0  0  0  118
1105  121  0  0  0  0  121
1106  120  0  0  0  0  120
1107  111  4  3  0  2  120
1108  122  0  0  0  0  122
1109  121  0  0  0  0  121
1110  119  0  0  1  0  120
1111  120  0  0  0  0  120
1112  121  0  0  0  0  121
1113  120  1  0  0  0  121
1114  125  0  0  0  0  125
1115  129  0  0  0  0  129
1116  129  0  0  0  0  129
1117  130  0  0  0  0  130
1118  132  0  0  0  0  132
1119  108  0  0  0  19  127
1120  127  0  0  0  0  127
1121  108  18  0  0  1  127
1122  4  0  0  0  123  127
1123  129  12  0  0  1  142
1124  148  0  0  0  0  148
1125  151  0  0  0  0  151
1126  156  0  0  0  0  156
1127  150  8  0  0  0  158
1128  157  1  5  0  0  163
1129  167  0  1  0  0  168
1130  171  1  0  0  0  172
1131  170  5  0  0  1  176
1132  151  0  0  0  31  182
1133  184  0  0  0  0  184
1134  188  0  0  0  0  188
1135  192  0  0  0  0  192
1136  196  0  0  0  0  196
1137  186  0  3  9  0  198
1138  202  0  0  0  0  202
1139  207  0  4  0  0  211
1140  215  1  0  0  0  216
1141  221  1  0  0  1  223
1142  224  0  1  0  0  225
1143  226  0  0  1  0  227
1144  223  0  0  0  3  226
1145  186  4  39  0  0  229
1146  232  0  0  0  0  232
1147  208  0  0  25  1  234
1148  243  0  0  0  0  243
1149  243  0  3  0  0  246
1150  247  0  2  0  0  249
1151  243  5  0  0  0  248
1152  251  0  0  1  1  253
1153  243  9  2  0  0  254
1154  250  0  2  0  4  256
1155  260  0  0  0  0  260
1156  260  1  0  0  0  261
1157  259  0  0  1  2  262
1158  263  0  0  0  1  264
1159  212  1  51  0  0  264
1160  265  0  1  0  0  266
1161  266  2  0  0  0  268
1162  271  0  0  0  0  271
1163  271  0  0  0  0  271
1164  263  0  9  0  0  272
1165  255  19  0  0  0  274
1166  270  3  1  0  0  274
1167  270  0  3  0  0  273
1168  262  8  2  0  0  272
1169  257  1  0  1  9  268
1170  239  0  0  0  30  269
1171  270  0  0  0  0  270
1172  272  0  0  1  0  273
1173  271  1  1  0  0  273
1174  276  0  0  1  0  277
1175  271  0  3  1  0  275
1176  267  0  8  0  0  275
1177  241  33  2  0  0  276
1178  262  0  0  14  0  276
1179  257  0  21  0  0  278
1180  278  0  0  1  0  279
1181  206  4  0  6  64  280
1182  272  14  0  0  0  286
1183  274  0  0  13  0  287
1184  287  0  0  0  0  287
1185  287  0  0  0  0  287
1186  287  0  0  0  0  287
1187  286  1  0  0  0  287
1188  263  0  0  23  0  286
1189  285  0  2  0  0  287
1190  218  2  68  0  0  288
1191  285  5  0  0  0  290
1192  289  0  0  0  0  289
1193  289  0  0  0  0  289
1194  286  0  0  2  1  289
1195  281  5  4  0  0  290
1196  286  0  0  0  0  286
1197  276  0  0  8  0  284
1198  260  0  0  25  0  285
1199  284  1  0  0  0  285
1200  287  0  0  0  0  287
1201  288  0  0  0  0  288
1202  254  27  0  2  2  285
1203  224  0  0  58  0  282
1204  273  0  0  2  8  283
1205  283  0  0  1  0  284
1206  280  0  0  0  0  280
1207  275  1  4  0  0  280
1208  279  0  0  1  0  280
1209  276  5  0  0  0  281
1210  275  4  2  0  0  281
1211  276  0  1  1  0  278
1212  264  12  0  0  0  276
1213  275  1  0  0  0  276
1214  271  0  0  0  0  271
1215  272  0  0  0  0  272
1216  267  0  1  0  0  268
1217  265  0  0  0  0  265
1218  264  0  0  0  1  265
1219  260  0  0  0  0  260
1220  229  26  0  0  0  255
1221  253  1  0  0  1  255
1222  248  0  0  0  0  248
1223  228  0  0  7  0  235
1224  220  13  0  0  0  233
1225  224  0  0  0  1  225
1226  221  2  1  0  0  224
1227  224  0  0  0  0  224
1228  223  0  0  0  0  223
1229  222  0  0  0  0  222
1230  201  8  0  0  0  209
1231  199  0  0  0  2  201
1232  200  0  0  0  0  200
1233  186  1  4  0  0  191
1234  184  0  0  1  0  185
1235  180  0  0  0  0  180
1236  176  0  3  0  0  179
1237  171  5  0  0  0  176
1238  167  0  0  1  0  168
1239  152  0  1  0  0  153
1240  152  0  0  0  0  152
1241  151  1  0  0  0  152
1242  140  0  0  1  0  141
1243  10  2  0  124  0  136
1244  140  0  2  0  0  142
1245  144  0  0  0  0  144
1246  142  1  0  0  0  143
1247  130  3  0  0  0  133
1248  124  0  6  0  0  130
1249  81  41  5  0  0  127
1250  132  0  0  0  0  132
1251  134  0  0  1  0  135
1252  129  0  0  0  0  129
1253  127  0  2  0  0  129
1254  114  9  6  0  0  129
1255  125  0  0  0  0  125
1256  113  7  0  0  6  126
1257  127  0  0  0  0  127
1258  120  0  0  1  2  123
1259  122  0  0  0  0  122
1260  119  0  0  0  0  119
1261  114  1  2  0  0  117
1262  116  0  0  0  0  116
1263  109  0  5  0  0  114
1264  111  0  0  0  0  111
1265  110  0  0  0  1  111
1266  112  0  0  0  0  112
1267  109  0  0  0  0  109
1268  104  0  0  0  4  108
1269  97  0  2  0  0  99
1270  99  0  0  0  0  99
1271  91  1  0  0  4  96
1272  96  0  0  0  0  96
1273  91  0  0  0  2  93
1274  91  1  1  0  0  93
1275  89  0  0  1  2  92
1276  93  0  0  0  0  93
1277  91  0  0  0  0  91
1278  77  12  0  0  0  89
1279  89  0  0  0  0  89
1280  83  3  0  0  0  86
1281  79  2  0  1  0  82
1282  75  2  3  0  0  80
1283  80  0  0  0  0  80
1284  79  2  0  0  0  81
1285  80  0  0  0  0  80
1286  78  0  0  0  0  78
1287  80  0  0  0  0  80
1288  80  0  0  0  0  80
1289  81  0  0  0  0  81
1290  79  0  0  0  1  80
1291  80  0  0  0  0  80
1292  80  0  0  0  0  80
1293  81  0  0  0  0  81
1294  78  0  1  0  0  79
1295  72  0  0  0  0  72
1296  65  7  0  0  0  72
1297  73  0  0  0  0  73
1298  73  0  0  0  0  73
1299  69  0  0  0  0  69
1300  68  0  0  0  0  68
1301  70  0  0  0  0  70
1302  67  0  0  0  0  67
1303  67  0  0  0  0  67
1304  65  0  0  0  0  65
1305  68  0  0  0  0  68
1306  68  0  0  0  0  68
1307  66  0  0  0  0  66
1308  65  0  0  0  0  65
1309  1  1  0  0  63  65
1310  65  0  0  0  0  65
1311  64  1  0  0  0  65
1312  64  0  1  0  0  65
1313  65  0  0  0  0  65
1314  64  2  0  0  0  66
1315  67  0  0  0  0  67
1316  64  2  2  0  0  68
1317  65  0  0  0  3  68
1318  68  0  0  0  0  68
1319  68  0  0  0  0  68
1320  62  0  0  4  1  67
1321  69  0  0  0  0  69
1322  70  0  0  0  0  70
1323  70  0  0  0  0  70
1324  71  0  0  0  0  71
1325  70  0  0  0  0  70
1326  71  0  0  0  0  71
1327  72  0  0  0  0  72
1328  73  0  0  0  0  73
1329  73  0  0  0  0  73
1330  73  0  0  1  0  74
1331  74  0  0  0  0  74
1332  74  0  0  0  0  74
1333  57  0  16  1  0  74
1334  73  0  0  0  0  73
1335  70  3  1  0  0  74
1336  72  0  1  0  0  73
1337  73  0  0  0  0  73
1338  4  0  0  0  66  70
1339  72  0  0  0  0  72
1340  69  1  1  0  0  71
1341  63  7  0  1  0  71
1342  69  0  0  1  0  70
1343  69  0  0  0  0  69
1344  68  0  0  0  0  68
1345  65  0  2  0  0  67
1346  67  0  0  0  0  67
1347  61  0  0  0  5  66
1348  66  0  0  0  0  66
1349  59  5  0  0  0  64
1350  60  0  0  0  0  60
1351  60  0  0  0  0  60
1352  9  0  0  50  0  59
1353  59  0  0  0  2  61
1354  64  0  0  0  0  64
1355  63  0  0  0  1  64
1356  63  0  0  0  0  63
1357  47  16  0  0  0  63
1358  63  0  0  0  0  63
1359  66  0  0  0  0  66
1360  65  0  0  0  0  65
1361  64  0  1  0  0  65
1362  46  0  0  0  17  63
1363  61  0  1  1  0  63
1364  3  0  16  0  43  62
1365  62  0  1  0  0  63
1366  60  0  0  5  0  65
1367  60  6  0  0  0  66
1368  66  0  0  1  0  67
1369  68  1  0  0  0  69
1370  69  0  0  0  0  69
1371  69  0  0  0  0  69
1372  69  0  0  0  0  69
1373  69  0  0  0  0  69
1374  69  0  0  0  0  69
1375  67  0  0  0  3  70
1376  10  0  0  0  56  66
1377  26  42  0  1  0  69
1378  77  0  0  0  0  77
1379  80  0  0  0  0  80
1380  85  0  0  0  0  85
1381  85  0  0  0  0  85
1382  76  0  9  0  0  85
1383  84  2  1  0  0  87
1384  88  0  0  0  0  88
1385  89  0  0  0  0  89
1386  91  0  0  0  0  91
1387  91  0  0  0  0  91
1388  93  0  0  0  0  93
1389  100  0  0  0  0  100
1390  100  2  1  0  0  103
1391  114  0  0  0  0  114
1392  121  0  0  0  0  121
1393  118  0  0  0  2  120
1394  121  0  3  0  0  124
1395  122  0  0  2  0  124
1396  122  2  0  0  0  124
1397  125  0  0  0  0  125
1398  122  0  0  0  6  128
1399  133  0  0  0  0  133
1400  134  0  0  0  1  135
1401  143  0  0  1  0  144
1402  145  0  2  0  0  147
1403  147  0  0  0  0  147
1404  151  0  0  0  0  151
1405  148  0  3  0  0  151
1406  136  0  19  0  0  155
1407  160  1  0  0  0  161
1408  156  6  0  0  0  162
1409  160  0  1  0  0  161
1410  62  24  77  0  0  163
1411  167  0  0  0  0  167
1412  161  12  0  0  0  173
1413  154  0  0  25  0  179
1414  169  17  1  0  0  187
1415  188  0  0  0  2  190
1416  182  0  9  0  0  191
1417  172  5  3  0  15  195
1418  197  0  0  0  0  197
1419  197  0  0  1  0  198
1420  196  4  0  0  0  200
1421  197  2  0  0  0  199
1422  200  0  0  0  0  200
1423  200  0  0  0  0  200
1424  198  0  0  0  1  199
1425  199  0  0  1  1  201
1426  200  0  0  0  0  200
1427  201  0  0  0  0  201
1428  197  0  2  0  0  199
1429  184  14  0  0  0  198
1430  112  0  86  0  0  198
1431  199  0  0  0  0  199
1432  197  0  0  0  1  198
1433  193  0  2  2  1  198
1434  198  0  0  0  0  198
1435  197  0  0  0  1  198
1436  199  0  0  0  0  199
1437  191  5  2  1  0  199
1438  194  6  0  0  0  200
1439  178  8  0  0  13  199
1440  195  0  0  5  0  200
1441  201  0  0  0  0  201
1442  199  0  0  0  1  200
1443  199  0  1  0  0  200
1444  201  0  0  0  0  201
1445  201  0  0  0  0  201
1446  200  0  0  0  0  200
1447  182  0  0  1  15  198
1448  192  0  6  0  0  198
1449  197  0  2  0  0  199
1450  198  0  0  0  0  198
1451  194  0  0  1  0  195
1452  184  1  9  0  1  195
1453  195  0  0  0  0  195
1454  192  0  0  0  1  193
1455  194  0  0  0  0  194
1456  192  2  0  0  0  194
1457  189  4  0  1  0  194
1458  195  0  0  0  0  195
1459  193  0  0  1  1  195
1460  188  0  3  3  0  194
1461  184  11  0  1  0  196
1462  182  14  0  0  0  196
1463  195  0  0  0  1  196
1464  178  0  17  0  0  195
1465  198  0  0  0  0  198
1466  196  2  0  0  0  198
1467  191  0  1  3  1  196
1468  196  0  0  0  0  196
1469  189  2  4  2  0  197
1470  172  24  2  0  0  198
1471  203  0  0  0  0  203
1472  196  0  0  2  1  199
1473  196  4  0  0  0  200
1474  187  2  0  11  0  200
1475  198  1  2  0  0  201
1476  203  1  0  0  0  204
1477  202  0  0  0  0  202
1478  202  0  0  0  0  202
1479  202  0  0  0  2  204
1480  169  23  7  0  0  199
1481  195  2  0  2  0  199
1482  190  0  0  5  4  199
1483  185  0  0  8  0  193
1484  193  0  1  0  0  194
1485  194  0  1  0  0  195
1486  187  0  0  0  3  190
1487  165  1  0  11  0  177
1488  156  7  11  0  0  174
1489  152  18  0  0  0  170
1490  167  0  0  0  0  167
1491  161  0  0  6  0  167
1492  162  0  0  0  0  162
1493  155  0  0  0  8  163
1494  154  7  0  0  0  161
1495  157  0  0  0  0  157
1496  148  0  0  0  0  148
1497  143  0  1  0  1  145
1498  133  0  0  0  0  133
1499  134  0  0  0  0  134
1500  126  7  0  0  1  134
1501  116  7  0  1  0  124
1502  143  0  0  0  0  143
1503  140  0  0  0  0  140
1504  132  6  2  0  0  140
1505  138  3  0  0  0  141
1506  136  0  6  0  0  142
1507  121  21  0  0  2  144
1508  142  0  0  1  4  147
1509  139  12  0  0  0  151
1510  155  0  0  0  1  156
1511  157  0  0  2  0  159
1512  157  0  3  0  0  160
1513  163  0  0  1  0  164
1514  163  0  0  0  1  164
1515  169  0  1  0  0  170
1516  151  0  11  0  9  171
1517  174  0  0  1  0  175
1518  171  0  0  9  0  180
1519  184  0  1  0  0  185
1520  189  0  1  0  0  190
1521  193  2  0  0  0  195
1522  200  0  0  0  0  200
1523  187  0  5  11  0  203
1524  166  33  0  0  12  211
1525  216  0  4  0  0  220
1526  226  0  0  0  0  226
1527  228  0  0  1  0  229
1528  230  0  0  0  0  230
1529  240  0  0  1  0  241
1530  242  0  0  0  3  245
1531  253  0  0  0  0  253
1532  255  0  0  0  0  255
1533  153  0  105  0  0  258
1534  241  0  0  24  0  265
1535  242  9  18  0  0  269
1536  263  0  0  14  0  277
1537  282  0  0  0  0  282
1538  284  1  3  0  0  288
1539  284  6  0  0  1  291
1540  287  6  0  0  0  293
1541  294  0  1  1  0  296
1542  289  0  8  4  0  301
1543  304  0  1  0  0  305
1544  296  1  7  0  0  304
1545  303  0  0  4  0  307
1546  212  0  0  97  1  310
1547  292  0  0  17  1  310
1548  296  0  0  0  14  310
1549  292  7  13  0  0  312
1550  310  0  0  1  2  313
1551  324  0  0  0  0  324
1552  329  0  3  0  0  332
1553  327  0  7  1  0  335
1554  321  0  0  13  0  334
1555  203  0  10  111  12  336
1556  331  9  0  0  0  340
1557  323  1  0  2  15  341
1558  343  0  0  0  0  343
1559  345  0  0  1  0  346
1560  353  0  0  0  1  354
1561  343  7  5  0  0  355
1562  355  0  0  0  0  355
1563  352  0  0  0  1  353
1564  351  0  0  0  1  352
1565  345  0  0  6  0  351
1566  342  0  5  0  6  353
1567  350  0  0  2  2  354
1568  335  0  2  0  13  350
1569  341  0  10  0  0  351
1570  345  0  0  6  0  351
1571  362  2  2  0  0  366
1572  367  0  2  0  0  369
1573  359  9  1  1  0  370
1574  372  0  0  0  1  373
1575  366  0  0  11  0  377
1576  379  0  0  0  0  379
1577  376  0  0  1  0  377
1578  371  5  1  0  0  377
1579  378  1  0  0  1  380
1580  378  0  0  0  0  378
1581  341  0  2  35  0  378
1582  382  0  0  0  0  382
1583  380  0  0  2  3  385
1584  369  17  0  1  0  387
1585  371  0  17  0  0  388
1586  381  0  0  2  0  383
1587  383  0  1  0  0  384
1588  393  0  0  0  0  393
1589  97  283  3  0  2  385
1590  369  3  20  0  0  392
1591  380  14  0  0  0  394
1592  395  0  0  1  4  400
1593  395  0  1  2  0  398
1594  385  3  9  0  0  397
1595  360  26  6  0  0  392
1596  93  0  2  294  1  390
1597  367  0  0  33  0  400
1598  403  0  0  1  0  404
1599  403  0  2  0  0  405
1600  405  4  0  0  0  409
1601  403  0  0  1  1  405
1602  405  0  0  0  0  405
1603  399  1  0  4  1  405
1604  403  0  0  0  1  404
1605  407  0  0  0  0  407
1606  407  0  0  0  0  407
1607  393  0  7  0  1  401
1608  401  0  0  0  0  401
1609  399  0  0  0  0  399
1610  388  4  0  4  0  396
1611  382  0  2  1  7  392
1612  387  0  4  0  0  391
1613  352  29  7  0  0  388
1614  380  2  0  1  0  383
1615  381  0  0  0  0  381
1616  374  0  0  0  0  374
1617  366  0  0  0  0  366
1618  367  0  0  0  0  367
1619  356  5  1  0  0  362
1620  342  0  0  12  1  355
1621  348  0  0  0  1  349
1622  340  5  0  2  0  347
1623  333  1  9  0  0  343
1624  327  8  0  0  0  335
1625  317  0  5  0  0  322
1626  320  0  0  0  0  320
1627  312  1  0  3  1  317
1628  305  0  4  1  1  311
1629  285  0  21  0  0  306
1630  292  1  6  0  1  300
1631  293  0  0  1  1  295
1632  287  0  0  0  0  287
1633  277  0  0  1  0  278
1634  273  0  3  1  0  277
1635  264  0  0  4  0  268
1636  262  0  0  0  0  262
1637  255  0  0  0  0  255
1638  227  20  0  0  0  247
1639  217  26  0  0  1  244
1640  243  0  0  0  0  243
1641  232  1  8  0  0  241
1642  229  2  6  0  0  237
1643  222  1  0  11  0  234
1644  230  0  2  0  0  232
1645  227  0  0  1  1  229
1646  224  0  0  1  0  225
1647  225  0  0  0  0  225
1648  218  0  3  1  1  223
1649  217  2  0  0  0  219
1650  206  7  0  0  0  213
1651  208  0  0  0  1  209
1652  21  8  0  0  164  193
1653  195  0  0  0  0  195
1654  183  3  0  8  0  194
1655  193  0  0  0  1  194
1656  183  0  0  5  0  188
1657  184  0  4  0  0  188
1658  188  0  0  0  0  188
1659  102  78  0  0  0  180
1660  90  86  0  0  2  178
1661  176  0  0  0  0  176
1662  164  5  8  0  0  177
1663  172  0  1  0  0  173
1664  165  6  1  0  0  172
1665  74  91  0  0  0  165
1666  71  0  90  0  0  161
1667  160  0  0  0  0  160
1668  159  0  0  0  0  159
1669  158  0  0  0  0  158
1670  136  5  3  0  9  153
1671  147  0  1  0  0  148
1672  146  0  0  0  0  146
1673  110  0  0  23  2  135
1674  125  0  0  0  0  125
1675  120  0  4  0  0  124
1676  122  0  0  0  0  122
1677  113  0  0  1  1  115
1678  115  0  0  0  0  115
1679  112  0  0  1  0  113
1680  113  0  0  0  0  113
1681  108  0  0  0  0  108
1682  106  0  0  0  0  106
1683  101  0  0  0  0  101
1684  53  28  1  0  0  82
1685  74  0  6  0  0  80
1686  76  0  0  0  0  76
1687  46  28  0  0  0  74
1688  73  0  0  1  0  74
1689  44  0  0  0  30  74
1690  75  2  0  0  0  77
1691  76  0  1  0  0  77
1692  75  0  0  0  0  75
1693  74  1  0  0  0  75
1694  72  0  3  0  0  75
1695  67  0  3  0  0  70
1696  66  0  0  1  0  67
1697  64  1  0  0  0  65
1698  64  0  0  0  1  65
1699  61  0  0  0  0  61
1700  58  0  0  0  0  58
1701  53  2  0  0  1  56
1702  50  5  0  0  0  55
1703  52  0  0  0  0  52
1704  48  0  1  1  0  50
1705  29  14  0  0  0  43
1706  41  0  0  0  0  41
1707  26  0  5  11  0  42
1708  35  4  1  0  0  40
1709  40  0  0  2  0  42
1710  43  0  0  0  0  43
1711  43  0  0  0  0  43
1712  41  1  1  0  0  43
1713  39  0  0  5  0  44
1714  44  0  0  0  0  44
1715  41  2  0  1  0  44
1716  43  0  0  1  0  44
1717  44  0  0  0  0  44
1718  42  0  0  0  1  43
1719  43  0  0  0  0  43
1720  6  27  0  8  0  41
1721  42  0  0  1  0  43
1722  43  1  0  0  0  44
1723  41  2  0  0  1  44
1724  46  0  0  0  0  46
1725  31  13  0  0  0  44
1726  44  0  0  0  1  45
1727  45  0  0  0  0  45
1728  35  1  0  9  0  45
1729  45  0  0  1  1  47
1730  46  0  0  0  0  46
1731  46  0  0  0  0  46
1732  47  0  0  0  0  47
1733  46  0  0  0  0  46
1734  45  0  1  0  0  46
1735  34  0  10  0  0  44
1736  44  0  0  0  0  44
1737  44  0  0  0  0  44
1738  38  0  5  0  0  43
1739  39  0  3  0  0  42
1740  42  0  0  0  0  42
1741  39  3  1  0  0  43
1742  45  0  0  0  0  45
1743  44  0  0  0  0  44
1744  45  0  0  0  0  45
1745  43  1  0  0  0  44
1746  44  0  0  0  0  44
1747  38  4  0  0  1  43
1748  43  1  0  0  0  44
1749  43  0  0  1  0  44
1750  41  0  0  2  0  43
1751  41  0  0  0  0  41
1752  39  0  0  0  1  40
1753  38  1  0  0  0  39
1754  3  25  2  0  0  30
1755  30  0  0  0  0  30
1756  2  1  0  27  0  30
1757  29  0  0  1  0  30
1758  0  0  1  0  29  30
1759  37  0  1  0  0  38
1760  45  1  0  0  0  46
1761  44  1  0  0  2  47
1762  46  1  0  0  0  47
1763  50  0  0  0  0  50
1764  51  0  0  0  0  51
1765  48  0  0  3  0  51
1766  51  2  0  0  2  55
1767  59  0  0  0  0  59
1768  58  0  1  0  0  59
1769  59  0  0  0  0  59
1770  56  0  0  3  0  59
1771  60  0  0  0  0  60
1772  63  0  0  0  0  63
1773  66  0  0  0  0  66
1774  64  0  0  0  0  64
1775  64  1  0  0  0  65
1776  67  0  0  0  0  67
1777  69  0  0  0  0  69
1778  70  0  0  1  0  71
1779  72  0  0  0  1  73
1780  77  0  0  0  0  77
1781  77  0  0  0  0  77
1782  78  1  0  0  0  79
1783  74  5  2  0  1  82
1784  73  1  7  1  0  82
1785  77  2  2  0  1  82
1786  91  0  0  0  0  91
1787  92  0  2  0  0  94
1788  97  0  1  0  0  98
1789  103  0  0  0  0  103
1790  102  0  0  3  2  107
1791  108  0  0  0  0  108
1792  100  8  1  0  0  109
1793  109  1  0  0  0  110
1794  111  0  0  0  1  112
1795  108  3  1  0  0  112
1796  108  1  3  0  0  112
1797  17  95  0  0  0  112
1798  120  2  5  0  0  127
1799  128  0  0  0  3  131
1800  128  0  1  2  0  131
1801  132  0  0  0  0  132
1802  142  0  0  0  0  142
1803  142  0  2  0  0  144
1804  145  0  0  0  0  145
1805  63  0  81  0  0  144
1806  153  0  0  0  0  153
1807  152  0  0  0  0  152
1808  151  3  0  0  0  154
1809  144  0  4  6  0  154
1810  154  4  0  0  0  158
1811  158  0  0  0  1  159
1812  159  0  3  0  0  162
1813  158  0  5  0  0  163
1814  165  1  0  0  0  166
1815  166  0  0  0  1  167
1816  167  1  0  0  0  168
1817  170  0  0  1  0  171
1818  166  0  6  0  0  172
1819  167  5  1  0  0  173
1820  164  3  12  1  0  180
1821  181  0  0  0  0  181
1822  170  0  12  0  0  182
1823  183  0  0  0  0  183
1824  181  0  0  0  1  182
1825  181  0  0  0  1  182
1826  24  0  0  0  157  181
1827  13  3  0  164  0  180
1828  208  0  0  0  1  209
1829  212  0  0  0  0  212
1830  211  0  10  0  0  221
1831  222  0  0  0  0  222
1832  228  0  1  0  0  229
1833  232  3  0  0  0  235
1834  242  0  0  0  1  243
1835  244  0  0  0  0  244
1836  246  0  0  0  0  246
1837  247  1  0  0  0  248
1838  250  0  0  0  0  250
1839  256  0  2  0  0  258
1840  257  1  0  0  0  258
1841  259  3  0  0  0  262
1842  262  0  0  1  0  263
1843  267  0  0  0  0  267
1844  264  2  5  0  0  271
1845  273  1  0  0  0  274
1846  276  1  4  0  0  281
1847  269  0  0  2  14  285
1848  280  5  1  0  0  286
1849  289  0  0  0  0  289
1850  294  0  0  0  0  294
1851  301  0  1  0  1  303
1852  291  0  0  0  10  301
1853  288  0  0  0  1  289
1854  135  0  0  151  0  286
1855  288  0  0  1  0  289
1856  292  0  0  0  0  292
1857  295  0  0  1  0  296
1858  295  0  0  0  0  295
1859  293  0  0  0  0  293
1860  6  0  277  0  0  283
1861  300  2  0  0  0  302
1862  311  0  0  0  0  311
1863  318  1  0  0  0  319
1864  320  0  0  1  0  321
1865  317  0  0  5  0  322
1866  326  0  0  0  1  327
1867  332  0  0  1  0  333
1868  336  1  0  0  0  337
1869  334  2  0  1  1  338
1870  338  0  0  0  1  339
1871  336  2  0  1  0  339
1872  339  0  3  0  0  342
1873  342  0  0  1  0  343
1874  338  5  0  0  0  343
1875  347  0  0  0  0  347
1876  341  0  5  0  0  346
1877  339  0  0  1  1  341
1878  277  1  62  0  0  340
1879  340  2  0  0  0  342
1880  325  18  0  0  1  344
1881  339  0  0  4  3  346
1882  351  0  0  0  1  352
1883  354  0  0  0  0  354
1884  345  1  0  3  2  351
1885  338  0  0  0  14  352
1886  349  0  0  0  0  349
1887  348  0  0  0  0  348
1888  336  12  0  0  0  348
1889  336  1  0  3  9  349
1890  347  6  0  0  0  353
1891  352  0  0  0  0  352
1892  349  0  1  2  0  352
1893  351  3  0  0  0  354
1894  357  0  0  0  0  357
1895  352  0  4  0  0  356
1896  350  4  0  0  0  354
1897  353  0  0  0  0  353
1898  330  21  0  0  0  351
1899  311  1  36  0  0  348
1900  349  0  1  1  0  351
1901  350  0  1  0  0  351
1902  338  13  0  0  0  351
1903  345  0  0  1  0  346
1904  344  4  0  0  0  348
1905  120  2  0  217  1  340
1906  343  4  5  0  0  352
1907  344  5  5  0  0  354
1908  342  13  0  0  0  355
1909  357  5  0  0  0  362
1910  359  0  0  2  0  361
1911  365  0  0  0  0  365
1912  363  0  0  1  1  365
1913  368  0  0  0  0  368
1914  370  0  0  0  0  370
1915  367  0  0  1  1  369
1916  368  0  0  0  1  369
1917  367  1  0  0  1  369
1918  361  5  0  0  0  366
1919  363  1  0  0  1  365
1920  358  0  0  5  1  364
1921  358  0  0  0  0  358
1922  329  1  24  0  0  354
1923  326  0  10  9  0  345
1924  347  1  0  0  0  348
1925  346  0  0  1  0  347
1926  347  0  0  0  1  348
1927  346  1  0  1  0  348
1928  342  0  0  0  1  343
1929  336  0  1  0  1  338
1930  326  0  7  0  0  333
1931  293  26  10  0  0  329
1932  326  0  0  0  0  326
1933  310  0  11  0  0  321
1934  320  0  0  0  0  320
1935  317  4  0  0  0  321
1936  301  1  16  0  0  318
1937  313  3  0  4  1  321
1938  296  0  0  26  0  322
1939  322  0  0  0  0  322
1940  322  1  0  0  0  323
1941  319  2  1  0  0  322
1942  314  1  0  1  0  316
1943  314  1  0  0  1  316
1944  313  0  1  0  0  314
1945  307  0  0  1  0  308
1946  301  0  1  0  0  302
1947  271  0  0  0  29  300
1948  300  0  1  1  0  302
1949  278  22  1  0  0  301
1950  291  2  0  2  0  295
1951  293  0  0  0  1  294
1952  263  0  31  0  0  294
1953  291  0  0  0  1  292
1954  285  4  0  0  0  289
1955  282  0  1  2  1  286
1956  284  0  0  0  0  284
1957  274  1  0  2  4  281
1958  272  0  4  0  0  276
1959  269  1  0  0  2  272
1960  224  43  0  0  0  267
1961  259  0  0  5  1  265
1962  266  0  1  0  0  267
1963  259  0  0  0  1  260
1964  258  0  0  0  2  260
1965  253  0  7  0  0  260
1966  254  1  3  0  1  259
1967  244  1  0  11  0  256
1968  250  0  0  1  0  251
1969  247  0  0  7  1  255
1970  254  0  0  0  0  254
1971  246  9  0  0  0  255
1972  262  0  0  0  0  262
1973  262  1  0  0  0  263
1974  260  0  0  0  1  261
1975  255  0  0  0  2  257
1976  260  1  0  0  0  261
1977  255  0  1  6  1  263
1978  262  0  0  1  0  263
1979  260  1  2  0  0  263
1980  258  0  4  0  0  262
1981  197  59  0  0  1  257
1982  257  0  1  0  0  258
1983  250  5  1  0  2  258
1984  255  2  0  0  0  257
1985  261  0  0  1  0  262
1986  263  0  0  0  0  263
1987  255  0  0  5  1  261
1988  260  0  1  0  0  261
1989  259  0  1  0  0  260
1990  254  0  0  2  2  258
1991  249  0  1  6  0  256
1992  246  0  0  5  0  251
1993  248  0  0  1  1  250
1994  237  8  1  0  1  247
1995  234  10  0  0  0  244
1996  236  10  0  0  0  246
1997  240  0  0  0  1  241
1998  236  2  1  0  0  239
1999  224  9  5  0  0  238
2000  229  0  0  0  0  229
2001  217  4  5  0  0  226
2002  223  1  0  1  0  225
2003  222  0  0  0  0  222
2004  38  0  0  1  162  201
2005  190  0  11  0  0  201
2006  192  8  1  0  0  201
2007  197  0  0  0  4  201
2008  198  0  1  0  0  199
2009  191  6  0  0  0  197
2010  198  3  0  0  0  201
2011  200  0  0  0  0  200
2012  191  0  0  0  1  192
2013  187  0  5  0  0  192
2014  188  0  0  0  2  190
2015  186  0  0  0  0  186
2016  177  7  1  0  0  185
2017  182  0  2  0  0  184
2018  182  0  0  0  0  182
2019  168  12  0  0  0  180
2020  180  0  0  0  0  180
2021  175  0  0  2  0  177
2022  175  0  0  0  0  175
2023  172  0  1  0  0  173
2024  169  0  4  1  0  174
2025  148  24  1  0  0  173
2026  172  0  0  0  0  172
2027  171  1  0  0  0  172
2028  156  1  2  12  0  171
2029  49  0  0  0  122  171
2030  170  2  0  0  0  172
2031  171  0  0  1  0  172
2032  172  0  0  0  0  172
2033  169  0  0  0  0  169
2034  162  0  0  0  7  169
2035  161  0  0  0  0  161
2036  146  13  0  0  0  159
2037  149  2  6  0  0  157
2038  153  0  0  0  1  154
2039  152  0  0  0  1  153
2040  155  0  0  0  0  155
2041  149  3  0  0  1  153
2042  153  0  0  0  0  153
2043  140  0  0  0  11  151
2044  128  11  6  0  1  146
2045  123  11  0  0  11  145
2046  7  0  0  0  131  138
2047  138  0  0  0  0  138
2048  137  0  0  1  0  138
2049  138  0  0  0  0  138
2050  136  0  0  0  0  136
2051  135  0  0  0  0  135
2052  133  0  0  0  0  133
2053  131  1  0  0  0  132
2054  131  0  1  0  0  132
2055  125  0  0  6  0  131
2056  130  0  0  0  0  130
2057  125  0  6  0  0  131
2058  130  0  0  0  0  130
2059  127  1  1  0  0  129
2060  126  1  0  0  0  127
2061  10  0  0  0  98  108
2062  110  0  0  0  0  110
2063  110  0  0  0  0  110
2064  108  0  2  0  0  110
2065  102  0  6  0  0  108
2066  106  0  0  0  0  106
2067  98  0  4  0  0  102
2068  72  17  8  0  0  97
2069  92  0  0  0  0  92
2070  87  0  0  0  0  87
2071  85  0  0  0  0  85
2072  80  0  0  0  0  80
2073  75  0  1  0  0  76
2074  75  0  0  0  0  75
2075  70  1  0  0  0  71
2076  64  0  0  0  0  64
2077  58  0  0  0  0  58
2078  53  2  0  0  0  55
2079  52  0  0  0  0  52
2080  43  0  5  0  0  48
2081  47  0  0  0  0  47
2082  11  29  0  0  1  41
2083  47  0  0  1  0  48
2084  50  0  0  0  0  50
2085  51  0  0  0  0  51
2086  48  0  1  0  0  49
2087  48  0  0  0  0  48
2088  46  0  0  0  0  46
2089  47  0  0  0  0  47
2090  48  0  0  0  0  48
2091  48  2  0  0  0  50
2092  51  0  0  0  0  51
2093  49  1  0  0  0  50
2094  50  0  0  1  0  51
2095  52  0  0  0  0  52
2096  52  2  0  0  0  54
2097  54  0  0  0  0  54
2098  52  2  0  0  0  54
2099  49  0  5  1  0  55
2100  56  0  0  0  0  56
2101  58  0  0  0  0  58
2102  60  0  0  0  0  60
2103  61  0  0  0  0  61
2104  63  0  0  0  0  63
2105  63  0  0  0  0  63
2106  58  1  4  0  0  63
2107  60  0  2  0  0  62
2108  54  7  1  0  0  62
2109  62  0  0  0  0  62
2110  60  0  1  0  1  62
2111  61  0  0  0  0  61
2112  62  0  0  0  0  62
2113  62  0  0  0  0  62
2114  62  1  0  0  0  63
2115  59  0  0  0  4  63
2116  64  0  0  0  0  64
2117  63  0  1  0  0  64
2118  63  2  0  0  0  65
2119  65  0  0  0  0  65
2120  65  0  1  0  0  66
2121  68  0  0  0  0  68
2122  69  1  0  0  0  70
2123  70  1  0  1  0  72
2124  70  0  0  0  2  72
2125  69  0  0  1  1  71
2126  72  0  0  0  0  72
2127  71  0  0  1  0  72
2128  71  0  0  0  2  73
2129  72  0  0  0  0  72
2130  71  0  0  1  0  72
2131  55  10  6  0  0  71
2132  71  0  0  0  0  71
2133  67  0  4  0  0  71
2134  71  0  0  0  0  71
2135  73  0  0  0  0  73
2136  72  0  0  0  1  73
2137  69  0  4  0  0  73
2138  73  0  0  0  0  73
2139  72  0  4  0  0  76
2140  60  0  1  11  0  72
2141  78  0  0  0  0  78
2142  75  0  4  0  0  79
2143  80  0  0  0  0  80
2144  80  0  0  0  1  81
2145  82  0  0  0  0  82
2146  81  0  0  1  0  82
2147  12  4  50  0  15  81
2148  85  0  0  0  0  85
2149  87  0  0  0  0  87
2150  91  0  0  0  0  91
2151  85  0  6  0  0  91
2152  89  5  0  0  0  94
2153  96  0  0  0  0  96
2154  96  1  0  0  0  97
2155  101  2  0  0  0  103
2156  103  0  0  0  0  103
2157  80  10  14  0  0  104
2158  107  5  0  0  1  113
2159  113  0  1  0  0  114
2160  104  0  4  4  0  112
2161  119  0  0  0  0  119
2162  125  0  0  0  0  125
2163  124  7  0  0  0  131
2164  133  0  0  0  0  133
2165  135  0  0  0  0  135
2166  128  0  7  0  0  135
2167  133  2  0  0  1  136
2168  139  0  0  0  1  140
2169  140  0  0  0  0  140
2170  140  0  0  0  1  141
2171  141  2  0  0  0  143
2172  139  0  7  0  0  146
2173  148  0  0  0  3  151
2174  152  0  0  0  0  152
2175  161  0  0  0  0  161
2176  163  0  1  0  0  164
2177  167  0  0  0  1  168
2178  142  3  0  0  24  169
2179  172  0  0  0  0  172
2180  165  2  8  0  0  175
2181  175  0  0  0  0  175
2182  175  1  0  0  0  176
2183  172  0  0  0  0  172
2184  172  0  0  0  0  172
2185  169  3  0  0  0  172
2186  173  0  0  0  0  173
2187  171  0  0  3  0  174
2188  175  0  0  0  0  175
2189  171  0  0  3  1  175
2190  154  0  0  2  19  175
2191  169  0  0  0  5  174
2192  150  4  20  0  0  174
2193  169  0  5  0  0  174
2194  116  0  55  0  2  173
2195  171  0  1  0  0  172
2196  156  16  0  0  0  172
2197  165  0  4  1  1  171
2198  167  2  1  0  0  170
2199  173  0  0  2  0  175
2200  172  0  0  1  2  175
2201  173  0  6  1  0  180
2202  182  5  0  0  0  187
2203  188  0  0  0  0  188
2204  188  0  4  2  0  194
2205  196  5  0  0  0  201
2206  198  1  0  3  0  202
2207  211  0  0  0  0  211
2208  214  4  0  0  0  218
2209  221  0  0  0  0  221
2210  224  0  0  0  1  225
2211  224  0  0  0  0  224
2212  213  0  10  0  0  223
2213  0  2  0  219  0  221
2214  230  6  0  0  0  236
2215  216  0  24  1  0  241
2216  242  14  0  0  0  256
2217  251  0  0  0  0  251
2218  227  19  5  0  0  251
2219  255  0  1  0  0  256
2220  244  0  0  13  0  257
2221  261  0  0  0  0  261
2222  259  0  0  2  0  261
2223  228  36  1  0  0  265
2224  269  0  0  1  1  271
2225  264  10  1  0  0  275
2226  277  0  0  0  0  277
2227  274  0  0  0  2  276
2228  276  0  0  0  0  276
2229  274  0  0  0  2  276
2230  275  0  5  0  3  283
2231  282  0  0  2  0  284
2232  269  0  10  3  1  283
2233  284  1  0  0  0  285
2234  277  0  0  10  0  287
2235  269  3  18  0  0  290
2236  292  0  0  0  0  292
2237  289  0  0  0  1  290
2238  258  1  25  0  0  284
2239  29  0  1  249  1  280
2240  293  0  0  0  0  293
2241  289  0  0  4  0  293
2242  290  0  0  0  1  291
2243  285  6  0  0  0  291
2244  50  0  239  0  0  289
2245  298  0  0  0  1  299
2246  262  0  42  0  0  304
2247  310  5  0  0  0  315
2248  302  4  9  0  0  315
2249  294  0  6  0  11  311
2250  311  0  0  0  0  311
2251  2  1  1  298  0  302
2252  308  0  0  0  0  308
2253  303  0  0  0  5  308
2254  303  12  0  0  0  315
2255  311  0  0  0  0  311
2256  305  0  0  0  0  305
2257  308  0  0  0  0  308
2258  309  1  1  0  0  311
2259  309  0  2  0  0  311
2260  293  18  0  0  0  311
2261  291  0  0  19  0  310
2262  293  15  0  0  0  308
2263  302  0  1  0  0  303
2264  232  65  6  0  0  303
2265  304  0  0  0  1  305
2266  288  7  10  0  1  306
2267  296  0  1  5  3  305
2268  296  8  0  1  0  305
2269  304  0  0  0  0  304
2270  302  0  0  1  0  303
2271  296  1  5  0  0  302
2272  298  0  0  0  0  298
2273  296  2  0  0  1  299
2274  288  4  0  0  0  292
2275  261  0  26  1  0  288
2276  68  0  0  209  0  277
2277  267  0  0  15  0  282
2278  284  0  0  0  0  284
2279  285  0  0  1  0  286
2280  285  0  3  0  0  288
2281  293  0  0  0  0  293
2282  291  0  0  0  1  292
2283  299  0  0  0  2  301
2284  292  2  0  1  6  301
2285  294  2  3  0  0  299
2286  270  16  0  10  1  297
2287  10  56  0  0  225  291
2288  306  0  0  0  0  306
2289  300  0  0  1  13  314
2290  322  0  0  0  0  322
2291  322  0  5  0  0  327
2292  321  1  0  9  0  331
2293  334  5  1  0  1  341
2294  330  6  10  0  0  346
2295  343  1  1  0  0  345
2296  339  0  1  0  0  340
2297  327  0  0  0  0  327
2298  16  0  0  292  0  308
2299  322  0  3  0  0  325
2300  234  0  37  51  1  323
2301  337  0  0  0  0  337
2302  338  0  0  0  0  338
2303  334  0  0  0  4  338
2304  335  0  0  0  0  335
2305  320  0  4  0  0  324
2306  313  0  1  0  2  316
2307  291  18  5  1  0  315
2308  314  0  0  0  1  315
2309  306  0  0  0  3  309
2310  295  3  4  0  0  302
2311  269  15  11  0  0  295
2312  285  2  0  8  0  295
2313  296  0  0  0  1  297
2314  295  0  0  0  0  295
2315  289  2  0  0  0  291
2316  279  8  0  0  0  287
2317  284  0  0  1  0  285
2318  269  0  6  0  5  280
2319  278  0  0  2  0  280
2320  274  0  4  0  0  278
2321  275  0  0  0  1  276
2322  270  0  0  1  4  275
2323  263  0  7  0  0  270
2324  268  0  0  0  0  268
2325  264  0  0  2  0  266
2326  261  4  0  0  0  265
2327  263  0  0  0  0  263
2328  211  1  0  0  48  260
2329  258  0  0  1  0  259
2330  259  0  0  0  0  259
2331  257  0  0  1  0  258
2332  253  2  0  0  0  255
2333  253  0  0  0  0  253
2334  250  0  0  0  0  250
2335  246  1  0  0  0  247
2336  231  0  7  0  0  238
2337  158  0  55  0  21  234
2338  221  8  0  0  3  232
2339  230  0  0  0  0  230
2340  220  1  8  0  0  229
2341  226  0  2  0  0  228
2342  215  0  0  0  12  227
2343  220  1  0  0  4  225
2344  222  0  0  0  0  222
2345  220  0  0  0  0  220
2346  200  0  12  1  0  213
2347  205  6  0  0  0  211
2348  209  0  0  0  0  209
2349  209  0  0  0  0  209
2350  205  3  0  0  0  208
2351  201  4  0  0  0  205
2352  202  1  0  0  0  203
2353  188  14  0  0  0  202
2354  201  0  2  0  0  203
2355  202  0  0  0  0  202
2356  201  0  0  0  0  201
2357  200  0  0  1  0  201
2358  188  9  0  0  0  197
2359  190  7  0  0  0  197
2360  195  0  0  2  0  197
2361  193  0  0  0  0  193
2362  192  0  0  0  0  192
2363  13  1  1  0  170  185
2364  157  0  30  0  0  187
2365  187  0  0  1  0  188
2366  189  1  0  0  0  190
2367  191  0  0  0  0  191
2368  181  7  0  3  0  191
2369  181  0  0  8  0  189
2370  191  0  0  0  0  191
2371  191  0  0  0  0  191
2372  188  0  1  0  0  189
2373  186  0  1  0  0  187
2374  186  0  1  0  0  187
2375  182  0  0  0  0  182
2376  40  128  0  0  2  170
2377  171  0  0  0  0  171
2378  169  1  0  0  0  170
2379  160  8  1  0  0  169
2380  138  7  20  0  0  165
2381  149  3  5  0  0  157
2382  155  0  0  0  0  155
2383  146  0  0  0  0  146
2384  144  0  0  1  0  145
2385  144  0  0  0  0  144
2386  137  0  0  0  0  137
2387  133  0  0  0  0  133
2388  126  1  1  0  0  128
2389  121  0  0  0  0  121
2390  113  0  3  1  1  118
2391  104  0  7  0  0  111
2392  94  7  0  0  0  101
2393  95  0  1  0  0  96
2394  87  2  0  0  0  89
2395  83  1  0  0  0  84
2396  79  0  2  0  0  81
2397  72  0  4  0  0  76
2398  70  0  1  0  1  72
2399  65  6  0  0  0  71
2400  66  0  3  0  0  69
2401  62  5  0  0  0  67
2402  63  3  0  0  0  66
2403  65  0  1  0  0  66
2404  66  0  0  0  0  66
2405  58  0  0  0  1  59
2406  61  0  0  0  0  61
2407  61  0  0  0  0  61
2408  56  0  0  0  0  56
2409  51  4  0  0  0  55
2410  49  0  5  0  0  54
2411  46  7  1  0  0  54
2412  50  0  4  0  0  54
2413  52  0  0  0  0  52
2414  49  0  1  0  0  50
2415  4  44  0  0  0  48
2416  49  0  0  0  0  49
2417  48  0  0  0  1  49
2418  50  0  0  0  0  50
2419  51  0  0  0  0  51
2420  51  1  0  0  0  52
2421  51  0  0  1  0  52
2422  53  0  0  0  0  53
2423  53  0  0  0  0  53
2424  38  4  10  0  0  52
2425  52  0  0  0  0  52
2426  51  0  0  0  0  51
2427  46  3  2  0  0  51
2428  51  0  0  0  0  51
2429  50  0  0  0  0  50
2430  49  0  0  0  1  50
2431  45  5  0  0  0  50
2432  44  0  0  3  1  48
2433  45  0  0  1  1  47
2434  31  0  0  0  14  45
2435  2  0  1  42  0  45
2436  46  1  0  0  0  47
2437  46  0  0  0  1  47
2438  45  0  1  0  1  47
2439  45  1  0  1  0  47
2440  47  0  0  0  0  47
2441  47  0  0  0  0  47
2442  47  0  0  0  0  47
2443  51  0  0  0  0  51
2444  47  0  1  1  0  49
2445  42  6  0  0  0  48
2446  48  0  0  0  0  48
2447  45  0  0  1  0  46
2448  40  0  0  2  4  46
2449  44  0  1  0  0  45
2450  45  0  0  0  0  45
2451  45  0  0  0  0  45
2452  46  0  0  0  0  46
2453  44  0  0  0  0  44
2454  44  0  0  0  0  44
2455  44  0  0  0  0  44
2456  43  1  0  0  0  44
2457  44  0  1  0  0  45
2458  46  0  0  0  0  46
2459  45  1  0  0  0  46
2460  47  0  0  0  0  47
2461  47  0  0  0  0  47
2462  48  0  0  0  0  48
2463  42  1  1  2  0  46
2464  44  0  0  1  0  45
2465  43  0  0  1  0  44
2466  41  0  3  0  0  44
2467  44  0  0  0  0  44
2468  46  0  0  0  0  46
2469  46  1  0  0  0  47
2470  41  1  2  1  0  45
2471  9  0  0  0  35  44
2472  48  0  0  0  0  48
2473  46  0  2  0  0  48
2474  50  0  0  0  1  51
2475  52  0  0  1  0  53
2476  52  0  0  0  0  52
2477  51  0  1  0  2  54
2478  55  0  0  0  0  55
2479  56  0  0  0  0  56
2480  56  0  0  0  0  56
2481  55  0  2  0  0  57
2482  58  0  0  0  0  58
2483  56  0  0  0  0  56
2484  24  0  0  32  0  56
2485  57  0  0  0  0  57
2486  57  0  0  0  0  57
2487  54  0  0  3  0  57
2488  56  0  0  1  0  57
2489  54  0  5  0  0  59
2490  60  0  0  0  0  60
2491  61  0  0  0  0  61
2492  61  0  0  0  0  61
2493  61  0  0  0  0  61
2494  55  0  0  0  6  61
2495  59  0  0  0  1  60
2496  60  0  0  1  0  61
2497  58  0  2  0  0  60
2498  59  0  0  0  0  59
2499  59  1  0  0  0  60
2500  61  0  0  0  0  61
2501  63  0  0  0  0  63
2502  56  0  0  9  0  65
2503  65  0  0  0  0  65
2504  55  2  3  0  0  60
2505  59  0  0  0  1  60
2506  51  3  0  5  0  59
2507  64  0  0  0  0  64
2508  62  1  0  1  1  65
2509  64  2  0  0  2  68
2510  67  0  2  0  0  69
2511  70  0  0  1  0  71
2512  77  0  1  0  0  78
2513  83  0  0  0  0  83
2514  93  0  0  0  0  93
2515  97  0  0  5  0  102
2516  108  0  0  0  0  108
2517  111  3  5  0  0  119
2518  117  0  9  0  0  126
2519  128  0  0  0  0  128
2520  126  2  0  0  9  137
2521  136  0  4  0  0  140
2522  133  9  0  0  0  142
2523  144  1  0  0  0  145
2524  147  0  0  0  0  147
2525  146  0  0  0  0  146
2526  143  4  0  0  0  147
2527  139  0  8  3  0  150
2528  142  3  0  0  8  153
2529  142  12  0  0  0  154
2530  162  0  0  0  0  162
2531  167  0  0  0  1  168
2532  164  7  0  0  0  171
2533  173  0  0  0  0  173
2534  162  0  0  16  0  178
2535  182  0  1  0  0  183
2536  183  1  0  0  0  184
2537  188  0  0  0  0  188
2538  189  0  5  0  0  194
2539  193  0  0  1  0  194
2540  193  0  0  0  0  193
2541  51  0  0  142  0  193
2542  209  0  0  0  0  209
2543  199  12  0  1  0  212
2544  217  1  0  0  0  218
2545  222  0  0  0  0  222
2546  227  0  0  0  0  227
2547  229  0  5  0  0  234
2548  237  0  0  0  0  237
2549  241  0  0  0  0  241
2550  246  0  0  0  0  246
2551  223  21  1  0  4  249
2552  255  0  0  1  0  256
2553  257  0  4  4  0  265
2554  270  0  0  0  0  270
2555  268  0  0  0  0  268
2556  258  0  14  1  0  273
2557  276  0  0  0  0  276
2558  271  0  0  0  6  277
2559  263  3  11  0  0  277
2560  280  0  0  0  0  280
2561  279  0  0  1  0  280
2562  277  0  4  0  0  281
2563  280  0  0  1  0  281
2564  281  0  0  0  0  281
2565  270  0  0  0  13  283
2566  288  0  0  0  1  289
2567  288  0  0  1  0  289
2568  288  1  0  0  0  289
2569  268  10  13  0  0  291
2570  287  0  0  1  0  288
2571  288  0  0  0  0  288
2572  285  0  0  1  1  287
2573  288  0  0  0  0  288
2574  286  0  0  0  0  286
2575  285  0  0  0  0  285
2576  277  6  0  0  0  283
2577  282  0  0  0  0  282
2578  263  15  1  0  1  280
2579  276  0  0  1  1  278
2580  3  0  0  272  0  275
2581  278  1  0  0  0  279
2582  275  1  0  3  0  279
2583  255  0  0  24  0  279
2584  278  0  2  0  0  280
2585  280  0  0  0  0  280
2586  276  5  0  0  0  281
2587  281  0  0  0  0  281
2588  239  41  0  0  1  281
2589  281  0  0  0  1  282
2590  281  0  0  0  0  281
2591  263  15  2  0  1  281
2592  262  1  2  17  0  282
2593  275  6  0  0  0  281
2594  281  0  0  0  0  281
2595  133  0  0  145  0  278
2596  278  0  0  0  0  278
2597  278  0  0  0  0  278
2598  266  8  0  2  0  276
2599  272  1  1  0  0  274
2600  6  1  0  3  254  264
2601  88  174  6  0  1  269
2602  265  0  15  0  0  280
2603  280  0  0  0  0  280
2604  279  0  0  0  1  280
2605  279  0  0  0  1  280
2606  279  0  0  0  0  279
2607  270  1  0  0  0  271
2608  274  0  0  0  0  274
2609  271  0  0  0  3  274
2610  271  0  4  0  0  275
2611  263  0  7  0  0  270
2612  255  0  0  1  1  257
2613  251  0  0  1  1  253
2614  248  0  5  0  0  253
2615  234  7  0  0  0  241
2616  213  0  0  0  14  227
2617  215  1  6  0  0  222
2618  207  8  0  0  0  215
2619  212  0  1  0  0  213
2620  214  0  0  0  0  214
2621  212  0  3  0  0  215
2622  212  1  1  0  0  214
2623  214  0  0  0  0  214
2624  213  0  0  0  0  213
2625  209  0  0  1  0  210
2626  206  0  0  0  0  206
2627  4  0  0  182  1  187
2628  184  3  1  0  0  188
2629  188  0  0  0  0  188
2630  184  0  0  3  1  188
2631  182  0  4  0  0  186
2632  152  0  33  0  0  185
2633  180  0  0  3  0  183
2634  146  0  1  33  0  180
2635  178  0  0  0  0  178
2636  166  1  10  0  0  177
2637  172  0  0  0  0  172
2638  160  0  0  3  0  163
2639  152  0  0  0  1  153
2640  147  0  2  0  0  149
2641  145  0  1  0  1  147
2642  134  10  0  0  0  144
2643  124  7  0  0  0  131
2644  123  0  5  0  0  128
2645  117  0  4  1  0  122
2646  111  4  1  0  1  117
2647  105  5  3  0  0  113
2648  10  0  1  82  0  93
2649  98  2  0  0  0  100
2650  97  0  1  3  0  101
2651  101  1  0  0  0  102
2652  97  0  1  0  0  98
2653  92  1  3  0  0  96
2654  91  3  0  0  1  95
2655  94  0  0  0  0  94
2656  92  0  0  1  0  93
2657  89  1  1  0  2  93
2658  90  1  3  0  0  94
2659  98  0  0  0  0  98
2660  99  0  0  0  0  99
2661  99  0  1  0  0  100
2662  93  3  4  0  0  100
2663  94  0  0  0  0  94
2664  88  1  0  0  1  90
2665  90  0  0  0  0  90
2666  8  0  37  0  40  85
2667  94  0  0  0  0  94
2668  97  0  0  0  0  97
2669  99  0  0  0  0  99
2670  97  2  0  0  0  99
2671  95  3  1  0  0  99
2672  97  0  0  3  0  100
2673  100  0  0  0  0  100
2674  97  3  0  0  0  100
2675  105  0  0  0  0  105
2676  96  7  0  0  0  103
2677  99  3  0  0  0  102
2678  48  49  0  0  1  98
2679  108  0  0  0  0  108
2680  108  0  0  0  0  108
2681  108  0  0  0  0  108
2682  108  0  0  0  0  108
2683  106  1  0  0  0  107
2684  82  0  0  0  22  104
2685  104  0  0  0  0  104
2686  14  0  82  0  1  97
2687  51  47  1  0  0  99
2688  101  0  0  0  0  101
2689  97  3  2  0  0  102
2690  96  9  0  0  0  105
2691  106  0  0  0  0  106
2692  107  3  0  0  0  110
2693  107  0  0  0  4  111
2694  106  1  1  0  1  109
2695  105  2  2  0  0  109
2696  107  0  0  1  1  109
2697  109  1  0  1  0  111
2698  109  0  0  1  0  110
2699  109  0  0  0  0  109
2700  100  0  7  0  0  107
2701  105  0  2  0  0  107
2702  6  0  2  96  0  104
2703  105  2  1  0  0  108
2704  107  0  0  0  1  108
2705  106  1  1  0  0  108
2706  109  0  1  0  0  110
2707  108  0  1  0  1  110
2708  107  0  0  1  0  108
2709  71  0  1  36  0  108
2710  108  0  0  0  0  108
2711  105  1  6  0  0  112
2712  113  0  0  0  0  113
2713  111  1  0  0  0  112
2714  110  1  0  0  0  111
2715  37  68  1  0  1  107
2716  110  0  0  0  0  110
2717  112  0  0  0  0  112
2718  114  0  0  0  0  114
2719  113  0  0  0  1  114
2720  113  0  0  0  0  113
2721  109  3  0  0  0  112
2722  109  2  1  0  0  112
2723  109  3  0  0  1  113
2724  112  0  0  1  0  113
2725  112  0  0  0  1  113
2726  61  51  0  0  1  113
2727  69  0  0  2  41  112
2728  70  0  0  0  42  112
2729  115  0  0  0  2  117
2730  113  0  3  0  0  116
2731  115  0  3  0  0  118
2732  110  0  0  4  2  116
2733  115  1  0  0  0  116
2734  109  8  0  0  0  117
2735  118  0  0  0  0  118
2736  115  4  0  0  0  119
2737  103  0  16  0  0  119
2738  113  2  3  0  1  119
2739  118  0  0  0  1  119
2740  119  0  0  0  0  119
2741  117  0  0  0  1  118
2742  114  0  3  0  0  117
2743  116  0  0  1  0  117
2744  113  1  2  0  0  116
2745  114  0  1  0  0  115
2746  114  0  0  1  1  116
2747  112  0  1  1  0  114
2748  113  0  0  0  0  113
2749  111  0  1  1  0  113
2750  108  1  4  0  0  113
2751  110  2  0  0  0  112
2752  112  0  0  0  0  112
2753  112  0  0  0  0  112
2754  111  0  0  0  0  111
2755  107  2  0  1  0  110
2756  91  7  7  0  0  105
2757  109  0  0  0  0  109
2758  108  0  0  0  0  108
2759  104  1  0  0  0  105
2760  103  0  1  0  0  104
2761  103  0  0  0  0  103
2762  101  0  0  1  0  102
2763  101  0  0  0  1  102
2764  98  0  0  0  0  98
2765  93  0  0  0  2  95
2766  88  5  1  0  0  94
2767  94  0  0  0  0  94
2768  91  0  0  0  1  92
2769  88  0  0  0  1  89
2770  88  0  0  0  1  89
2771  81  7  1  0  0  89
2772  84  0  1  0  0  85
2773  83  0  0  0  0  83
2774  79  2  0  0  0  81
2775  76  0  0  0  1  77
2776  75  0  1  0  0  76
2777  65  1  0  0  7  73
2778  66  0  0  3  2  71
2779  69  0  0  0  0  69
2780  65  1  0  0  0  66
2781  64  1  0  0  0  65
2782  48  2  14  0  0  64
2783  61  0  0  0  0  61
2784  58  2  0  0  0  60
2785  58  1  0  0  0  59
2786  58  0  0  0  0  58
2787  58  0  0  0  0  58
2788  51  0  0  0  2  53
2789  52  0  0  0  0  52
2790  50  0  0  0  0  50
2791  0  0  0  0  0  0
2792  0  0  0  0  0  0
2793  0  0  0  0  0  0
2794  0  0  0  0  0  0
2795  0  0  0  0  0  0
2796  0  0  0  0  0  0
2797  0  0  0  0  0  0
2798  0  0  0  0  0  0
2799  0  0  0  0  0  0
2800  0  0  0  0  0  0
2801  0  0  0  0  0  0
2802  0  0  0  0  0  0
2803  0  0  0  0  0  0
2804  0  0  0  0  0  0
2805  0  0  0  0  0  0
2806  0  0  0  0  0  0
2807  0  0  0  0  0  0
2808  0  0  0  0  0  0
2809  0  0  0  0  0  0
2810  0  0  0  0  0  0
2811  0  0  0  0  0  0
2812  0  0  0  0  0  0
2813  0  0  0  0  0  0
2814  0  0  0  0  0  0
2815  0  0  0  0  0  0
2816  0  0  0  0  0  0
2817  0  0  0  0  0  0
2818  0  0  0  0  0  0
2819  0  0  0  0  0  0
2820  0  0  0  0  0  0
2821  0  0  0  0  0  0
2822  0  0  0  0  0  0
2823  0  0  0  0  0  0
2824  0  0  0  0  0  0
