Position	CountMatch	CountA	CountT	CountG	CountC	Depth
1  0  0  0  0  0  0
2  0  0  0  0  0  0
3  30  0  0  0  0  30
4  30  0  0  0  0  30
5  30  0  0  0  0  30
6  30  0  0  0  0  30
7  30  0  0  0  0  30
8  31  0  0  0  0  31
9  31  0  0  0  0  31
10  31  0  0  0  0  31
11  31  0  0  0  0  31
12  30  0  1  0  0  31
13  31  0  0  0  0  31
14  31  0  0  0  0  31
15  28  0  0  0  3  31
16  32  0  0  0  0  32
17  32  0  0  0  0  32
18  32  0  0  0  0  32
19  22  0  10  0  0  32
20  30  0  0  2  0  32
21  20  0  12  0  0  32
22  28  0  5  0  0  33
23  33  0  0  0  0  33
24  33  0  0  0  0  33
25  33  0  0  0  0  33
26  33  0  0  0  0  33
27  33  0  0  0  0  33
28  33  0  0  0  0  33
29  31  0  2  0  0  33
30  33  0  0  0  0  33
31  33  0  0  0  0  33
32  33  0  0  0  0  33
33  34  0  0  0  0  34
34  34  0  0  0  0  34
35  35  0  0  0  0  35
36  34  0  0  0  0  34
37  34  0  0  0  0  34
38  24  0  0  0  0  24
39  23  0  0  0  0  23
40  23  0  0  0  0  23
41  14  0  5  5  0  24
42  23  0  0  0  0  23
43  24  0  0  0  0  24
44  23  0  0  0  0  23
45  22  0  0  0  0  22
46  22  0  0  0  0  22
47  0  0  0  0  19  19
48  25  0  0  0  0  25
49  25  0  0  0  0  25
50  21  0  5  0  0  26
51  24  0  0  0  0  24
52  24  0  0  0  0  24
53  0  21  0  0  0  21
54  17  0  0  0  5  22
55  24  0  0  0  0  24
56  24  0  0  0  1  25
57  27  0  0  0  0  27
58  29  0  0  0  0  29
59  31  0  0  0  0  31
60  31  0  0  0  0  31
61  31  0  0  0  0  31
62  32  0  0  0  0  32
63  34  0  0  0  0  34
64  34  0  0  0  0  34
65  20  0  0  0  13  33
66  35  0  0  0  0  35
67  30  0  0  0  6  36
68  38  0  0  0  0  38
69  35  0  0  0  4  39
70  39  0  0  0  0  39
71  41  0  0  0  0  41
72  42  0  0  0  0  42
73  42  0  0  0  0  42
74  42  0  0  0  0  42
75  33  9  0  0  0  42
76  43  0  0  0  0  43
77  23  23  0  0  0  46
78  47  0  0  0  0  47
79  47  0  0  0  0  47
80  29  18  0  0  0  47
81  51  0  0  0  0  51
82  52  0  0  0  0  52
83  50  0  4  0  0  54
84  53  1  0  0  0  54
85  56  0  0  0  0  56
86  29  1  0  0  27  57
87  60  0  0  0  0  60
88  60  0  0  0  0  60
89  61  0  0  0  0  61
90  62  0  0  0  0  62
91  63  0  0  0  0  63
92  63  0  0  0  0  63
93  64  0  0  0  0  64
94  64  0  0  0  0  64
95  64  0  0  0  0  64
96  65  0  0  0  0  65
97  37  0  0  0  28  65
98  68  0  0  0  0  68
99  68  0  0  0  0  68
100  68  0  0  0  0  68
101  70  0  0  0  0  70
102  72  0  0  0  0  72
103  71  1  0  0  0  72
104  71  1  0  0  0  72
105  72  2  0  0  0  74
106  77  0  0  0  0  77
107  77  0  0  0  0  77
108  75  0  0  1  0  76
109  77  0  1  0  0  78
110  79  0  0  0  0  79
111  77  2  0  1  0  80
112  83  0  0  0  0  83
113  85  0  0  0  0  85
114  86  0  0  0  0  86
115  69  17  0  0  0  86
116  86  0  0  0  0  86
117  87  0  0  0  0  87
118  87  0  0  1  0  88
119  92  0  0  0  0  92
120  93  0  1  0  0  94
121  95  1  0  0  0  96
122  88  7  1  2  0  98
123  99  0  0  0  0  99
124  99  0  0  0  0  99
125  88  11  0  0  0  99
126  99  0  0  0  1  100
127  91  1  0  8  0  100
128  91  5  7  0  0  103
129  100  0  6  0  0  106
130  106  0  0  0  0  106
131  86  0  21  0  0  107
132  50  61  0  0  0  111
133  112  0  0  0  0  112
134  117  0  1  0  0  118
135  121  0  0  0  0  121
136  125  0  0  0  0  125
137  129  0  1  0  0  130
138  133  0  0  0  0  133
139  134  0  0  0  0  134
140  131  1  4  0  0  136
141  137  0  0  0  2  139
142  139  0  0  0  0  139
143  143  1  1  0  0  145
144  145  0  0  0  0  145
145  128  0  0  16  0  144
146  144  0  0  0  1  145
147  122  0  3  0  21  146
148  146  0  0  0  0  146
149  149  0  0  0  0  149
150  141  7  0  0  0  148
151  149  0  0  0  0  149
152  152  0  0  0  0  152
153  153  0  0  0  0  153
154  153  0  0  0  0  153
155  153  0  0  0  0  153
156  152  0  0  0  0  152
157  144  5  0  0  0  149
158  150  0  0  0  0  150
159  146  0  0  0  0  146
160  145  0  0  0  0  145
161  146  0  0  0  0  146
162  142  3  0  0  0  145
163  145  0  0  0  0  145
164  145  0  0  0  0  145
165  144  0  1  0  0  145
166  146  0  0  0  0  146
167  144  0  0  0  0  144
168  138  1  5  0  0  144
169  143  0  0  1  0  144
170  143  0  0  0  0  143
171  144  0  0  0  0  144
172  145  0  0  0  0  145
173  105  40  1  0  0  146
174  145  0  0  0  0  145
175  144  0  0  0  0  144
176  141  0  0  0  0  141
177  141  0  0  0  0  141
178  140  0  0  0  0  140
179  142  0  0  0  0  142
180  138  2  0  0  0  140
181  131  0  9  0  0  140
182  88  35  12  0  0  135
183  122  13  0  0  0  135
184  135  0  0  1  0  136
185  122  0  13  0  0  135
186  133  1  0  0  2  136
187  131  0  5  0  0  136
188  133  0  2  1  0  136
189  136  0  0  0  0  136
190  136  0  0  0  0  136
191  136  0  0  0  0  136
192  1  0  0  128  0  129
193  1  0  5  0  123  129
194  131  0  9  2  0  142
195  142  1  0  0  0  143
196  143  0  0  0  0  143
197  146  0  0  0  0  146
198  147  0  0  0  0  147
199  148  0  0  0  0  148
200  135  0  14  0  0  149
201  147  2  0  0  0  149
202  144  0  0  2  1  147
203  146  1  0  0  0  147
204  145  0  2  0  0  147
205  142  0  2  0  0  144
206  147  0  0  0  1  148
207  144  0  4  0  0  148
208  147  0  0  2  0  149
209  148  0  0  0  1  149
210  148  0  0  0  0  148
211  145  2  0  0  0  147
212  145  0  0  0  0  145
213  143  0  2  0  0  145
214  145  0  0  0  0  145
215  143  0  0  0  0  143
216  144  0  0  0  0  144
217  141  0  0  0  0  141
218  128  0  8  4  0  140
219  140  0  0  0  0  140
220  140  0  0  0  0  140
221  137  0  0  0  4  141
222  138  0  0  0  0  138
223  136  1  0  0  0  137
224  138  0  0  0  0  138
225  136  0  0  0  0  136
226  133  3  0  0  0  136
227  135  0  0  0  0  135
228  131  0  0  0  0  131
229  74  51  0  0  0  125
230  123  1  0  0  0  124
231  125  0  0  0  0  125
232  122  0  1  0  0  123
233  122  0  0  0  0  122
234  119  0  0  0  0  119
235  117  0  0  0  0  117
236  68  0  0  38  0  106
237  101  0  0  0  4  105
238  104  2  0  0  0  106
239  105  0  0  0  0  105
240  105  0  0  0  0  105
241  100  0  0  0  0  100
242  88  8  0  0  0  96
243  95  0  0  0  0  95
244  92  0  0  0  0  92
245  90  0  0  0  0  90
246  88  0  0  0  0  88
247  81  0  6  1  0  88
248  84  0  0  1  3  88
249  1  78  0  0  0  79
250  79  0  0  0  0  79
251  79  0  0  0  0  79
252  3  0  0  76  0  79
253  81  0  0  0  0  81
254  81  0  0  0  0  81
255  82  0  0  0  0  82
256  81  0  0  0  0  81
257  82  0  0  0  0  82
258  82  0  0  0  0  82
259  81  0  0  0  0  81
260  79  0  0  0  0  79
261  79  0  0  0  0  79
262  76  2  0  1  0  79
263  78  1  0  0  0  79
264  79  0  0  0  0  79
265  77  0  0  0  0  77
266  74  0  0  0  0  74
267  74  0  0  0  0  74
268  71  0  2  0  0  73
269  64  7  0  0  1  72
270  69  0  1  0  0  70
271  68  0  0  0  0  68
272  1  4  0  61  0  66
273  71  0  0  0  0  71
274  62  0  10  0  0  72
275  65  0  0  10  0  75
276  79  0  0  0  0  79
277  79  0  0  0  0  79
278  78  2  0  0  0  80
279  80  0  0  0  0  80
280  80  0  0  0  0  80
281  80  0  0  0  0  80
282  84  0  0  0  0  84
283  84  0  0  0  0  84
284  83  0  0  0  0  83
285  66  17  0  0  0  83
286  83  0  0  0  0  83
287  69  14  0  0  0  83
288  79  0  3  0  0  82
289  79  1  0  0  0  80
290  78  0  0  0  0  78
291  74  0  0  0  0  74
292  74  0  0  0  0  74
293  73  0  0  0  0  73
294  52  0  20  0  0  72
295  72  0  0  0  0  72
296  72  0  0  0  0  72
297  70  0  0  0  0  70
298  71  0  0  0  0  71
299  67  0  0  0  0  67
300  67  0  0  0  0  67
301  67  0  0  0  0  67
302  67  0  1  0  0  68
303  66  0  0  0  0  66
304  66  0  0  0  0  66
305  66  0  0  0  0  66
306  53  0  0  8  0  61
307  57  0  0  3  0  60
308  60  0  0  0  0  60
309  59  0  0  0  0  59
310  58  0  0  0  0  58
311  54  0  3  0  0  57
312  54  0  0  0  0  54
313  55  0  0  0  0  55
314  49  6  0  0  0  55
315  54  0  3  0  0  57
316  57  0  0  0  0  57
317  57  0  0  0  0  57
318  57  0  0  0  0  57
319  55  0  0  0  1  56
320  58  0  0  0  0  58
321  59  1  0  0  0  60
322  62  0  0  0  0  62
323  65  0  0  0  0  65
324  42  23  1  0  0  66
325  67  0  0  1  0  68
326  67  0  0  0  0  67
327  65  0  1  0  0  66
328  0  0  0  59  7  66
329  71  0  0  0  0  71
330  73  0  0  0  0  73
331  70  5  0  0  0  75
332  79  0  0  0  0  79
333  78  0  0  0  0  78
334  81  0  1  0  0  82
335  83  0  0  0  0  83
336  83  0  0  2  0  85
337  83  0  0  0  1  84
338  84  0  0  0  1  85
339  65  0  20  0  0  85
340  76  0  8  0  0  84
341  81  0  0  0  3  84
342  82  0  0  0  0  82
343  2  0  0  0  75  77
344  31  0  0  47  0  78
345  83  0  0  0  0  83
346  84  0  1  0  0  85
347  87  0  0  0  0  87
348  72  15  0  0  0  87
349  78  2  4  3  0  87
350  33  50  4  0  0  87
351  90  0  0  0  0  90
352  88  0  2  0  0  90
353  90  0  0  0  0  90
354  91  0  0  0  0  91
355  82  0  0  0  8  90
356  90  0  0  0  0  90
357  84  4  0  0  0  88
358  88  0  0  0  0  88
359  85  0  3  0  0  88
360  75  0  4  9  0  88
361  88  0  0  0  0  88
362  88  0  0  0  0  88
363  87  0  0  0  0  87
364  0  0  0  0  83  83
365  83  0  0  0  0  83
366  83  0  0  0  0  83
367  83  0  0  0  0  83
368  79  0  0  0  0  79
369  79  0  0  0  0  79
370  79  0  0  0  0  79
371  76  0  0  0  0  76
372  75  0  0  0  0  75
373  74  0  1  0  0  75
374  72  0  3  0  0  75
375  72  0  0  0  2  74
376  71  0  0  2  0  73
377  73  0  0  0  0  73
378  72  1  0  0  0  73
379  65  9  0  0  0  74
380  62  0  0  1  9  72
381  71  1  0  0  0  72
382  70  0  0  0  0  70
383  61  9  0  0  0  70
384  70  0  0  0  0  70
385  67  0  0  0  2  69
386  65  0  0  4  0  69
387  68  0  0  0  0  68
388  68  0  0  0  0  68
389  68  0  0  0  0  68
390  55  0  11  0  1  67
391  66  0  0  0  0  66
392  59  0  7  0  0  66
393  49  14  0  0  0  63
394  63  0  0  0  0  63
395  58  0  5  0  0  63
396  63  0  0  0  0  63
397  64  0  0  0  0  64
398  62  0  0  0  1  63
399  57  0  6  0  0  63
400  57  0  6  0  0  63
401  63  0  0  0  0  63
402  61  0  1  0  0  62
403  62  0  0  0  0  62
404  62  0  0  0  0  62
405  57  0  0  0  4  61
406  60  0  1  0  0  61
407  5  0  46  0  6  57
408  56  0  0  2  0  58
409  58  0  0  0  0  58
410  55  3  0  0  0  58
411  57  0  0  0  0  57
412  57  0  0  0  0  57
413  55  0  2  0  0  57
414  55  2  0  0  0  57
415  55  1  0  0  0  56
416  56  0  0  0  0  56
417  46  0  9  0  0  55
418  53  0  1  0  0  54
419  54  0  0  0  0  54
420  48  0  0  0  0  49
421  47  0  0  0  0  47
422  48  0  0  0  0  48
423  44  0  0  0  0  44
424  40  0  0  0  3  43
425  42  0  0  0  0  42
426  26  0  0  14  0  40
427  41  0  0  0  0  41
428  38  0  0  0  0  39
429  38  0  0  0  0  39
430  37  0  0  0  0  37
431  35  0  0  0  0  35
432  31  0  0  0  0  31
433  25  0  1  0  0  26
434  24  0  0  0  0  24
435  0  3  0  16  0  19
436  18  0  0  1  0  19
437  19  0  0  0  0  19
438  19  0  0  0  0  19
439  18  0  0  0  0  18
440  18  0  0  0  0  18
441  16  0  0  0  0  16
442  13  0  0  1  0  14
443  14  0  0  0  0  14
444  14  0  0  0  0  14
445  13  0  0  1  0  14
446  13  0  0  0  0  13
447  13  0  0  0  0  13
448  13  0  3  0  0  16
449  14  2  0  0  0  16
450  14  0  0  0  0  14
451  14  0  0  0  0  14
452  13  2  0  0  0  15
453  15  0  0  0  0  15
454  14  0  0  0  0  14
455  16  0  0  0  0  16
456  15  1  0  0  0  16
457  18  0  0  0  0  18
458  18  0  0  0  0  18
459  18  0  0  0  0  18
460  18  0  0  0  0  18
461  13  0  0  0  5  18
462  20  0  0  0  0  20
463  20  0  0  0  0  20
464  20  0  0  0  0  20
465  20  0  0  0  0  20
466  21  0  0  0  0  21
467  22  1  0  0  0  23
468  23  0  0  0  0  23
469  23  0  0  0  0  23
470  23  1  0  0  0  24
471  23  0  0  0  1  24
472  25  0  0  0  0  25
473  24  0  1  0  0  25
474  25  1  0  0  0  26
475  26  0  0  0  0  26
476  25  0  1  0  0  26
477  22  4  0  0  0  26
478  24  0  1  0  0  25
479  24  0  1  0  0  25
480  25  0  0  0  0  25
481  25  0  0  0  0  25
482  25  0  0  0  0  25
483  18  0  7  0  0  25
484  25  0  0  0  0  25
485  25  0  0  0  0  25
486  25  0  0  0  0  25
487  25  0  0  0  0  25
488  16  3  0  0  6  25
489  25  0  0  0  0  25
490  25  0  0  0  0  25
491  22  0  3  0  0  25
492  26  0  0  0  0  26
493  26  0  0  0  0  26
494  1  0  0  24  0  25
495  27  0  0  0  0  27
496  27  0  0  0  0  27
497  27  0  0  0  0  27
498  28  0  0  0  0  28
499  27  0  1  0  0  28
500  26  0  0  3  0  29
501  29  0  0  0  0  29
502  21  0  3  0  5  29
503  30  0  0  0  0  30
504  29  0  1  0  0  30
505  28  0  0  0  1  29
506  24  1  4  0  0  29
507  4  0  0  25  0  29
508  32  0  0  0  0  32
509  32  0  0  0  0  32
510  33  0  0  0  0  33
511  33  0  1  0  0  34
512  36  0  0  0  0  36
513  36  0  0  0  0  36
514  33  0  3  0  0  36
515  36  0  0  0  0  36
516  30  0  6  0  0  36
517  0  0  34  0  0  34
518  35  1  0  0  0  36
519  36  0  0  0  2  38
520  41  0  0  0  0  41
521  41  1  0  0  0  42
522  39  0  0  2  0  41
523  42  0  0  0  0  42
524  39  3  0  0  0  42
525  42  0  0  0  0  42
526  42  0  0  0  0  42
527  41  0  0  0  0  41
528  42  0  0  0  0  42
529  43  0  0  0  0  43
530  41  0  1  1  0  43
531  37  6  0  0  0  43
532  44  0  0  0  0  44
533  44  0  0  0  0  44
534  42  3  0  0  0  45
535  47  0  0  0  0  47
536  47  0  0  0  0  47
537  46  0  0  1  0  47
538  0  0  47  0  0  47
539  45  5  0  0  0  50
540  50  0  0  0  0  50
541  50  0  0  0  0  50
542  49  0  0  0  0  49
543  50  0  0  0  0  50
544  51  0  0  0  0  51
545  54  0  0  0  0  54
546  48  0  0  0  5  53
547  52  0  0  0  0  52
548  54  0  0  0  0  54
549  55  0  0  0  0  55
550  56  0  0  0  0  56
551  55  0  1  0  0  56
552  52  2  0  0  0  54
553  55  0  0  0  0  55
554  55  0  0  0  0  55
555  55  0  0  0  0  55
556  55  0  0  0  0  55
557  56  0  0  0  0  56
558  52  0  0  4  0  56
559  56  0  0  0  0  56
560  55  0  0  0  0  55
561  50  0  5  0  0  55
562  54  0  0  0  0  54
563  52  0  2  0  0  54
564  54  0  0  0  0  54
565  53  0  0  1  0  54
566  39  0  13  0  0  52
567  52  0  0  0  0  52
568  53  0  0  0  0  53
569  54  0  0  0  0  54
570  50  2  1  0  0  53
571  53  0  0  0  0  53
572  48  5  0  0  0  53
573  54  0  0  0  0  54
574  55  0  0  0  0  55
575  54  1  0  0  0  55
576  56  0  0  0  0  56
577  58  0  0  0  0  58
578  59  0  0  0  0  59
579  54  0  6  0  0  60
580  61  5  0  0  0  66
581  64  4  0  0  0  68
582  70  0  0  0  0  70
583  68  0  6  0  0  74
584  75  2  0  0  0  77
585  77  0  0  0  0  77
586  77  0  0  0  0  77
587  79  0  0  0  0  79
588  75  1  7  0  0  83
589  84  1  0  0  0  85
590  85  0  0  0  0  85
591  83  0  0  0  0  83
592  2  0  0  0  78  80
593  84  2  0  0  0  86
594  85  1  2  0  0  88
595  88  0  0  0  0  88
596  86  0  0  0  0  86
597  86  0  0  0  0  86
598  81  5  0  0  0  86
599  89  0  0  0  0  89
600  89  0  0  0  0  89
601  82  0  6  0  0  88
602  24  0  0  0  63  87
603  88  2  0  0  0  90
604  90  0  0  0  0  90
605  93  2  0  0  0  95
606  91  0  4  0  0  95
607  90  5  0  1  0  96
608  92  0  7  0  0  99
609  96  3  0  0  0  99
610  99  0  0  0  0  99
611  93  3  2  0  0  98
612  100  0  0  0  0  100
613  101  0  0  0  0  101
614  104  0  0  0  0  104
615  104  0  0  0  0  104
616  107  0  0  0  0  107
617  108  0  0  0  0  108
618  108  0  0  0  0  108
619  101  0  6  0  0  107
620  104  0  0  1  0  105
621  99  6  3  0  0  108
622  110  0  0  0  1  111
623  109  1  0  1  0  111
624  109  3  0  0  0  112
625  114  0  0  0  0  114
626  116  0  0  0  0  116
627  115  0  0  0  0  115
628  115  0  0  0  0  115
629  112  0  0  0  0  112
630  113  0  0  0  0  113
631  111  1  0  1  0  113
632  113  0  0  0  0  113
633  167  0  0  0  0  167
634  161  0  6  0  0  167
635  165  0  0  0  0  165
636  165  0  0  0  0  165
637  162  0  0  0  0  162
638  152  0  12  0  0  164
639  165  0  0  0  0  165
640  165  0  0  0  1  166
641  152  2  1  14  0  169
642  172  0  0  0  0  172
643  172  0  0  0  0  172
644  162  10  0  0  0  172
645  169  0  0  0  0  169
646  147  17  3  0  0  167
647  86  0  77  0  2  165
648  174  1  0  0  0  175
649  176  0  0  0  0  176
650  180  0  0  0  0  180
651  181  0  2  0  0  183
652  176  1  8  0  0  185
653  187  0  0  0  0  187
654  185  5  0  0  0  190
655  190  0  0  0  0  190
656  191  0  0  0  0  191
657  172  18  0  0  0  190
658  0  13  0  0  172  185
659  187  0  0  1  0  188
660  170  13  5  0  0  188
661  179  0  11  0  0  190
662  191  0  0  0  0  191
663  194  1  1  0  0  196
664  194  0  1  0  0  195
665  175  0  22  0  0  197
666  203  0  0  0  0  203
667  203  0  0  1  0  204
668  205  0  0  0  0  205
669  204  0  2  0  0  206
670  149  13  42  0  0  204
671  199  5  1  0  0  205
672  182  0  0  0  23  205
673  189  1  20  0  0  210
674  212  1  0  0  0  213
675  213  0  0  0  0  213
676  205  9  0  0  0  214
677  214  0  0  0  0  214
678  214  0  0  0  0  214
679  188  0  22  0  0  210
680  195  12  0  0  0  207
681  208  0  0  0  0  208
682  206  1  0  0  0  207
683  201  0  0  0  0  201
684  188  13  0  0  0  201
685  198  0  2  0  0  200
686  191  0  2  0  0  193
687  194  0  0  0  0  194
688  176  0  0  15  0  191
689  158  21  6  0  0  185
690  156  0  0  28  0  184
691  166  18  0  0  0  184
692  162  1  0  0  20  183
693  166  16  0  0  0  182
694  175  0  3  1  0  179
695  178  0  0  0  1  179
696  177  0  0  0  0  177
697  176  0  0  0  0  176
698  178  0  0  0  0  178
699  179  0  0  0  0  179
700  179  0  0  0  0  179
701  162  0  4  0  0  166
702  157  0  3  0  4  164
703  160  4  0  0  0  164
704  162  0  0  2  0  164
705  155  9  0  0  0  164
706  149  0  0  14  2  165
707  138  0  27  1  0  166
708  163  0  0  0  0  163
709  156  3  4  0  0  163
710  162  1  0  0  0  163
711  160  0  0  0  0  160
712  156  4  0  0  0  160
713  157  0  0  0  1  158
714  149  0  0  0  5  154
715  151  0  0  0  1  152
716  132  0  1  0  17  150
717  131  8  6  0  0  145
718  146  1  0  0  0  147
719  143  4  0  0  0  147
720  129  0  17  0  0  146
721  141  0  4  0  0  145
722  141  0  0  0  0  141
723  141  0  0  0  0  141
724  142  0  0  0  0  142
725  136  0  0  0  0  136
726  134  0  0  0  0  134
727  109  26  0  0  0  135
728  120  0  14  0  0  134
729  104  0  0  19  12  135
730  140  0  0  0  0  140
731  136  0  0  0  2  138
732  138  0  1  0  0  139
733  139  0  0  0  0  139
734  126  0  12  0  0  138
735  139  0  0  0  0  139
736  134  2  0  0  0  136
737  136  0  0  0  0  136
738  118  16  0  0  0  134
739  134  0  0  0  0  134
740  122  1  2  4  0  129
741  128  1  0  0  0  129
742  103  0  0  1  24  128
743  110  0  14  3  0  127
744  129  0  0  0  0  129
745  129  0  0  0  0  129
746  127  0  1  0  0  128
747  128  0  0  0  0  128
748  125  0  2  0  0  127
749  119  0  0  0  0  119
750  117  0  0  0  1  118
751  119  0  0  0  0  119
752  117  0  0  0  0  117
753  115  0  0  0  0  115
754  106  1  2  0  5  114
755  98  0  15  0  0  113
756  109  0  0  2  0  111
757  110  0  0  0  0  110
758  85  0  9  5  0  99
759  87  0  1  10  0  98
760  78  0  0  16  0  94
761  12  78  0  0  0  90
762  91  0  0  0  0  91
763  81  10  0  0  0  91
764  90  0  0  0  0  90
765  90  0  0  0  0  90
766  65  0  0  17  0  82
767  86  1  1  0  0  88
768  84  0  0  0  0  84
769  83  0  0  0  0  83
770  62  3  1  0  15  81
771  80  1  0  0  0  81
772  78  3  0  0  0  81
773  80  0  0  0  0  80
774  78  0  0  0  0  78
775  66  11  0  0  0  77
776  80  0  0  0  0  80
777  79  0  0  0  0  79
778  73  1  4  0  0  78
779  76  0  1  0  0  77
780  42  8  23  0  0  73
781  54  19  0  0  0  73
782  73  0  0  0  0  73
783  73  0  0  0  0  73
784  63  0  4  6  0  73
785  73  0  1  0  0  74
786  69  0  1  0  0  70
787  55  13  0  0  0  68
788  62  1  3  0  2  68
789  65  0  3  0  0  68
790  65  0  0  1  2  68
791  67  0  4  0  0  71
792  72  0  0  0  0  72
793  71  0  0  0  0  71
794  33  25  0  1  0  59
795  59  0  1  0  0  60
796  60  0  0  0  0  60
797  60  0  0  0  0  60
798  57  0  1  0  0  58
799  17  0  10  0  29  56
800  56  0  0  0  0  56
801  55  0  0  1  0  56
802  56  0  0  0  0  56
803  41  0  9  7  0  57
804  57  0  0  0  0  57
805  51  0  0  0  6  57
806  55  0  0  0  0  55
807  45  4  0  0  0  49
808  31  0  0  0  0  31
809  18  0  0  4  0  22
810  21  0  1  0  0  22
811  22  0  0  0  0  22
812  11  6  5  0  0  22
813  18  3  0  0  0  21
814  6  15  0  0  0  21
815  16  5  0  0  0  21
816  13  0  0  8  0  21
817  22  0  0  0  0  22
818  19  0  3  0  0  22
819  23  0  0  0  0  23
820  24  0  0  0  0  24
821  26  0  0  0  0  26
822  19  0  7  0  0  26
823  26  0  0  0  0  26
824  25  0  1  0  0  26
825  20  0  6  0  0  26
826  26  0  0  0  0  26
827  25  1  0  0  0  26
828  26  0  0  0  0  26
829  20  6  0  0  0  26
830  40  0  0  0  0  40
831  41  0  0  0  0  41
832  41  0  0  0  0  41
833  41  0  0  0  0  41
834  41  0  0  0  0  41
835  40  0  0  0  0  40
836  38  0  0  0  0  38
837  30  8  0  0  0  38
838  29  0  9  0  0  38
839  38  0  0  0  0  38
840  10  28  0  0  0  38
841  42  0  0  0  0  42
842  44  0  0  0  0  44
843  43  0  0  0  0  43
844  36  0  0  0  6  42
845  42  0  0  0  0  42
846  39  0  0  0  0  39
847  37  0  0  0  2  39
848  20  0  19  0  0  39
849  40  0  0  0  0  40
850  40  0  0  0  0  40
851  21  19  0  0  0  40
852  42  0  0  0  0  42
853  42  0  0  0  0  42
854  42  0  0  0  0  42
855  42  0  0  0  0  42
856  41  0  0  0  0  41
857  36  5  0  0  0  41
858  37  3  0  0  0  40
859  35  5  0  0  0  40
860  41  0  0  0  0  41
861  39  0  0  1  0  40
862  34  0  1  5  0  40
863  49  0  1  2  0  52
864  53  1  0  0  0  54
865  66  0  0  2  0  68
866  69  0  0  0  0  69
867  70  0  0  0  0  70
868  70  0  0  0  0  70
869  70  1  0  0  0  71
870  70  1  0  0  0  71
871  65  0  6  0  0  71
872  72  0  0  0  0  72
873  72  0  0  0  0  72
874  72  0  0  0  0  72
875  72  0  0  0  0  72
876  71  0  0  0  0  71
877  71  0  0  0  0  71
878  66  1  6  0  0  73
879  68  2  0  0  3  73
880  71  0  2  0  0  73
881  71  0  2  0  0  73
882  57  13  1  2  0  73
883  66  0  0  1  7  74
884  66  4  18  0  0  88
885  86  0  0  1  0  87
886  88  0  0  1  0  89
887  88  0  1  0  0  89
888  90  1  0  0  0  91
889  92  0  0  0  0  92
890  90  0  1  0  0  91
891  83  0  8  0  0  91
892  92  0  0  0  0  92
893  90  0  0  2  0  92
894  89  0  5  0  0  94
895  79  3  13  0  0  95
896  96  0  0  0  0  96
897  97  0  0  0  0  97
898  100  0  0  0  0  100
899  103  0  0  0  0  103
900  103  0  0  0  0  103
901  91  0  9  0  0  100
902  90  10  2  0  0  102
903  101  0  0  0  0  101
904  103  0  0  0  0  103
905  105  0  0  0  0  105
906  105  0  0  2  0  107
907  101  5  0  1  0  107
908  108  0  0  0  0  108
909  109  0  0  0  0  109
910  104  0  0  5  0  109
911  102  0  7  0  2  111
912  113  0  0  0  0  113
913  107  0  0  0  0  107
914  107  0  0  0  0  107
915  102  7  0  0  0  109
916  86  0  18  0  3  107
917  101  6  0  0  0  107
918  105  0  0  0  0  105
919  104  0  0  0  0  104
920  0  0  0  0  99  99
921  104  0  0  0  0  104
922  106  0  0  0  0  106
923  110  1  0  0  0  111
924  109  2  0  0  1  112
925  95  15  0  0  0  110
926  110  0  0  0  0  110
927  109  0  0  0  0  109
928  105  0  4  0  0  109
929  111  0  0  0  0  111
930  106  0  0  0  5  111
931  101  13  0  0  0  114
932  115  0  0  0  0  115
933  102  0  14  0  0  116
934  117  0  0  0  0  117
935  115  1  0  0  0  116
936  120  0  0  0  0  120
937  124  0  0  1  0  125
938  124  0  0  0  0  124
939  127  0  0  0  0  127
940  119  10  0  0  1  130
941  122  11  0  0  0  133
942  133  0  0  0  0  133
943  132  0  0  0  0  132
944  135  0  0  0  0  135
945  140  0  1  0  0  141
946  141  0  0  0  0  141
947  143  0  0  0  0  143
948  131  0  0  9  6  146
949  148  0  0  0  0  148
950  142  0  0  0  0  142
951  136  0  0  4  0  140
952  140  0  0  0  0  140
953  139  0  0  1  0  140
954  10  0  0  122  6  138
955  127  0  0  0  21  148
956  145  0  3  0  0  148
957  145  4  4  0  0  153
958  11  0  0  0  140  151
959  165  0  0  0  0  165
960  165  0  0  0  0  165
961  168  0  0  0  0  168
962  169  0  0  0  0  169
963  171  0  1  0  0  172
964  164  6  0  0  6  176
965  174  0  0  0  0  174
966  172  3  0  0  0  175
967  172  0  4  1  1  178
968  173  5  0  0  0  178
969  172  0  0  2  3  177
970  181  0  0  0  0  181
971  182  0  0  0  0  182
972  186  0  0  0  0  186
973  184  0  1  0  0  185
974  170  13  0  0  3  186
975  184  0  0  1  0  185
976  177  1  1  0  12  191
977  179  10  0  2  0  191
978  173  0  0  0  19  192
979  196  0  0  0  0  196
980  198  0  0  0  0  198
981  201  0  0  0  0  201
982  204  0  0  0  0  204
983  197  10  0  0  0  207
984  206  0  0  0  0  206
985  208  0  0  0  0  208
986  193  16  0  0  0  209
987  210  0  0  0  1  211
988  214  0  0  0  0  214
989  215  0  0  0  0  215
990  216  0  0  0  0  216
991  218  0  0  0  0  218
992  219  0  0  0  0  219
993  219  0  0  0  0  219
994  220  0  0  0  0  220
995  219  0  0  0  0  219
996  210  1  9  0  1  221
997  218  0  0  0  0  218
998  222  0  0  0  0  222
999  222  0  0  0  0  222
1000  220  0  0  1  1  222
1001  210  13  1  0  0  224
1002  147  0  77  0  0  224
1003  225  3  0  0  0  228
1004  228  0  0  0  0  228
1005  228  0  1  0  0  229
1006  227  0  0  0  0  227
1007  230  0  0  0  0  230
1008  231  0  0  0  0  231
1009  230  0  0  0  0  230
1010  230  0  0  0  0  230
1011  231  0  0  0  0  231
1012  231  0  0  0  0  231
1013  232  0  0  0  0  232
1014  234  0  0  0  0  234
1015  230  0  0  0  0  230
1016  228  0  0  1  0  229
1017  230  1  0  0  0  231
1018  227  0  0  0  0  227
1019  222  0  0  5  0  227
1020  224  3  0  0  0  227
1021  73  146  0  0  0  219
1022  225  0  0  0  1  226
1023  220  0  7  0  0  227
1024  220  7  0  0  0  227
1025  214  0  0  16  0  230
1026  231  0  0  0  0  231
1027  230  1  0  0  0  231
1028  226  0  0  0  0  226
1029  226  0  0  0  0  226
1030  147  77  0  0  0  224
1031  221  0  0  0  0  221
1032  137  0  6  0  78  221
1033  211  0  14  1  0  226
1034  230  0  0  1  0  231
1035  230  0  0  0  0  230
1036  228  0  0  0  1  229
1037  218  0  9  0  0  227
1038  226  0  2  0  0  228
1039  224  0  0  0  0  224
1040  227  0  0  0  0  227
1041  223  0  0  0  0  223
1042  220  0  0  0  0  220
1043  216  0  0  1  1  218
1044  212  1  0  0  0  213
1045  218  0  0  0  0  218
1046  217  0  0  0  0  217
1047  214  1  0  0  0  215
1048  212  0  0  0  0  212
1049  207  0  0  0  1  208
1050  207  0  0  0  0  207
1051  209  0  0  0  0  209
1052  207  0  0  0  0  207
1053  206  0  0  0  0  206
1054  200  0  0  0  0  200
1055  119  0  57  0  0  176
1056  102  0  67  0  0  169
1057  95  0  75  0  0  170
1058  171  0  1  0  0  172
1059  170  0  0  0  2  172
1060  172  0  0  0  0  172
1061  151  0  0  0  20  171
1062  172  0  0  0  0  172
1063  173  0  0  0  1  174
1064  146  0  0  3  18  167
1065  155  8  3  0  0  166
1066  165  1  0  0  0  166
1067  134  25  5  0  0  164
1068  136  0  0  0  27  163
1069  110  0  0  0  52  162
1070  158  1  0  0  0  159
1071  155  0  0  0  0  155
1072  96  0  58  0  0  154
1073  154  0  0  0  0  154
1074  152  0  0  0  0  152
1075  131  14  0  0  0  145
1076  99  51  0  0  0  150
1077  151  0  0  0  0  151
1078  137  8  0  6  0  151
1079  158  0  0  0  0  158
1080  157  0  0  0  0  157
1081  156  0  0  0  0  156
1082  154  0  0  0  0  154
1083  142  13  0  0  0  155
1084  155  0  0  0  0  155
1085  155  1  0  0  0  156
1086  151  0  1  0  0  152
1087  146  4  0  0  2  152
1088  144  2  6  0  0  152
1089  150  0  0  0  0  150
1090  148  0  0  0  1  149
1091  147  0  0  0  0  147
1092  145  0  0  0  0  145
1093  140  0  2  0  0  142
1094  142  0  0  0  0  142
1095  139  0  1  0  0  140
1096  133  0  0  0  0  133
1097  120  2  6  0  0  128
1098  127  1  0  0  0  128
1099  99  0  26  0  0  125
1100  132  0  0  0  0  132
1101  119  10  0  1  1  131
1102  128  3  0  0  0  131
1103  119  0  0  10  0  129
1104  144  0  0  2  0  146
1105  146  0  3  0  0  149
1106  147  0  1  0  0  148
1107  145  1  2  0  0  148
1108  150  0  0  0  0  150
1109  151  0  0  0  0  151
1110  154  0  0  0  0  154
1111  149  0  0  0  0  149
1112  148  0  0  0  0  148
1113  148  1  0  0  1  150
1114  150  0  0  0  0  150
1115  149  1  0  0  0  150
1116  149  0  0  0  0  149
1117  145  4  0  0  0  149
1118  155  0  0  0  0  155
1119  116  0  0  0  25  141
1120  139  0  0  0  0  139
1121  106  27  0  0  4  137
1122  2  0  0  0  125  127
1123  114  25  0  0  0  139
1124  158  0  0  0  0  158
1125  163  0  0  0  0  163
1126  165  0  0  0  0  165
1127  160  6  0  0  0  166
1128  168  0  3  0  0  171
1129  171  0  0  0  0  171
1130  171  0  0  0  0  171
1131  167  0  5  0  0  172
1132  126  0  0  0  47  173
1133  177  0  0  0  0  177
1134  178  0  0  0  0  178
1135  178  1  0  0  0  179
1136  180  0  0  0  0  180
1137  179  0  0  4  0  183
1138  184  0  0  0  0  184
1139  180  0  6  0  0  186
1140  187  2  0  0  0  189
1141  188  1  0  0  1  190
1142  185  3  0  0  0  188
1143  188  0  1  0  0  189
1144  181  0  8  0  0  189
1145  136  9  42  0  0  187
1146  192  0  0  0  0  192
1147  148  0  10  34  0  192
1148  200  0  0  0  0  200
1149  204  0  0  0  0  204
1150  207  0  0  0  0  207
1151  208  3  0  0  0  211
1152  203  0  0  3  6  212
1153  213  0  1  0  0  214
1154  216  0  0  0  0  216
1155  220  0  0  0  0  220
1156  218  0  0  0  3  221
1157  222  1  0  1  0  224
1158  226  0  0  0  0  226
1159  199  0  26  0  0  225
1160  220  0  4  1  0  225
1161  228  0  0  0  0  228
1162  215  0  14  0  0  229
1163  231  0  0  0  1  232
1164  231  0  1  0  0  232
1165  226  8  0  0  0  234
1166  234  1  0  0  0  235
1167  234  0  0  0  0  234
1168  229  4  0  0  0  233
1169  226  1  0  1  4  232
1170  161  0  0  0  74  235
1171  235  0  0  0  0  235
1172  235  0  0  0  0  235
1173  232  2  1  0  0  235
1174  234  1  0  0  0  235
1175  220  10  7  0  0  237
1176  234  0  3  0  0  237
1177  187  47  0  0  0  234
1178  229  0  0  6  0  235
1179  204  0  29  0  0  233
1180  233  0  0  0  0  233
1181  135  0  0  0  94  229
1182  202  28  0  0  0  230
1183  215  0  0  18  0  233
1184  235  0  0  0  0  235
1185  234  0  0  0  0  234
1186  237  0  0  0  0  237
1187  238  1  0  0  0  239
1188  195  1  0  39  0  235
1189  222  0  12  0  0  234
1190  191  1  42  0  0  234
1191  234  2  0  0  0  236
1192  233  0  0  1  1  235
1193  233  0  2  0  0  235
1194  233  0  0  1  0  234
1195  232  2  0  0  0  234
1196  232  0  0  0  0  232
1197  213  0  0  14  0  227
1198  177  0  0  47  0  224
1199  226  0  0  0  0  226
1200  225  0  2  0  0  227
1201  225  0  0  0  0  225
1202  221  1  0  1  1  224
1203  199  0  0  23  0  222
1204  220  0  0  1  0  221
1205  199  14  9  1  0  223
1206  220  0  0  0  0  220
1207  209  6  4  0  0  219
1208  216  0  0  0  0  216
1209  215  0  0  0  0  215
1210  217  0  0  0  0  217
1211  216  0  0  0  0  216
1212  216  0  0  0  0  216
1213  205  1  9  0  0  215
1214  208  0  0  3  0  211
1215  209  0  0  1  0  210
1216  207  0  2  0  0  209
1217  203  0  0  0  0  203
1218  202  1  0  0  0  203
1219  183  0  17  0  0  200
1220  191  5  0  0  0  196
1221  191  0  0  0  0  191
1222  188  0  0  0  0  188
1223  177  0  0  3  0  180
1224  175  3  0  0  0  178
1225  171  0  0  2  0  173
1226  168  3  1  0  0  172
1227  173  0  0  0  0  173
1228  165  0  5  0  0  170
1229  169  0  0  0  1  170
1230  166  0  0  0  0  166
1231  158  0  2  0  0  160
1232  157  0  2  0  0  159
1233  148  2  7  0  0  157
1234  152  0  2  0  0  154
1235  152  0  0  0  0  152
1236  146  0  6  0  0  152
1237  136  11  0  0  0  147
1238  140  0  0  3  0  143
1239  136  0  0  0  0  136
1240  134  1  0  0  0  135
1241  134  0  0  0  0  134
1242  130  0  0  0  0  130
1243  5  3  0  116  0  124
1244  126  0  0  0  0  126
1245  127  6  0  0  0  133
1246  131  0  0  0  0  131
1247  125  0  0  0  0  125
1248  119  0  4  0  0  123
1249  94  21  7  0  0  122
1250  121  0  1  0  0  122
1251  121  0  0  2  1  124
1252  119  0  0  0  0  119
1253  119  0  1  0  0  120
1254  119  0  1  0  0  120
1255  111  0  0  0  1  112
1256  89  16  0  0  6  111
1257  111  0  0  0  0  111
1258  110  0  1  0  0  111
1259  112  0  0  0  0  112
1260  109  0  0  0  0  109
1261  106  2  0  0  0  108
1262  105  0  0  0  0  105
1263  100  0  1  1  0  102
1264  97  0  0  0  0  97
1265  93  0  0  0  1  94
1266  94  0  0  0  0  94
1267  86  3  0  0  0  89
1268  88  0  0  0  0  88
1269  68  0  11  0  0  79
1270  71  0  7  0  0  78
1271  72  0  0  0  7  79
1272  79  0  0  0  0  79
1273  74  0  1  0  1  76
1274  75  1  0  0  0  76
1275  73  1  0  1  0  75
1276  73  0  0  0  0  73
1277  71  0  0  0  0  71
1278  69  1  0  0  0  70
1279  68  1  0  0  0  69
1280  69  1  0  0  0  70
1281  60  7  0  0  0  67
1282  69  0  0  0  0  69
1283  70  0  0  0  0  70
1284  61  8  0  1  0  70
1285  72  0  0  0  0  72
1286  71  0  0  0  0  71
1287  67  1  0  0  1  69
1288  71  0  0  0  0  71
1289  69  0  0  0  0  69
1290  74  0  0  0  0  74
1291  72  0  1  1  0  74
1292  72  0  0  0  1  73
1293  66  9  0  0  0  75
1294  69  0  6  0  0  75
1295  74  0  0  0  0  74
1296  74  0  0  0  0  74
1297  74  0  0  0  0  74
1298  72  0  0  0  0  72
1299  69  0  0  0  0  69
1300  68  0  0  0  0  68
1301  68  0  0  0  0  68
1302  68  0  0  0  0  68
1303  68  0  0  0  0  68
1304  64  0  0  0  0  64
1305  62  0  0  0  0  62
1306  61  0  0  0  0  61
1307  60  0  0  0  0  60
1308  57  1  0  0  2  60
1309  0  11  0  0  44  55
1310  56  0  0  0  0  56
1311  54  3  0  0  0  57
1312  58  0  0  1  0  59
1313  59  0  0  0  0  59
1314  61  0  0  0  0  61
1315  61  0  0  0  0  61
1316  51  5  5  0  0  61
1317  58  3  0  0  0  61
1318  61  0  0  0  0  61
1319  61  0  0  0  0  61
1320  57  0  0  3  1  61
1321  62  0  0  0  0  62
1322  63  0  0  0  0  63
1323  63  0  0  0  0  63
1324  66  0  0  0  0  66
1325  66  0  0  0  0  66
1326  64  0  0  1  0  65
1327  63  0  0  0  0  63
1328  62  0  0  0  0  62
1329  57  0  4  0  0  61
1330  62  0  0  0  0  62
1331  62  0  0  0  0  62
1332  61  0  0  0  0  61
1333  56  0  4  0  0  60
1334  60  0  0  0  0  60
1335  62  0  0  0  0  62
1336  60  0  0  1  0  61
1337  55  0  5  0  0  60
1338  0  0  0  0  57  57
1339  63  0  0  0  0  63
1340  56  7  0  0  0  63
1341  60  4  0  0  0  64
1342  64  0  0  0  0  64
1343  65  1  0  0  0  66
1344  69  0  0  0  0  69
1345  65  0  1  0  0  66
1346  67  0  0  0  0  67
1347  65  0  0  0  3  68
1348  70  0  0  0  0  70
1349  68  0  0  0  0  68
1350  63  0  0  0  1  64
1351  62  0  0  0  0  62
1352  1  0  0  61  0  62
1353  63  0  0  0  1  64
1354  64  1  0  0  0  65
1355  66  0  0  0  0  66
1356  66  0  0  0  0  66
1357  52  14  0  0  0  66
1358  65  0  0  0  0  65
1359  71  0  0  0  0  71
1360  72  0  0  0  0  72
1361  68  0  4  0  0  72
1362  71  0  1  0  0  72
1363  67  0  6  0  0  73
1364  5  0  0  0  67  72
1365  74  0  0  0  0  74
1366  75  0  1  0  0  76
1367  77  2  0  0  0  79
1368  81  0  0  0  0  81
1369  81  0  3  0  0  84
1370  85  0  0  0  0  85
1371  87  0  0  0  0  87
1372  88  0  0  0  0  88
1373  89  0  0  0  0  89
1374  88  0  0  0  0  88
1375  85  0  0  0  2  87
1376  8  0  0  0  78  86
1377  20  69  0  0  0  89
1378  97  0  0  0  0  97
1379  98  0  0  0  0  98
1380  99  0  0  0  0  99
1381  100  0  1  0  0  101
1382  103  0  0  0  0  103
1383  103  0  0  0  0  103
1384  101  1  0  0  0  102
1385  104  0  0  0  0  104
1386  109  0  0  0  0  109
1387  111  0  0  0  0  111
1388  89  0  19  0  0  108
1389  112  0  0  0  0  112
1390  106  2  1  0  0  109
1391  113  0  0  0  0  113
1392  115  0  0  0  0  115
1393  113  0  0  1  0  114
1394  114  0  0  0  0  114
1395  116  0  0  0  0  116
1396  116  2  0  0  0  118
1397  118  0  0  0  0  118
1398  108  0  0  0  12  120
1399  120  0  7  0  0  127
1400  134  0  0  0  0  134
1401  133  9  3  0  0  145
1402  143  0  3  0  0  146
1403  149  0  0  0  0  149
1404  150  0  0  0  1  151
1405  157  0  0  0  0  157
1406  155  0  6  0  0  161
1407  168  0  0  0  0  168
1408  168  0  0  0  0  168
1409  169  0  0  0  0  169
1410  64  33  69  0  0  166
1411  175  0  0  0  0  175
1412  175  1  0  0  0  176
1413  150  0  0  32  0  182
1414  177  10  0  0  0  187
1415  182  0  0  1  3  186
1416  183  0  6  0  0  189
1417  191  0  3  0  0  194
1418  195  0  1  0  0  196
1419  197  0  0  0  0  197
1420  195  2  0  0  0  197
1421  198  0  0  0  0  198
1422  199  0  0  0  0  199
1423  192  0  5  1  0  198
1424  188  0  8  0  0  196
1425  195  0  0  1  0  196
1426  196  0  0  0  0  196
1427  196  0  0  0  0  196
1428  196  0  0  0  0  196
1429  189  6  0  0  0  195
1430  93  0  99  0  0  192
1431  192  0  0  0  0  192
1432  192  0  0  0  0  192
1433  192  0  0  0  0  192
1434  190  0  1  0  0  191
1435  187  0  0  0  4  191
1436  190  0  0  0  0  190
1437  172  1  16  0  0  189
1438  189  0  0  0  1  190
1439  173  0  0  0  13  186
1440  182  3  0  0  0  185
1441  182  1  0  0  0  183
1442  180  0  0  0  0  180
1443  180  0  0  0  0  180
1444  178  0  0  0  0  178
1445  177  0  0  0  0  177
1446  173  1  0  0  0  174
1447  164  0  0  3  5  172
1448  174  0  0  0  0  174
1449  174  0  0  2  0  176
1450  166  11  0  0  0  177
1451  176  0  0  0  0  176
1452  176  0  0  0  0  176
1453  177  0  0  0  0  177
1454  175  0  1  0  1  177
1455  162  0  15  0  0  177
1456  176  0  0  0  0  176
1457  174  0  0  1  0  175
1458  174  0  0  1  0  175
1459  174  0  0  2  0  176
1460  175  0  1  0  0  176
1461  178  1  0  0  0  179
1462  160  16  2  0  0  178
1463  177  0  0  1  0  178
1464  151  0  27  0  0  178
1465  177  0  0  0  0  177
1466  155  18  0  0  0  173
1467  165  0  0  4  0  169
1468  169  0  0  0  0  169
1469  159  8  0  0  0  167
1470  155  5  8  0  0  168
1471  171  0  0  0  0  171
1472  162  0  0  3  0  165
1473  158  6  0  0  0  164
1474  159  0  0  5  0  164
1475  164  4  0  0  0  168
1476  168  0  0  0  0  168
1477  166  0  0  0  0  166
1478  165  0  0  0  0  165
1479  163  0  0  0  1  164
1480  150  14  0  0  0  164
1481  150  10  1  1  0  162
1482  158  0  0  4  1  163
1483  160  0  0  1  0  161
1484  159  0  0  0  0  159
1485  147  0  0  0  11  158
1486  155  0  0  0  0  155
1487  126  1  0  7  0  134
1488  129  4  1  0  0  134
1489  132  1  0  0  0  133
1490  139  0  0  0  0  139
1491  124  0  0  15  0  139
1492  134  0  0  1  1  136
1493  128  0  0  2  5  135
1494  135  1  0  0  0  136
1495  133  0  0  0  0  133
1496  110  10  2  2  0  124
1497  101  8  0  0  10  119
1498  116  0  0  0  1  117
1499  115  0  1  0  0  116
1500  108  6  0  0  1  115
1501  97  11  0  0  0  108
1502  125  0  0  0  0  125
1503  126  0  0  0  0  126
1504  121  5  0  0  0  126
1505  124  0  0  0  0  124
1506  110  0  18  0  0  128
1507  114  9  5  0  0  128
1508  131  0  0  0  0  131
1509  124  8  0  0  0  132
1510  138  0  0  0  1  139
1511  138  0  0  1  0  139
1512  134  0  2  0  0  136
1513  140  0  0  0  0  140
1514  139  1  0  0  0  140
1515  146  0  0  0  0  146
1516  134  0  8  0  3  145
1517  147  0  0  0  0  147
1518  144  0  0  6  0  150
1519  152  0  0  0  0  152
1520  153  0  0  0  0  153
1521  142  11  0  0  0  153
1522  141  6  9  0  0  156
1523  160  0  2  0  0  162
1524  154  3  1  0  8  166
1525  168  0  2  0  0  170
1526  169  9  0  0  0  178
1527  182  0  1  0  0  183
1528  184  0  0  0  0  184
1529  187  0  0  0  0  187
1530  193  0  0  0  0  193
1531  195  0  0  0  0  195
1532  199  0  0  0  0  199
1533  139  0  61  0  0  200
1534  175  0  0  34  0  209
1535  175  13  26  0  0  214
1536  180  0  0  34  0  214
1537  218  0  0  0  0  218
1538  210  8  0  4  0  222
1539  224  2  0  0  0  226
1540  227  0  0  0  0  227
1541  228  0  0  0  1  229
1542  217  0  12  0  0  229
1543  230  0  0  0  0  230
1544  224  5  1  0  0  230
1545  227  0  0  1  0  228
1546  160  0  0  67  0  227
1547  227  0  0  0  1  228
1548  198  0  0  0  25  223
1549  201  0  22  0  0  223
1550  218  1  0  4  0  223
1551  228  0  0  0  0  228
1552  226  0  4  0  0  230
1553  229  0  0  0  0  229
1554  225  0  0  3  0  228
1555  145  0  9  71  3  228
1556  227  0  1  0  0  228
1557  206  0  0  1  20  227
1558  230  0  0  0  0  230
1559  229  0  0  0  0  229
1560  236  0  0  0  0  236
1561  233  0  9  0  0  242
1562  243  0  0  1  0  244
1563  241  0  0  0  0  241
1564  240  0  0  0  0  240
1565  210  0  12  11  0  233
1566  218  2  4  0  11  235
1567  236  0  0  0  1  237
1568  232  0  1  2  4  239
1569  218  2  20  0  0  240
1570  228  0  0  11  0  239
1571  246  0  0  0  0  246
1572  248  0  0  0  0  248
1573  227  12  7  1  0  247
1574  246  0  0  1  0  247
1575  227  0  0  21  0  248
1576  254  0  0  0  0  254
1577  252  0  0  0  0  252
1578  246  6  0  0  0  252
1579  252  0  0  0  0  252
1580  250  0  0  2  0  252
1581  241  0  0  9  0  250
1582  245  0  0  0  1  246
1583  242  1  0  1  1  245
1584  241  1  0  1  1  244
1585  237  1  0  0  6  244
1586  240  0  0  1  0  241
1587  239  0  2  0  0  241
1588  221  0  0  21  0  242
1589  81  155  0  0  3  239
1590  243  0  2  0  0  245
1591  245  5  0  0  0  250
1592  252  0  0  0  0  252
1593  250  0  0  2  0  252
1594  221  0  30  0  0  251
1595  247  1  5  0  0  253
1596  51  0  0  200  0  251
1597  260  0  0  0  0  260
1598  262  0  0  0  0  262
1599  261  2  0  0  0  264
1600  250  11  0  0  0  261
1601  258  0  0  0  0  258
1602  251  3  3  0  0  257
1603  243  1  0  1  7  252
1604  251  0  0  0  0  251
1605  248  0  0  0  0  248
1606  242  0  0  0  0  242
1607  235  0  0  1  1  237
1608  230  0  4  0  0  234
1609  230  2  0  0  0  232
1610  228  0  0  0  0  228
1611  222  0  0  0  4  226
1612  193  0  32  0  0  225
1613  216  4  0  0  0  220
1614  218  0  0  0  0  218
1615  216  0  0  1  0  217
1616  210  0  0  0  0  210
1617  200  6  0  0  0  206
1618  194  1  11  0  0  206
1619  203  1  0  0  0  204
1620  196  0  0  7  0  203
1621  201  0  0  0  0  201
1622  196  0  0  0  0  196
1623  188  0  2  0  0  190
1624  184  0  0  0  0  184
1625  177  0  0  0  0  177
1626  174  0  2  0  0  176
1627  170  2  0  0  0  172
1628  170  0  0  0  0  170
1629  165  0  1  0  0  166
1630  139  20  0  0  0  159
1631  153  0  0  0  0  153
1632  150  0  0  0  0  150
1633  148  0  0  0  0  148
1634  141  2  0  0  0  143
1635  138  0  0  0  0  138
1636  136  0  0  0  0  136
1637  135  0  0  0  0  135
1638  117  11  3  0  1  132
1639  119  12  0  0  0  131
1640  129  0  2  0  0  131
1641  125  0  3  0  0  128
1642  130  0  2  0  0  132
1643  129  0  0  0  0  129
1644  129  0  0  0  0  129
1645  127  0  0  1  0  128
1646  128  0  0  0  1  129
1647  129  0  0  0  0  129
1648  128  0  0  0  0  128
1649  127  0  0  0  0  127
1650  127  0  0  0  0  127
1651  124  0  0  0  0  124
1652  0  4  0  0  117  121
1653  122  0  0  1  0  123
1654  123  0  0  0  0  123
1655  125  0  0  0  0  125
1656  116  0  9  0  0  125
1657  124  0  0  0  0  124
1658  124  0  0  0  0  124
1659  82  36  0  0  0  118
1660  79  37  0  0  0  116
1661  111  0  0  0  0  111
1662  103  1  3  0  0  107
1663  105  0  0  0  0  105
1664  102  0  0  0  0  102
1665  58  42  0  0  0  100
1666  59  0  37  0  0  96
1667  96  0  0  0  0  96
1668  99  0  0  0  0  99
1669  100  0  0  0  0  100
1670  99  0  0  0  0  99
1671  99  0  0  0  0  99
1672  97  0  0  0  0  97
1673  77  0  0  17  1  95
1674  94  0  0  0  0  94
1675  89  0  3  0  0  92
1676  91  0  0  0  0  91
1677  90  0  0  0  0  90
1678  91  0  0  0  0  91
1679  91  0  0  0  0  91
1680  93  0  0  0  0  93
1681  92  0  0  0  0  92
1682  89  0  0  0  0  89
1683  80  0  8  0  0  88
1684  60  15  0  0  0  75
1685  73  0  0  0  0  73
1686  72  0  0  0  0  72
1687  53  15  0  0  0  68
1688  67  1  0  0  0  68
1689  41  0  0  0  26  67
1690  62  0  5  0  0  67
1691  67  0  0  0  0  67
1692  66  1  0  0  0  67
1693  66  0  0  0  0  66
1694  65  0  0  0  0  65
1695  63  0  1  0  0  64
1696  63  0  0  0  0  63
1697  57  3  0  0  0  60
1698  59  0  0  0  0  59
1699  59  0  0  0  0  59
1700  58  0  0  0  0  58
1701  57  0  0  0  0  57
1702  56  0  0  0  0  56
1703  49  6  0  0  0  55
1704  50  0  4  0  0  54
1705  31  20  0  0  0  51
1706  51  0  0  0  0  51
1707  27  0  3  20  0  50
1708  50  0  0  0  0  50
1709  49  0  0  1  0  50
1710  47  0  2  0  0  49
1711  49  0  0  0  0  49
1712  43  0  5  0  0  48
1713  50  0  0  0  0  50
1714  51  0  0  0  0  51
1715  50  0  1  0  0  51
1716  51  0  0  0  2  53
1717  53  0  0  0  0  53
1718  50  0  0  0  3  53
1719  48  0  3  0  0  51
1720  1  31  0  19  0  51
1721  52  0  0  0  0  52
1722  53  0  0  0  0  53
1723  52  0  1  0  0  53
1724  53  0  0  0  0  53
1725  26  27  0  0  0  53
1726  53  0  0  0  0  53
1727  53  0  0  0  0  53
1728  47  0  0  6  0  53
1729  51  0  1  2  0  54
1730  52  0  3  0  0  55
1731  56  0  0  0  0  56
1732  57  0  0  0  0  57
1733  56  0  0  1  0  57
1734  57  0  0  0  0  57
1735  55  0  1  0  0  56
1736  55  0  0  0  0  55
1737  54  0  0  0  0  54
1738  53  0  0  0  0  53
1739  52  0  1  0  0  53
1740  51  1  0  0  0  52
1741  33  18  0  0  0  51
1742  51  0  0  0  0  51
1743  51  0  0  0  0  51
1744  51  0  0  0  0  51
1745  53  0  0  0  0  53
1746  50  1  0  0  0  51
1747  45  5  0  0  0  50
1748  50  1  0  0  0  51
1749  52  0  0  1  0  53
1750  52  0  0  0  0  52
1751  52  1  0  0  0  53
1752  51  0  0  1  1  53
1753  51  0  0  0  0  51
1754  10  32  5  0  0  47
1755  47  0  0  0  0  47
1756  2  2  0  42  0  46
1757  44  0  0  0  2  46
1758  1  0  0  0  45  46
1759  53  0  0  0  0  53
1760  59  1  0  0  0  60
1761  58  3  0  0  0  61
1762  59  0  0  0  2  61
1763  63  0  0  0  0  63
1764  65  0  0  0  0  65
1765  67  0  0  1  0  68
1766  67  0  0  0  1  68
1767  68  1  0  0  0  69
1768  68  0  0  0  0  68
1769  66  0  0  0  0  66
1770  61  0  0  5  0  66
1771  68  0  0  0  0  68
1772  69  0  0  0  0  69
1773  64  1  4  0  0  69
1774  71  0  0  0  0  71
1775  73  1  0  0  0  74
1776  72  0  0  0  0  72
1777  71  0  0  0  0  71
1778  71  0  0  0  0  71
1779  67  0  0  0  7  74
1780  69  6  0  0  0  75
1781  76  0  0  0  0  76
1782  76  0  0  0  0  76
1783  80  0  0  0  0  80
1784  70  0  10  0  0  80
1785  76  2  5  0  0  83
1786  91  0  0  0  0  91
1787  92  0  0  0  0  92
1788  94  0  0  0  0  94
1789  94  0  0  0  0  94
1790  94  0  0  2  0  96
1791  97  0  0  0  0  97
1792  96  0  2  0  0  98
1793  100  0  0  0  0  100
1794  100  0  1  0  1  102
1795  100  0  2  0  0  102
1796  99  3  0  0  0  102
1797  20  83  0  0  0  103
1798  110  3  0  0  0  113
1799  110  0  0  0  2  112
1800  105  0  4  3  0  112
1801  112  0  0  0  0  112
1802  116  0  0  0  0  116
1803  116  0  0  0  0  116
1804  117  0  0  0  0  117
1805  64  0  53  0  0  117
1806  121  0  0  0  0  121
1807  123  0  0  0  0  123
1808  118  5  0  0  0  123
1809  117  0  9  0  0  126
1810  131  0  0  0  0  131
1811  133  0  0  0  0  133
1812  130  1  4  0  0  135
1813  138  0  0  0  0  138
1814  138  3  0  0  0  141
1815  145  0  0  0  2  147
1816  144  2  0  0  0  146
1817  148  0  0  0  0  148
1818  146  0  4  0  0  150
1819  152  0  0  0  0  152
1820  152  0  2  0  0  154
1821  140  13  0  0  0  153
1822  153  0  0  0  0  153
1823  154  0  0  0  0  154
1824  152  0  0  2  0  154
1825  151  1  0  0  2  154
1826  34  0  0  0  118  152
1827  20  24  0  108  0  152
1828  171  0  0  0  0  171
1829  175  1  0  0  0  176
1830  186  0  0  0  0  186
1831  186  1  0  0  0  187
1832  189  0  0  0  1  190
1833  192  0  0  1  0  193
1834  194  0  0  0  0  194
1835  198  0  0  0  0  198
1836  198  0  0  0  0  198
1837  200  0  0  0  0  200
1838  204  0  0  0  0  204
1839  204  0  1  0  0  205
1840  206  0  0  0  0  206
1841  207  1  0  0  0  208
1842  209  0  0  0  0  209
1843  210  0  0  0  0  210
1844  193  3  16  0  0  212
1845  200  4  0  0  7  211
1846  206  5  4  0  0  215
1847  217  0  0  0  0  217
1848  218  0  0  0  0  218
1849  218  0  0  0  0  218
1850  220  0  0  0  0  220
1851  217  4  0  0  0  221
1852  221  0  0  0  0  221
1853  205  0  0  0  0  205
1854  131  0  0  76  0  207
1855  211  0  0  0  0  211
1856  209  0  1  0  0  210
1857  210  0  0  0  0  210
1858  206  3  0  0  0  209
1859  210  0  0  0  0  210
1860  7  0  196  0  0  203
1861  211  1  0  0  0  212
1862  216  0  0  0  0  216
1863  217  0  0  0  0  217
1864  219  0  0  0  0  219
1865  215  0  0  3  0  218
1866  221  0  0  0  0  221
1867  221  0  0  1  0  222
1868  223  0  0  0  0  223
1869  220  1  0  1  0  222
1870  222  0  0  0  0  222
1871  217  3  0  0  0  220
1872  219  0  3  0  0  222
1873  214  0  6  1  0  221
1874  221  3  0  0  0  224
1875  221  0  1  0  0  222
1876  222  0  0  0  0  222
1877  221  0  0  1  0  222
1878  135  0  81  4  0  220
1879  214  6  0  0  0  220
1880  209  11  0  0  0  220
1881  215  3  0  1  0  219
1882  222  0  1  0  0  223
1883  220  1  0  0  0  221
1884  222  0  0  1  0  223
1885  210  0  1  0  10  221
1886  220  0  0  0  0  220
1887  218  1  0  1  0  220
1888  223  0  0  0  0  223
1889  216  0  0  0  6  222
1890  223  0  0  0  0  223
1891  220  0  3  1  0  224
1892  222  0  3  0  0  225
1893  223  0  1  1  0  225
1894  224  0  0  0  0  224
1895  219  0  2  0  0  221
1896  196  24  1  0  0  221
1897  222  0  0  0  0  222
1898  221  0  0  0  2  223
1899  220  1  6  0  0  227
1900  225  0  0  0  0  225
1901  223  0  2  0  0  225
1902  209  17  0  0  0  226
1903  223  0  0  0  0  223
1904  221  0  1  0  0  222
1905  101  0  0  116  0  217
1906  200  8  21  0  0  229
1907  215  4  11  0  0  230
1908  201  11  0  0  21  233
1909  233  1  0  0  0  234
1910  232  1  0  0  0  233
1911  236  0  0  0  0  236
1912  235  0  0  0  0  235
1913  233  0  0  0  0  233
1914  231  1  0  0  0  232
1915  229  0  0  0  0  229
1916  231  0  0  0  0  231
1917  233  0  0  0  0  233
1918  225  0  0  8  0  233
1919  234  0  0  0  0  234
1920  228  0  0  5  0  233
1921  230  0  0  0  0  230
1922  226  0  1  1  0  228
1923  198  0  8  11  0  217
1924  214  0  4  0  1  219
1925  218  0  1  0  1  220
1926  220  0  0  0  0  220
1927  214  6  0  0  0  220
1928  216  0  0  0  2  218
1929  207  1  8  0  1  217
1930  189  0  16  0  5  210
1931  204  0  4  0  0  208
1932  207  0  0  0  0  207
1933  199  0  4  0  0  203
1934  203  0  0  0  0  203
1935  193  5  1  0  1  200
1936  194  0  6  0  0  200
1937  197  1  0  0  0  198
1938  181  0  0  16  0  197
1939  199  0  0  0  0  199
1940  199  0  0  0  0  199
1941  191  4  0  0  1  196
1942  192  0  0  2  0  194
1943  193  0  1  0  0  194
1944  192  0  0  0  0  192
1945  189  0  0  0  0  189
1946  184  0  1  5  0  190
1947  190  1  1  0  0  192
1948  190  0  1  0  0  191
1949  174  13  0  0  0  187
1950  187  0  0  0  0  187
1951  187  0  0  0  0  187
1952  186  0  0  1  0  187
1953  178  0  0  0  0  178
1954  174  1  1  0  0  176
1955  170  0  0  0  0  170
1956  171  0  0  0  0  171
1957  165  0  0  0  6  171
1958  165  0  5  0  0  170
1959  163  0  0  0  3  166
1960  162  0  0  0  1  163
1961  160  0  0  0  0  160
1962  161  0  0  0  0  161
1963  161  0  1  0  0  162
1964  158  2  0  0  0  160
1965  158  0  2  0  0  160
1966  155  2  3  0  0  160
1967  154  6  0  0  0  160
1968  160  0  0  3  1  164
1969  161  0  0  7  0  168
1970  168  0  0  0  0  168
1971  168  3  0  0  0  171
1972  170  0  0  0  0  170
1973  171  0  0  0  0  171
1974  160  7  0  0  0  167
1975  166  0  0  1  0  167
1976  166  0  0  0  0  166
1977  159  0  0  6  0  165
1978  165  0  0  0  0  165
1979  167  0  0  0  0  167
1980  160  0  7  0  0  167
1981  137  25  0  0  5  167
1982  166  0  0  0  0  166
1983  150  11  3  0  0  164
1984  158  1  0  0  3  162
1985  162  0  0  0  0  162
1986  160  0  0  0  0  160
1987  162  0  0  0  0  162
1988  159  0  1  0  0  160
1989  158  0  0  0  0  158
1990  157  0  0  0  0  157
1991  156  0  1  0  0  157
1992  152  0  5  1  0  158
1993  157  0  0  1  0  158
1994  151  9  0  0  0  160
1995  148  9  0  0  1  158
1996  157  0  0  0  0  157
1997  151  0  0  0  0  151
1998  147  1  0  0  0  148
1999  143  1  1  0  0  145
2000  142  0  0  0  0  142
2001  129  6  3  0  0  138
2002  137  0  0  0  0  137
2003  136  0  0  0  0  136
2004  10  0  0  0  114  124
2005  124  0  1  0  0  125
2006  109  15  0  0  0  124
2007  117  5  0  0  1  123
2008  123  1  0  0  0  124
2009  115  7  0  0  0  122
2010  124  0  0  0  0  124
2011  123  0  0  0  0  123
2012  119  0  0  0  0  119
2013  113  0  6  0  0  119
2014  116  0  0  0  0  116
2015  113  0  0  0  0  113
2016  110  1  0  0  0  111
2017  106  0  0  0  2  108
2018  103  0  0  0  0  103
2019  97  6  0  0  0  103
2020  101  0  0  0  0  101
2021  99  0  0  1  0  100
2022  92  0  7  0  0  99
2023  99  0  0  0  0  99
2024  96  0  0  0  0  96
2025  88  9  0  0  0  97
2026  96  0  0  0  0  96
2027  96  0  0  0  0  96
2028  95  0  1  0  0  96
2029  28  0  0  0  66  94
2030  95  1  0  0  0  96
2031  96  0  0  0  0  96
2032  98  0  0  0  0  98
2033  98  0  0  0  0  98
2034  95  0  0  0  1  96
2035  92  0  0  0  0  92
2036  79  12  0  0  0  91
2037  89  0  1  0  0  90
2038  90  0  1  0  0  91
2039  89  0  1  0  0  90
2040  91  0  0  0  0  91
2041  91  1  0  0  0  92
2042  91  0  0  0  0  91
2043  79  0  0  0  10  89
2044  77  11  0  0  0  88
2045  76  1  0  0  6  83
2046  0  0  1  0  81  82
2047  84  0  0  0  0  84
2048  84  0  0  0  0  84
2049  84  0  0  0  0  84
2050  82  1  0  0  0  83
2051  83  0  0  0  0  83
2052  83  0  0  0  0  83
2053  85  0  0  0  0  85
2054  84  1  0  0  0  85
2055  76  0  0  6  0  82
2056  81  0  0  0  1  82
2057  82  0  0  0  0  82
2058  81  0  0  0  0  81
2059  79  2  0  0  0  81
2060  79  0  0  0  0  79
2061  1  0  2  0  67  70
2062  71  0  0  0  0  71
2063  69  0  0  4  0  73
2064  72  0  2  0  0  74
2065  64  0  7  0  0  71
2066  70  0  0  0  0  70
2067  65  0  2  0  0  67
2068  40  23  1  0  0  64
2069  60  0  0  0  0  60
2070  59  0  0  0  0  59
2071  57  0  0  0  0  57
2072  56  0  0  0  0  56
2073  48  0  1  0  0  49
2074  48  0  0  0  0  48
2075  47  0  0  0  0  47
2076  46  1  1  0  0  48
2077  47  0  0  0  0  47
2078  39  3  4  0  0  46
2079  43  0  0  1  0  44
2080  42  0  1  0  0  43
2081  43  0  0  0  0  43
2082  19  22  0  0  0  41
2083  40  0  0  0  4  44
2084  48  0  0  0  0  48
2085  48  0  0  0  0  48
2086  49  0  0  0  0  49
2087  51  0  0  0  0  51
2088  46  3  0  1  0  50
2089  51  0  0  0  0  51
2090  47  3  0  0  0  50
2091  52  0  0  0  0  52
2092  47  0  0  3  0  50
2093  50  0  0  0  0  50
2094  50  0  1  0  0  51
2095  44  0  4  0  0  48
2096  46  2  0  0  0  48
2097  48  0  0  0  0  48
2098  44  2  0  0  1  47
2099  48  0  0  0  0  48
2100  49  0  0  0  0  49
2101  51  0  0  0  0  51
2102  55  0  0  0  0  55
2103  55  0  0  0  0  55
2104  54  0  0  0  0  54
2105  55  0  0  0  0  55
2106  49  1  5  0  0  55
2107  50  0  5  0  0  55
2108  36  11  7  0  0  54
2109  55  0  1  0  0  56
2110  56  0  0  0  0  56
2111  56  0  0  0  0  56
2112  57  0  0  0  0  57
2113  58  0  0  0  0  58
2114  58  0  0  0  0  58
2115  56  0  0  0  3  59
2116  60  0  0  0  0  60
2117  59  1  0  0  0  60
2118  60  0  0  0  0  60
2119  58  0  1  0  1  60
2120  61  0  0  0  0  61
2121  62  0  0  0  0  62
2122  62  0  0  0  0  62
2123  64  0  0  0  0  64
2124  63  0  0  0  2  65
2125  63  0  3  0  0  66
2126  67  0  0  0  0  67
2127  66  0  1  3  0  70
2128  66  0  0  0  4  70
2129  71  0  0  0  0  71
2130  73  0  0  0  1  74
2131  67  6  3  0  0  76
2132  74  0  0  0  0  74
2133  76  0  0  0  0  76
2134  78  0  0  0  0  78
2135  79  0  0  0  0  79
2136  79  0  0  0  0  79
2137  81  0  0  0  0  81
2138  77  0  2  0  0  79
2139  73  0  8  0  0  81
2140  63  0  2  15  0  80
2141  80  0  0  1  0  81
2142  77  0  6  0  0  83
2143  84  1  0  0  0  85
2144  86  0  0  0  0  86
2145  85  0  0  0  0  85
2146  83  0  0  1  0  84
2147  36  1  37  0  10  84
2148  84  3  0  0  0  87
2149  87  2  0  0  0  89
2150  91  0  0  0  0  91
2151  83  0  4  4  0  91
2152  82  4  4  0  0  90
2153  92  0  0  0  0  92
2154  84  4  4  0  0  92
2155  83  9  1  0  1  94
2156  95  0  0  0  0  95
2157  82  4  11  0  0  97
2158  76  22  0  0  0  98
2159  98  0  4  0  0  102
2160  82  0  7  14  0  103
2161  107  0  0  0  0  107
2162  109  0  0  0  0  109
2163  110  5  0  0  0  115
2164  118  0  0  0  0  118
2165  119  0  0  0  0  119
2166  111  0  8  0  0  119
2167  119  1  0  0  3  123
2168  122  0  5  0  0  127
2169  120  1  6  0  0  127
2170  127  0  0  0  0  127
2171  129  0  0  0  0  129
2172  117  0  12  0  0  129
2173  124  0  5  0  4  133
2174  135  0  0  0  0  135
2175  137  0  0  0  0  137
2176  139  0  0  0  0  139
2177  140  0  0  1  0  141
2178  141  0  0  0  2  143
2179  144  0  0  0  0  144
2180  141  3  0  0  0  144
2181  144  0  0  0  0  144
2182  142  0  0  1  0  143
2183  143  0  0  0  0  143
2184  144  0  0  0  0  144
2185  144  2  0  0  0  146
2186  146  0  0  0  0  146
2187  143  0  0  2  0  145
2188  143  0  0  0  0  143
2189  138  0  0  2  0  140
2190  111  1  0  0  27  139
2191  132  0  0  0  8  140
2192  120  4  18  0  0  142
2193  144  0  0  0  0  144
2194  91  0  51  0  0  142
2195  144  0  0  0  0  144
2196  122  21  1  0  0  144
2197  147  0  0  0  0  147
2198  142  6  0  0  0  148
2199  149  0  0  1  0  150
2200  155  0  0  0  0  155
2201  139  0  18  0  0  157
2202  138  16  0  0  0  154
2203  159  0  0  0  0  159
2204  162  0  0  0  0  162
2205  165  6  0  0  0  171
2206  168  1  0  2  0  171
2207  173  0  0  0  0  173
2208  170  6  0  0  0  176
2209  179  0  0  0  0  179
2210  178  0  0  0  1  179
2211  179  0  0  0  0  179
2212  161  0  16  0  0  177
2213  0  26  0  147  0  173
2214  164  18  0  0  0  182
2215  160  0  24  0  0  184
2216  185  3  3  0  0  191
2217  193  0  0  0  0  193
2218  191  0  2  0  0  193
2219  191  0  0  0  0  191
2220  182  0  0  9  0  191
2221  191  0  0  0  0  191
2222  190  0  0  1  0  191
2223  189  0  4  0  0  193
2224  193  0  0  0  0  193
2225  194  0  1  0  0  194
2226  197  0  0  0  0  197
2227  194  0  0  1  0  195
2228  195  0  0  0  0  195
2229  194  0  0  0  2  196
2230  196  0  0  0  0  196
2231  195  0  0  1  1  197
2232  184  0  9  2  0  195
2233  196  0  0  0  0  196
2234  189  0  0  8  0  197
2235  191  0  8  0  0  199
2236  200  0  0  0  0  200
2237  197  0  0  0  0  197
2238  172  14  8  0  0  194
2239  9  0  0  175  8  192
2240  201  0  0  0  0  201
2241  206  0  0  0  0  206
2242  205  0  0  0  0  205
2243  202  3  0  0  0  205
2244  36  0  166  0  0  202
2245  209  0  0  0  1  210
2246  201  0  10  0  0  211
2247  212  0  0  0  0  212
2248  204  3  7  0  0  214
2249  200  0  0  0  11  211
2250  210  0  0  0  0  210
2251  3  9  0  194  0  206
2252  215  0  0  0  0  215
2253  171  0  0  31  15  217
2254  192  31  0  0  0  223
2255  223  0  0  0  0  223
2256  221  0  0  0  0  221
2257  213  0  9  0  0  222
2258  224  0  0  0  0  224
2259  221  0  0  0  0  221
2260  209  12  0  0  0  221
2261  222  0  0  0  0  222
2262  207  8  2  0  0  217
2263  207  0  0  0  1  208
2264  172  32  7  0  0  211
2265  208  0  0  0  0  208
2266  202  0  6  0  0  208
2267  209  0  0  0  1  210
2268  210  0  0  1  0  211
2269  211  0  0  0  0  211
2270  211  0  0  0  0  211
2271  210  0  2  0  0  212
2272  205  0  1  0  1  207
2273  206  0  0  0  0  206
2274  205  0  0  0  0  205
2275  198  0  6  0  0  204
2276  28  0  0  165  1  194
2277  184  0  0  18  0  202
2278  205  0  0  0  1  206
2279  207  0  0  2  0  209
2280  209  0  1  0  0  210
2281  214  0  0  0  0  214
2282  217  0  0  0  0  217
2283  218  0  0  0  0  218
2284  213  3  0  0  1  217
2285  209  5  2  0  0  216
2286  213  1  0  0  0  214
2287  13  14  0  0  183  210
2288  225  0  0  0  0  225
2289  217  0  0  0  14  231
2290  241  0  0  0  0  241
2291  239  0  1  0  1  241
2292  241  0  0  3  0  244
2293  244  0  2  0  0  246
2294  227  15  2  0  0  244
2295  239  1  2  1  0  243
2296  242  0  0  0  0  242
2297  238  0  0  0  0  238
2298  15  1  0  206  0  222
2299  236  1  0  0  0  237
2300  186  0  33  19  0  238
2301  245  0  0  0  0  245
2302  250  0  0  0  0  250
2303  249  0  0  0  0  249
2304  247  0  0  0  0  247
2305  236  0  2  0  1  239
2306  236  0  0  0  0  236
2307  232  0  1  0  0  233
2308  230  1  0  0  1  232
2309  230  0  0  0  1  231
2310  232  0  0  0  0  232
2311  229  0  0  0  0  229
2312  220  3  0  3  2  228
2313  227  0  0  0  0  227
2314  226  0  0  0  0  226
2315  225  1  0  0  0  226
2316  226  0  0  0  0  226
2317  226  0  0  0  0  226
2318  216  1  1  0  5  223
2319  221  0  0  1  0  222
2320  220  2  0  1  0  223
2321  217  0  0  6  0  223
2322  218  1  0  0  2  221
2323  218  1  0  0  0  219
2324  216  0  0  0  0  216
2325  214  1  0  0  0  215
2326  207  7  0  0  0  214
2327  210  0  2  0  0  212
2328  134  1  0  0  73  208
2329  207  0  0  0  0  207
2330  207  0  0  0  0  207
2331  206  0  0  1  0  207
2332  201  3  0  0  0  204
2333  203  0  0  0  0  203
2334  201  0  0  0  0  201
2335  197  2  0  0  0  199
2336  192  0  0  0  0  192
2337  141  0  28  2  18  189
2338  186  3  0  0  0  189
2339  190  0  0  0  0  190
2340  186  2  1  0  0  189
2341  180  0  4  0  0  184
2342  176  1  0  0  5  182
2343  181  0  0  1  0  182
2344  182  0  0  0  0  182
2345  180  0  0  0  0  180
2346  163  0  16  0  0  179
2347  156  21  0  0  0  177
2348  176  0  0  0  0  176
2349  176  0  0  0  0  176
2350  172  1  0  0  0  173
2351  170  0  0  0  0  170
2352  166  1  0  2  0  169
2353  144  20  1  0  0  165
2354  154  0  7  1  0  162
2355  163  0  0  0  0  163
2356  163  0  0  0  0  163
2357  163  0  0  0  0  163
2358  143  20  0  0  0  163
2359  164  0  0  0  0  164
2360  161  0  0  0  1  162
2361  160  0  0  0  0  160
2362  155  0  0  1  3  159
2363  10  2  1  0  141  154
2364  133  2  20  0  0  155
2365  157  0  0  0  0  157
2366  158  0  1  0  0  159
2367  157  0  0  1  1  159
2368  156  0  0  3  0  159
2369  158  0  0  0  0  158
2370  156  0  0  0  0  156
2371  146  0  8  1  0  155
2372  155  0  0  0  0  155
2373  154  0  1  0  0  155
2374  154  0  0  0  0  154
2375  150  0  0  0  0  150
2376  17  113  0  0  0  130
2377  130  0  0  0  0  130
2378  130  0  0  0  0  130
2379  118  12  0  0  0  130
2380  111  7  9  0  0  127
2381  120  3  0  0  0  123
2382  118  0  0  1  0  119
2383  116  0  0  0  0  116
2384  113  0  0  0  0  113
2385  109  0  0  0  0  109
2386  104  0  0  0  0  104
2387  101  0  0  0  0  101
2388  97  0  0  0  0  97
2389  92  0  0  0  0  92
2390  86  0  0  1  0  87
2391  84  0  0  0  0  84
2392  73  5  0  0  0  78
2393  71  0  2  0  0  73
2394  71  0  0  0  0  71
2395  67  0  0  1  0  68
2396  57  0  4  0  0  61
2397  61  0  0  0  0  61
2398  58  0  0  0  0  58
2399  45  8  0  0  0  53
2400  49  0  4  0  0  53
2401  48  4  0  0  0  52
2402  45  2  2  0  0  49
2403  51  0  0  0  0  51
2404  49  0  0  0  0  49
2405  42  0  0  0  1  43
2406  43  0  0  0  0  43
2407  43  0  0  0  0  43
2408  41  0  0  0  0  41
2409  41  0  0  0  0  41
2410  41  0  0  0  0  41
2411  41  0  0  0  0  41
2412  42  0  0  0  0  42
2413  40  2  0  0  0  42
2414  40  0  2  0  0  42
2415  0  38  0  0  0  38
2416  39  0  0  0  0  39
2417  37  0  2  0  0  39
2418  39  0  0  0  0  39
2419  37  0  2  0  0  39
2420  39  0  0  0  0  39
2421  39  0  0  0  0  39
2422  39  0  0  0  0  39
2423  38  0  0  0  0  38
2424  35  3  1  0  0  39
2425  39  0  0  0  0  39
2426  39  0  0  0  0  39
2427  38  1  0  0  0  39
2428  39  0  0  0  0  39
2429  39  0  0  0  0  39
2430  38  0  0  0  0  38
2431  38  0  0  0  0  38
2432  37  0  0  0  0  37
2433  37  0  0  0  0  37
2434  30  0  0  0  7  37
2435  1  0  2  34  0  37
2436  39  0  0  0  0  39
2437  39  0  0  0  0  39
2438  38  0  0  0  0  38
2439  37  0  0  0  0  37
2440  38  0  0  0  0  38
2441  37  1  0  0  0  38
2442  39  0  0  0  0  39
2443  40  0  0  0  0  40
2444  41  0  0  0  0  41
2445  35  6  0  0  0  41
2446  42  0  1  0  0  43
2447  44  0  0  0  0  44
2448  40  1  0  1  2  44
2449  42  0  0  0  0  42
2450  43  0  0  0  0  43
2451  40  0  0  1  0  41
2452  40  0  0  0  0  40
2453  38  2  0  0  0  40
2454  39  0  1  0  0  40
2455  39  0  0  0  0  39
2456  37  1  0  0  0  38
2457  36  0  3  0  0  39
2458  39  0  0  0  1  40
2459  38  3  0  0  0  41
2460  40  0  0  0  0  40
2461  40  0  0  0  0  40
2462  39  0  0  0  0  39
2463  37  2  1  0  0  40
2464  38  0  0  1  0  39
2465  38  0  0  1  0  39
2466  38  0  2  0  0  40
2467  37  0  1  0  1  39
2468  40  0  0  0  0  40
2469  40  0  0  0  0  40
2470  34  4  0  0  0  38
2471  6  0  0  0  32  38
2472  40  0  1  0  0  41
2473  38  0  3  0  0  41
2474  43  0  0  0  0  43
2475  43  0  0  0  0  43
2476  45  0  0  0  0  45
2477  47  0  1  0  0  48
2478  49  0  0  0  0  49
2479  50  0  0  0  0  50
2480  52  0  0  0  0  52
2481  52  0  2  0  0  54
2482  54  0  0  0  0  54
2483  55  0  0  0  0  55
2484  27  0  0  27  0  54
2485  50  0  0  5  0  55
2486  52  0  5  0  0  57
2487  52  0  1  6  0  59
2488  58  0  0  0  1  59
2489  57  3  2  0  0  62
2490  59  0  5  0  0  64
2491  66  0  0  0  0  66
2492  66  0  0  0  0  66
2493  66  0  0  0  0  66
2494  60  0  0  0  7  67
2495  68  0  0  0  0  68
2496  59  0  0  9  0  68
2497  65  2  1  0  0  68
2498  66  0  0  0  1  67
2499  58  5  5  0  0  68
2500  69  0  0  0  0  69
2501  70  0  0  0  0  70
2502  62  0  0  9  0  71
2503  68  0  0  0  0  68
2504  57  7  3  0  0  67
2505  69  0  0  0  1  70
2506  64  0  0  6  0  70
2507  70  0  0  0  0  70
2508  71  0  0  0  0  71
2509  58  0  7  0  10  75
2510  67  0  10  0  0  77
2511  79  0  0  1  0  80
2512  84  0  0  0  0  84
2513  88  0  0  0  0  88
2514  91  0  0  0  0  91
2515  99  0  0  1  0  100
2516  99  1  0  0  2  102
2517  96  1  13  0  0  110
2518  114  0  3  0  0  117
2519  119  0  0  0  0  119
2520  116  1  0  0  7  124
2521  119  0  9  0  0  128
2522  124  4  0  0  1  129
2523  128  1  0  0  0  129
2524  128  0  0  0  0  128
2525  127  0  0  0  0  127
2526  123  4  0  0  0  127
2527  120  7  0  2  0  129
2528  121  8  0  0  1  130
2529  120  11  0  0  1  132
2530  135  0  0  1  0  136
2531  138  0  0  0  0  138
2532  136  4  0  0  0  140
2533  140  1  0  0  0  141
2534  127  0  0  15  0  142
2535  146  0  0  0  0  146
2536  145  0  0  0  1  146
2537  150  0  0  0  0  150
2538  148  0  5  0  0  153
2539  154  0  0  0  0  154
2540  153  0  0  0  0  153
2541  47  0  0  106  0  153
2542  161  0  4  0  0  165
2543  170  0  0  0  0  170
2544  177  0  0  0  0  177
2545  180  1  0  0  0  181
2546  184  0  3  0  0  187
2547  195  0  0  0  0  195
2548  191  8  0  0  0  199
2549  198  0  0  1  0  199
2550  200  2  0  0  0  202
2551  194  14  0  0  0  208
2552  218  0  0  0  0  218
2553  215  0  7  0  0  222
2554  224  0  0  0  0  224
2555  213  0  0  10  0  223
2556  208  0  27  0  0  235
2557  233  4  0  0  0  237
2558  234  0  0  0  3  237
2559  228  10  0  0  0  238
2560  244  0  0  0  0  244
2561  243  0  0  0  0  243
2562  242  0  3  0  0  245
2563  245  0  0  0  0  245
2564  244  0  0  0  0  244
2565  237  0  0  0  6  243
2566  249  0  0  0  0  249
2567  247  0  0  0  0  247
2568  248  0  0  0  0  248
2569  236  10  0  0  0  246
2570  246  0  0  0  0  246
2571  245  0  0  0  0  245
2572  244  0  0  1  0  245
2573  241  4  0  0  0  245
2574  239  0  10  0  0  249
2575  249  0  0  0  0  249
2576  248  0  0  0  0  248
2577  241  1  1  1  0  244
2578  227  11  0  0  2  240
2579  237  0  0  2  0  239
2580  0  1  0  232  0  233
2581  238  1  0  0  1  240
2582  238  0  0  2  0  240
2583  219  0  0  22  0  241
2584  240  0  0  0  1  241
2585  241  0  1  0  0  242
2586  212  31  0  0  0  243
2587  242  0  0  1  0  243
2588  243  0  0  0  0  243
2589  241  0  0  0  0  241
2590  241  0  0  0  0  241
2591  236  3  0  0  0  239
2592  207  7  1  23  0  238
2593  231  7  0  0  0  238
2594  236  0  0  0  0  236
2595  126  0  0  106  0  232
2596  230  2  0  0  0  232
2597  229  2  1  0  0  232
2598  208  22  0  1  0  231
2599  229  0  0  0  0  229
2600  2  0  0  5  217  224
2601  92  131  0  0  1  224
2602  225  0  0  0  0  225
2603  224  0  0  0  1  225
2604  224  1  0  0  0  225
2605  222  1  0  0  0  223
2606  223  0  0  1  0  224
2607  208  7  2  0  0  217
2608  218  0  0  0  0  218
2609  216  0  0  1  1  218
2610  209  0  10  0  0  219
2611  207  0  7  0  0  214
2612  208  0  0  0  0  208
2613  204  0  0  1  1  206
2614  183  9  4  0  0  196
2615  188  1  0  0  0  189
2616  172  0  1  0  9  182
2617  179  0  2  0  0  181
2618  169  9  0  0  0  178
2619  177  0  0  0  0  177
2620  176  0  0  0  0  176
2621  175  0  0  0  0  175
2622  174  1  0  1  0  176
2623  176  0  2  0  0  178
2624  177  0  0  0  1  178
2625  176  0  1  0  0  177
2626  175  1  0  0  0  176
2627  2  1  0  160  0  163
2628  143  10  12  0  0  165
2629  165  0  0  0  0  165
2630  164  0  1  0  0  165
2631  164  0  0  0  0  164
2632  140  0  21  0  0  161
2633  159  0  0  0  1  160
2634  136  0  0  21  0  157
2635  157  0  0  0  0  157
2636  161  0  4  0  0  164
2637  167  0  1  0  0  168
2638  163  0  0  0  0  163
2639  160  0  0  0  0  160
2640  154  0  1  0  0  155
2641  153  0  0  0  0  153
2642  146  5  0  0  0  151
2643  142  2  1  0  0  145
2644  135  0  0  0  0  135
2645  127  0  0  0  0  127
2646  119  1  0  0  0  120
2647  117  1  0  0  0  118
2648  18  0  0  83  0  101
2649  102  1  0  0  0  103
2650  103  0  0  0  0  103
2651  104  0  0  0  0  104
2652  101  0  2  0  0  103
2653  100  0  2  0  0  102
2654  96  0  0  0  1  97
2655  91  0  0  0  0  91
2656  91  0  0  0  0  91
2657  92  0  0  0  0  92
2658  92  0  0  0  0  92
2659  92  0  0  0  0  92
2660  90  0  0  0  0  90
2661  88  4  0  0  0  92
2662  77  4  10  0  0  91
2663  87  0  0  0  2  89
2664  88  0  0  0  0  88
2665  87  0  0  0  0  87
2666  12  0  28  0  46  86
2667  94  0  0  0  0  94
2668  96  0  0  0  0  96
2669  97  0  0  0  0  97
2670  98  0  0  0  0  98
2671  96  2  0  0  0  98
2672  97  0  0  0  1  98
2673  95  1  0  0  0  96
2674  95  0  0  0  1  96
2675  95  0  0  0  1  96
2676  90  6  0  0  0  96
2677  98  0  0  0  0  98
2678  57  37  0  0  0  94
2679  100  0  0  0  0  100
2680  99  0  4  0  0  103
2681  105  0  0  0  0  105
2682  106  0  0  0  0  106
2683  106  0  0  0  0  106
2684  70  0  0  0  32  102
2685  102  0  0  0  0  102
2686  7  0  91  0  0  98
2687  68  31  0  0  0  99
2688  101  0  0  0  0  101
2689  97  5  0  0  0  102
2690  92  13  0  0  0  105
2691  103  0  0  0  0  103
2692  100  3  3  0  0  106
2693  108  0  0  0  1  109
2694  103  8  0  0  0  111
2695  111  0  0  0  0  111
2696  111  0  0  0  0  111
2697  111  0  0  1  0  112
2698  115  0  0  0  0  115
2699  113  0  0  0  0  113
2700  105  0  10  0  0  115
2701  112  0  2  0  0  114
2702  13  0  0  98  0  111
2703  108  6  0  0  0  114
2704  115  0  0  0  0  115
2705  106  0  9  0  0  115
2706  113  2  0  0  0  115
2707  113  0  1  0  0  114
2708  106  0  5  0  0  111
2709  88  0  0  25  0  113
2710  114  0  0  0  0  114
2711  110  0  5  0  0  115
2712  113  0  0  1  0  114
2713  107  0  8  0  0  115
2714  114  1  0  0  0  115
2715  64  48  2  0  0  114
2716  114  0  0  0  0  114
2717  113  0  0  0  0  113
2718  113  0  0  0  0  113
2719  112  0  0  0  0  112
2720  111  0  0  0  0  111
2721  103  10  0  0  0  113
2722  103  7  2  0  0  112
2723  109  3  0  0  0  112
2724  111  0  0  0  0  111
2725  112  0  0  0  0  112
2726  76  35  0  0  0  111
2727  84  0  0  6  22  112
2728  90  1  0  0  21  112
2729  114  0  0  0  0  114
2730  112  0  2  0  0  114
2731  111  2  0  0  0  113
2732  111  1  0  1  0  113
2733  100  10  4  0  0  114
2734  108  5  0  0  0  113
2735  110  0  0  0  0  110
2736  101  6  0  0  0  107
2737  98  0  6  1  0  105
2738  91  16  1  0  0  108
2739  107  2  0  0  0  109
2740  104  5  0  0  0  109
2741  109  0  1  0  0  110
2742  105  3  0  0  0  108
2743  107  0  0  0  0  107
2744  105  0  1  0  0  106
2745  103  3  0  0  0  106
2746  105  0  1  1  0  107
2747  103  0  1  4  0  108
2748  107  0  0  0  0  107
2749  104  0  0  3  0  107
2750  105  0  3  0  0  108
2751  107  0  0  0  0  107
2752  107  0  0  0  0  107
2753  106  0  0  0  0  106
2754  105  0  0  0  0  105
2755  105  0  0  0  0  105
2756  85  0  18  0  0  103
2757  101  0  0  0  0  101
2758  101  0  0  0  0  101
2759  98  0  1  0  0  99
2760  95  0  2  0  0  97
2761  94  0  0  1  1  96
2762  94  0  0  0  0  94
2763  94  0  0  0  0  94
2764  93  0  0  0  0  93
2765  92  0  0  0  0  92
2766  83  6  1  0  0  90
2767  88  0  0  0  0  88
2768  86  0  0  0  0  86
2769  84  0  0  0  0  84
2770  83  0  0  0  0  83
2771  82  0  0  0  0  82
2772  78  0  0  0  1  79
2773  78  0  0  0  0  78
2774  74  0  3  0  0  77
2775  76  0  0  0  0  76
2776  75  0  0  0  0  75
2777  67  4  0  0  0  71
2778  62  0  2  1  0  65
2779  63  1  0  0  0  64
2780  57  3  0  0  0  60
2781  57  1  0  0  1  59
2782  53  2  2  0  0  57
2783  55  0  0  0  0  55
2784  54  0  0  0  0  54
2785  53  1  0  0  0  54
2786  52  0  0  0  0  52
2787  50  0  0  0  0  50
2788  41  0  0  0  2  43
2789  40  0  0  0  0  40
2790  36  0  0  0  0  36
2791  0  0  0  0  0  0
2792  0  0  0  0  0  0
2793  0  0  0  0  0  0
2794  0  0  0  0  0  0
2795  0  0  0  0  0  0
2796  0  0  0  0  0  0
2797  0  0  0  0  0  0
2798  0  0  0  0  0  0
2799  0  0  0  0  0  0
2800  0  0  0  0  0  0
2801  0  0  0  0  0  0
2802  0  0  0  0  0  0
2803  0  0  0  0  0  0
2804  0  0  0  0  0  0
2805  0  0  0  0  0  0
2806  0  0  0  0  0  0
2807  0  0  0  0  0  0
2808  0  0  0  0  0  0
2809  0  0  0  0  0  0
2810  0  0  0  0  0  0
2811  0  0  0  0  0  0
2812  0  0  0  0  0  0
2813  0  0  0  0  0  0
2814  0  0  0  0  0  0
2815  0  0  0  0  0  0
2816  0  0  0  0  0  0
2817  0  0  0  0  0  0
2818  0  0  0  0  0  0
2819  0  0  0  0  0  0
2820  0  0  0  0  0  0
2821  0  0  0  0  0  0
2822  0  0  0  0  0  0
2823  0  0  0  0  0  0
2824  0  0  0  0  0  0
