Position	CountMatch	CountA	CountT	CountG	CountC	Depth
1  104  0  0  0  0  102
2  107  0  0  0  0  107
3  122  0  0  0  0  122
4  145  0  1  0  0  146
5  150  0  0  0  0  150
6  135  0  17  0  0  152
7  167  0  0  0  0  167
8  169  0  0  0  0  169
9  171  0  0  0  0  171
10  145  24  3  0  0  172
11  162  0  0  3  8  173
12  177  0  0  0  0  177
13  156  14  12  0  0  182
14  175  8  1  0  0  184
15  176  2  5  0  1  184
16  120  7  58  1  0  186
17  181  4  8  0  0  193
18  196  0  4  3  0  203
19  206  1  0  1  0  208
20  213  0  0  0  0  213
21  214  1  0  0  0  215
22  189  10  1  0  16  216
23  224  0  0  0  0  224
24  226  0  1  0  0  227
25  224  4  1  0  0  229
26  236  0  0  0  1  237
27  240  0  0  0  1  241
28  240  5  0  0  0  245
29  228  0  22  0  0  250
30  241  0  0  0  11  252
31  194  7  48  6  0  255
32  248  7  2  0  3  260
33  261  0  0  0  0  261
34  260  0  0  0  0  260
35  259  0  0  0  0  259
36  186  73  0  0  0  259
37  205  32  9  0  15  261
38  257  0  0  2  1  260
39  224  13  22  0  1  260
40  259  0  0  1  1  261
41  243  6  8  5  0  262
42  261  4  0  0  0  265
43  257  3  0  0  5  265
44  264  4  0  0  2  270
45  261  0  10  1  0  272
46  255  0  18  4  0  277
47  272  0  1  3  0  276
48  239  4  11  0  20  274
49  237  24  17  0  2  280
50  238  7  23  0  14  282
51  267  11  8  0  0  286
52  281  4  0  1  1  287
53  283  0  0  8  1  292
54  265  11  14  2  0  292
55  293  0  0  1  1  295
56  295  0  0  1  0  296
57  287  1  1  0  11  300
58  300  1  0  0  0  301
59  293  10  0  0  0  303
60  301  0  0  1  0  302
61  306  0  0  0  0  306
62  298  0  4  1  0  303
63  300  0  0  1  1  302
64  301  0  0  0  1  302
65  302  0  0  0  0  302
66  291  9  0  0  0  300
67  213  45  43  0  0  301
68  303  0  0  0  0  303
69  302  0  0  0  1  303
70  267  11  25  0  0  303
71  303  0  0  1  0  304
72  286  20  0  0  1  307
73  269  0  33  6  0  308
74  302  0  2  2  0  306
75  298  0  6  0  0  304
76  289  0  3  7  1  300
77  275  11  14  1  0  301
78  244  58  0  0  0  302
79  295  5  4  0  0  304
80  303  0  0  0  0  303
81  184  12  101  5  0  302
82  278  0  27  1  0  306
83  300  1  0  1  7  309
84  304  0  3  1  0  308
85  305  0  3  0  0  308
86  302  0  7  0  0  309
87  305  0  0  2  1  308
88  278  2  28  0  0  308
89  275  18  10  0  1  304
90  262  4  35  0  0  301
91  281  18  0  0  1  300
92  285  0  12  0  0  297
93  293  0  0  0  0  293
94  281  11  0  0  4  296
95  287  2  7  0  0  296
96  256  4  32  0  0  292
97  263  16  11  0  3  293
98  287  0  4  0  0  291
99  280  0  0  10  0  290
100  275  0  15  0  0  290
101  286  0  0  0  1  287
102  255  17  14  0  0  286
103  225  7  46  1  0  279
104  275  1  0  0  0  276
105  273  0  0  0  0  273
106  267  0  0  1  2  270
107  222  37  0  4  0  263
108  230  27  2  0  0  259
109  259  0  1  0  1  261
110  242  18  1  0  0  261
111  233  4  20  0  0  257
112  231  5  9  8  0  253
113  124  0  6  112  0  242
114  215  0  28  1  1  245
115  222  22  0  0  0  244
116  227  15  0  0  1  243
117  241  9  0  0  0  250
118  246  5  0  1  1  253
119  243  2  0  0  0  245
120  229  0  0  0  0  229
121  228  0  0  0  0  228
122  189  1  37  1  0  228
123  139  1  23  72  0  235
124  253  0  0  0  0  253
125  246  0  0  5  1  252
126  228  3  15  5  0  251
127  211  17  18  2  0  248
128  232  13  0  0  3  248
129  230  11  11  0  0  252
130  250  0  4  0  0  254
131  241  0  0  0  12  253
132  245  8  0  0  1  254
133  235  0  14  2  0  251
134  232  0  0  18  0  250
135  249  3  0  0  0  252
136  251  1  0  1  0  253
137  249  0  0  0  1  250
138  239  9  0  0  0  248
139  194  28  0  9  11  242
140  157  10  0  4  68  239
141  216  1  24  0  4  245
142  232  0  0  4  11  247
143  232  1  0  0  12  245
144  245  0  2  0  0  247
145  237  8  0  1  0  246
146  217  8  2  17  0  244
147  245  0  0  0  0  245
148  238  0  0  6  0  244
149  240  0  1  1  0  242
150  224  9  3  0  0  236
151  205  8  21  1  0  235
152  141  85  3  0  1  230
153  246  0  0  0  0  246
154  243  0  1  0  1  245
155  245  0  0  0  0  245
156  231  0  8  0  0  239
157  225  0  10  0  0  235
158  90  7  130  0  0  227
159  220  0  8  1  0  229
160  186  11  18  17  0  232
161  228  1  9  0  0  238
162  240  0  0  0  0  240
163  212  0  28  0  0  240
164  223  21  0  0  3  247
165  248  0  0  0  0  248
166  244  0  0  0  2  246
167  239  5  2  0  0  246
168  227  14  0  1  0  242
169  181  41  14  0  2  238
170  211  7  21  2  0  241
171  219  9  16  0  0  244
172  166  0  1  79  0  246
173  250  0  0  0  0  250
174  244  0  2  0  0  246
175  207  26  6  0  7  246
176  228  25  1  0  0  254
177  215  0  36  0  1  252
178  245  0  10  0  0  255
179  224  0  0  17  15  256
180  250  0  0  0  7  257
181  251  0  3  3  0  257
182  252  3  0  1  0  256
183  238  0  3  9  0  250
184  198  16  37  0  1  252
185  245  9  0  2  0  256
186  258  0  0  0  0  258
187  259  0  0  0  0  259
188  261  0  0  0  0  261
189  253  0  0  8  0  261
190  224  2  22  11  0  259
191  232  30  0  0  0  262
192  260  0  0  0  0  260
193  261  0  0  0  0  261
194  262  0  0  0  0  262
195  264  0  0  0  0  264
196  257  0  0  0  6  263
197  245  0  16  0  0  261
198  201  47  3  0  1  252
199  140  0  10  95  2  247
200  236  5  0  17  0  258
201  259  0  0  0  0  259
202  261  0  0  1  0  262
203  258  4  0  0  1  263
204  260  2  0  1  0  263
205  158  67  31  0  2  258
206  260  0  0  2  2  264
207  240  10  18  0  0  268
208  247  16  10  0  0  273
209  273  0  0  0  0  273
210  274  0  0  0  0  274
211  270  0  7  1  0  278
212  267  6  0  6  1  280
213  280  0  0  2  0  282
214  282  0  0  0  0  282
215  273  0  5  1  0  279
216  252  14  9  0  1  276
217  271  3  0  0  1  275
218  237  33  0  0  0  270
219  164  22  77  2  0  265
220  271  0  0  0  0  271
221  274  0  0  0  0  274
222  271  0  2  0  0  273
223  254  0  15  3  0  272
224  273  0  0  0  0  273
225  264  7  0  1  0  272
226  274  0  0  0  0  274
227  273  0  0  0  1  274
228  275  0  0  0  0  275
229  271  0  5  1  0  277
230  249  2  9  0  14  274
231  245  24  1  0  1  271
232  271  0  0  0  0  271
233  271  0  0  2  0  273
234  273  0  0  0  0  273
235  276  0  0  0  0  276
236  269  0  0  0  6  275
237  227  0  16  15  3  261
238  123  2  0  16  117  258
239  188  52  6  0  12  258
240  247  0  0  11  0  258
241  233  0  11  0  16  260
242  235  0  28  0  0  263
243  237  3  1  0  23  264
244  263  1  0  1  0  265
245  193  28  41  3  0  265
246  258  0  1  0  7  266
247  266  0  0  0  0  266
248  261  0  0  0  2  263
249  250  9  0  0  2  261
250  211  27  19  0  0  257
251  231  2  18  0  4  255
252  228  25  1  0  0  254
253  255  0  0  0  0  255
254  226  10  16  0  0  252
255  255  0  0  0  0  255
256  252  0  1  1  0  254
257  248  0  3  0  0  251
258  224  3  12  0  7  246
259  163  73  6  0  0  242
260  174  38  30  0  0  242
261  244  0  0  1  0  245
262  239  3  0  0  3  245
263  227  17  0  0  0  244
264  226  1  19  0  0  246
265  219  8  17  0  0  244
266  180  62  0  0  0  242
267  239  1  0  0  1  241
268  186  4  0  50  0  240
269  240  0  0  0  1  241
270  234  0  1  1  1  237
271  194  0  39  1  0  234
272  213  16  3  0  0  232
273  203  13  13  0  0  229
274  209  0  17  0  0  226
275  129  78  11  0  3  221
276  204  14  0  0  0  218
277  212  0  4  0  0  216
278  107  4  0  97  7  215
279  206  0  4  0  8  218
280  217  0  0  0  0  217
281  182  31  1  0  0  214
282  208  0  0  1  4  213
283  207  2  5  0  0  214
284  144  0  0  54  14  212
285  197  0  0  17  2  216
286  211  0  0  5  0  216
287  214  0  0  0  1  215
288  214  0  0  0  1  215
289  212  0  0  0  0  212
290  197  0  8  1  0  206
291  195  1  0  0  10  206
292  197  0  0  6  0  203
293  201  0  0  0  0  201
294  184  0  11  0  3  198
295  166  14  13  0  0  193
296  187  0  3  1  0  191
297  181  0  5  0  2  188
298  152  18  13  0  0  183
299  168  11  0  0  2  181
300  166  14  0  0  0  180
301  178  1  0  0  0  179
302  169  0  1  1  1  172
303  166  0  1  1  0  168
304  153  0  0  11  1  165
305  136  0  19  0  4  159
306  125  0  12  0  15  152
307  140  0  10  0  0  150
308  124  0  7  12  1  144
309  107  3  30  0  0  140
310  137  0  1  0  0  138
311  125  0  0  5  0  130
312  129  0  0  0  1  130
313  109  4  11  1  0  125
314  109  4  9  0  1  123
315  121  0  0  0  0  121
316  112  1  5  0  0  118
317  116  1  1  0  0  118
318  108  2  3  3  0  116
319  107  0  0  0  3  110
320  95  0  0  14  0  109
321  107  0  1  0  0  108
322  103  0  0  2  0  105
323  97  0  3  0  0  100
324  99  0  0  0  0  99
325  97  0  0  0  1  98
326  97  0  0  0  0  97
327  86  5  0  0  0  91
328  83  0  0  0  0  83
329  74  0  0  0  0  74
330  68  0  0  0  0  68
331  0  0  0  0  0  0
332  0  0  0  0  0  0
333  0  0  0  0  0  0
334  0  0  0  0  0  0
