Position	CountMatch	CountA	CountT	CountG	CountC	Depth
1  434  0  0  0  0  432
2  439  0  0  0  0  439
3  525  3  0  0  1  527
4  595  0  0  0  0  594
5  610  0  0  0  0  610
6  611  0  12  0  0  623
7  587  0  47  0  2  636
8  644  0  2  0  0  646
9  630  1  0  23  0  654
10  627  10  16  6  0  659
11  630  8  0  0  30  668
12  685  0  3  1  1  690
13  603  11  82  0  0  696
14  636  52  5  0  19  712
15  662  33  21  0  0  716
16  542  1  178  2  0  723
17  589  79  72  1  0  741
18  753  0  19  5  0  777
19  767  20  0  0  2  789
20  793  4  0  1  1  799
21  779  1  0  2  27  809
22  768  44  5  0  8  825
23  844  0  0  1  0  845
24  854  0  2  0  1  857
25  812  45  4  0  1  862
26  865  1  0  1  9  876
27  888  3  0  0  0  891
28  877  29  0  0  0  906
29  877  2  39  0  0  918
30  923  0  1  0  2  926
31  631  86  187  27  0  931
32  884  62  11  0  2  959
33  976  0  0  5  0  981
34  986  0  4  0  2  992
35  969  0  9  18  2  998
36  784  213  0  1  0  998
37  854  59  39  0  60  1012
38  1016  2  0  0  1  1019
39  957  50  24  0  2  1033
40  1002  0  19  17  0  1038
41  956  40  38  6  0  1040
42  1036  1  0  3  1  1041
43  1016  2  0  3  26  1047
44  996  47  0  1  11  1055
45  1049  0  9  1  4  1063
46  932  0  99  1  31  1063
47  1027  0  24  16  0  1067
48  1015  45  6  0  16  1082
49  966  68  24  0  27  1085
50  940  33  99  0  17  1089
51  1067  25  26  0  4  1119
52  1090  10  0  7  9  1116
53  1000  0  39  72  11  1122
54  1001  1  123  6  0  1131
55  1119  5  0  0  11  1135
56  1094  51  0  2  0  1147
57  1094  12  5  0  37  1148
58  1134  15  0  3  1  1153
59  1045  84  39  0  0  1168
60  1179  0  4  3  1  1187
61  1192  0  0  2  1  1195
62  1195  0  1  0  1  1197
63  1155  0  15  16  4  1190
64  1169  20  0  0  3  1192
65  1178  2  0  14  1  1195
66  1160  17  0  14  2  1193
67  982  140  76  0  2  1200
68  1203  0  9  0  0  1212
69  1175  0  30  2  6  1213
70  955  79  151  22  0  1207
71  1216  0  0  2  0  1218
72  1203  26  0  1  0  1230
73  1142  8  65  23  0  1238
74  1233  0  3  1  0  1237
75  1231  0  4  2  0  1237
76  1128  0  1  89  17  1235
77  1079  110  33  14  0  1236
78  1046  175  7  0  1  1229
79  1133  87  3  0  8  1231
80  1212  0  0  18  0  1230
81  851  53  288  39  0  1231
82  983  0  244  11  1  1239
83  1248  5  0  3  2  1258
84  1249  0  2  1  10  1262
85  1225  0  13  5  20  1263
86  1191  0  74  0  0  1265
87  1249  0  3  2  4  1258
88  1170  23  58  1  0  1252
89  1159  78  6  0  4  1247
90  1179  18  43  3  0  1243
91  1085  156  8  0  1  1251
92  1206  0  55  0  0  1261
93  1252  0  0  13  1  1266
94  1247  15  0  1  3  1266
95  1207  11  43  1  0  1262
96  1080  1  172  2  0  1255
97  1170  66  29  0  0  1265
98  1259  0  0  0  0  1259
99  1204  1  0  55  3  1263
100  1210  34  16  0  1  1261
101  1253  4  0  1  1  1259
102  1128  67  64  0  0  1259
103  1091  31  124  3  0  1249
104  1178  50  21  0  4  1253
105  1221  0  21  5  1  1248
106  1238  2  0  1  1  1242
107  963  197  64  6  0  1230
108  1189  43  10  0  0  1242
109  1232  0  2  13  1  1248
110  1121  119  11  0  0  1251
111  1077  52  89  7  0  1225
112  954  106  83  63  0  1206
113  794  0  7  393  1  1195
114  1122  0  67  8  12  1209
115  999  165  0  0  7  1171
116  925  243  0  1  0  1169
117  985  175  0  18  1  1179
118  1031  121  0  31  3  1186
119  1116  83  0  4  1  1204
120  1200  3  0  0  27  1230
121  1229  1  0  0  1  1231
122  1008  29  179  0  0  1216
123  892  79  102  156  0  1229
124  1207  0  28  4  0  1239
125  1206  0  2  33  7  1248
126  1185  12  30  25  0  1252
127  1000  52  167  32  0  1251
128  1140  50  0  1  74  1265
129  1186  24  70  0  1  1281
130  1253  0  11  23  0  1287
131  1283  6  0  2  6  1297
132  1282  11  0  1  0  1294
133  1282  0  7  1  0  1290
134  1139  21  0  131  2  1293
135  1275  31  0  0  1  1307
136  1302  7  0  0  1  1310
137  1283  21  0  1  2  1307
138  1260  32  0  0  3  1295
139  1217  44  0  12  7  1280
140  795  0  0  124  335  1254
141  1153  48  50  0  19  1270
142  1210  0  3  11  60  1284
143  1193  21  0  1  72  1287
144  1282  0  4  1  0  1287
145  1274  9  0  1  1  1285
146  1088  51  32  101  0  1272
147  1230  34  0  0  6  1270
148  1232  0  13  19  2  1266
149  1040  22  186  5  0  1253
150  1107  126  8  0  2  1243
151  1003  87  142  3  0  1235
152  970  203  50  0  0  1223
153  1329  0  0  4  1  1334
154  1323  0  0  0  21  1344
155  1340  0  1  0  1  1342
156  1310  0  7  1  18  1336
157  1281  0  36  3  1  1321
158  429  123  654  1  0  1207
159  1221  0  2  7  2  1232
160  798  248  117  76  0  1239
161  1158  5  81  11  0  1255
162  1262  0  1  3  2  1268
163  926  20  323  2  0  1271
164  1125  92  1  0  72  1290
165  1289  3  6  0  0  1298
166  1289  0  2  0  4  1295
167  1269  1  9  11  0  1290
168  1263  21  0  1  0  1285
169  983  155  123  0  0  1261
170  1040  104  115  0  0  1259
171  972  90  113  92  0  1267
172  926  0  11  329  1  1267
173  1278  0  0  6  2  1286
174  1179  0  51  0  52  1282
175  1055  32  164  0  36  1287
176  1249  47  1  0  5  1302
177  1248  0  53  1  2  1304
178  1260  3  42  2  0  1307
179  1143  105  0  62  1  1311
180  1306  14  0  0  0  1320
181  1287  0  7  16  0  1310
182  1291  8  0  0  21  1320
183  1300  0  8  8  2  1318
184  949  44  306  0  6  1305
185  1271  17  0  5  21  1314
186  1312  3  0  0  0  1315
187  1251  28  0  34  2  1315
188  1302  5  0  1  14  1322
189  1320  0  0  1  1  1322
190  1224  23  71  0  0  1318
191  1091  224  1  0  6  1322
192  1287  0  0  0  38  1325
193  1330  2  0  2  1  1335
194  1321  18  0  0  1  1340
195  1270  0  46  19  0  1335
196  1295  2  0  2  31  1330
197  1192  9  114  0  0  1316
198  1131  161  3  0  2  1298
199  637  0  107  512  26  1284
200  1215  22  0  34  44  1316
201  1334  0  0  0  1  1335
202  1266  61  0  0  2  1328
203  1296  23  0  0  11  1330
204  1284  2  0  34  1  1321
205  1089  119  99  0  5  1312
206  1314  0  1  15  2  1332
207  1065  92  182  1  0  1340
208  1306  20  32  0  0  1358
209  1336  0  13  2  7  1358
210  1340  21  0  1  0  1362
211  1333  0  34  3  1  1371
212  1311  36  0  1  24  1372
213  1369  0  0  3  1  1373
214  1341  14  0  19  1  1375
215  1339  0  0  1  17  1357
216  1236  79  36  0  2  1353
217  1321  10  1  0  27  1359
218  1032  302  3  0  0  1337
219  838  21  475  0  0  1335
220  1356  0  2  0  0  1359
221  1365  0  1  0  0  1366
222  1329  0  3  0  40  1372
223  1226  0  89  28  14  1357
224  1320  17  0  0  17  1354
225  1306  30  0  3  11  1350
226  1311  0  16  18  1  1346
227  1313  28  0  1  4  1346
228  1348  0  1  0  0  1349
229  1276  0  53  4  2  1335
230  1070  60  82  0  109  1321
231  1167  150  12  0  1  1330
232  1352  0  1  1  3  1357
233  1347  0  6  1  0  1354
234  1333  0  8  0  3  1344
235  1314  0  5  17  0  1336
236  1317  0  1  1  16  1335
237  1269  0  28  7  4  1308
238  814  18  0  60  389  1281
239  1017  230  36  0  1  1284
240  1292  0  0  2  1  1295
241  1173  0  113  0  12  1298
242  1210  0  78  0  3  1291
243  1211  44  14  0  18  1287
244  1237  42  0  1  4  1284
245  1112  64  107  4  0  1287
246  1270  0  0  7  21  1298
247  1280  0  2  1  11  1294
248  1258  0  21  1  1  1281
249  1269  2  0  1  1  1273
250  1034  84  121  0  0  1239
251  1119  35  18  0  64  1236
252  1180  31  18  0  5  1234
253  1206  5  0  0  14  1225
254  1036  98  82  7  0  1223
255  1175  0  19  24  0  1218
256  1198  0  1  16  0  1215
257  1179  0  16  1  0  1196
258  1088  8  81  0  11  1188
259  871  239  57  0  0  1167
260  803  263  84  0  1  1151
261  1149  0  1  0  0  1150
262  1078  30  0  10  33  1151
263  1134  14  0  0  2  1150
264  1030  58  50  0  8  1146
265  888  134  106  0  7  1135
266  935  190  7  0  3  1135
267  1131  2  0  1  0  1134
268  1001  1  3  124  0  1129
269  1131  2  0  0  0  1133
270  1085  0  2  36  0  1123
271  969  19  125  1  0  1114
272  1061  29  4  13  0  1107
273  905  86  88  0  5  1084
274  948  18  106  8  0  1080
275  581  372  85  0  20  1058
276  1040  17  0  9  0  1066
277  1025  0  1  38  0  1063
278  658  47  0  347  4  1056
279  1041  0  9  3  7  1060
280  1050  1  0  4  0  1055
281  938  92  14  1  0  1045
282  1038  1  0  2  0  1041
283  967  55  6  2  0  1030
284  807  0  13  174  20  1014
285  969  0  13  18  18  1018
286  945  0  0  74  1  1020
287  1001  0  12  0  3  1016
288  980  0  0  14  8  1002
289  974  0  0  0  2  976
290  923  0  12  14  0  949
291  862  2  0  1  70  935
292  923  0  0  0  0  923
293  901  0  0  2  1  904
294  857  14  30  0  3  904
295  753  35  83  17  0  888
296  876  0  2  0  0  878
297  827  0  38  3  0  868
298  784  50  10  0  15  859
299  847  1  0  1  2  851
300  772  64  0  0  1  837
301  813  8  0  1  1  823
302  752  0  21  22  1  797
303  760  0  10  5  13  788
304  736  0  7  24  1  768
305  610  0  36  96  2  744
306  680  0  37  10  0  727
307  685  0  17  9  5  716
308  517  0  31  148  7  703
309  591  26  72  0  3  692
310  680  0  5  0  0  685
311  652  0  2  19  0  673
312  664  0  0  0  2  666
313  600  1  34  3  0  638
314  574  24  9  0  11  618
315  587  18  5  0  0  610
316  565  3  26  0  0  594
317  550  26  6  4  0  586
318  502  50  12  9  0  573
319  545  0  2  0  15  562
320  550  0  0  7  0  557
321  549  0  0  0  5  554
322  543  0  0  0  1  544
323  506  7  9  0  0  522
324  512  0  1  1  1  515
325  504  0  0  0  0  504
326  481  7  5  0  0  493
327  458  7  14  1  0  480
328  461  1  0  0  0  462
329  433  0  0  0  0  433
330  404  0  0  0  0  404
331  0  0  0  0  0  0
332  0  0  0  0  0  0
333  0  0  0  0  0  0
334  0  0  0  0  0  0
