Position	CountMatch	CountA	CountT	CountG	CountC	Depth
1  0  0  0  0  0  0
2  0  0  0  0  0  0
3  13  0  0  0  0  13
4  14  0  0  0  0  14
5  14  0  0  0  0  14
6  15  0  0  0  0  15
7  15  0  0  0  0  15
8  15  0  0  0  0  15
9  15  0  0  0  0  15
10  15  0  0  0  0  15
11  16  0  0  0  0  16
12  15  0  1  0  0  16
13  16  1  0  0  0  17
14  18  0  0  0  0  18
15  17  1  0  0  0  18
16  17  0  0  1  0  18
17  18  0  0  0  0  18
18  18  0  0  0  0  18
19  18  0  0  0  0  18
20  18  0  0  0  0  18
21  12  0  6  0  0  18
22  18  0  0  0  0  18
23  18  0  0  0  0  18
24  18  0  0  0  0  18
25  18  0  0  0  0  18
26  19  0  0  0  0  19
27  19  0  0  0  0  19
28  19  0  0  0  0  19
29  18  1  0  0  0  19
30  19  0  0  0  0  19
31  20  0  0  0  0  20
32  20  0  0  0  0  20
33  19  0  1  0  0  20
34  22  0  0  0  0  22
35  22  0  0  0  0  22
36  21  0  0  0  0  21
37  21  0  0  0  0  21
38  18  2  0  0  0  20
39  20  0  0  0  0  20
40  19  1  0  0  0  20
41  17  0  0  3  0  20
42  19  0  1  0  0  20
43  22  0  0  0  0  22
44  22  0  0  0  0  22
45  22  0  0  0  0  22
46  22  0  0  0  0  22
47  1  0  0  0  20  21
48  27  0  0  0  0  27
49  27  0  0  0  0  27
50  27  0  1  0  0  28
51  24  2  0  0  0  26
52  26  0  0  0  0  26
53  1  21  0  0  0  22
54  24  0  0  0  1  25
55  26  0  0  0  0  26
56  24  0  1  0  0  25
57  21  0  1  3  0  25
58  28  0  0  0  0  28
59  29  0  0  0  0  29
60  31  0  0  0  0  31
61  33  0  0  0  0  33
62  34  0  0  0  0  34
63  34  0  0  0  0  34
64  33  0  1  0  0  34
65  11  0  0  0  23  34
66  43  0  0  0  0  43
67  44  0  0  0  1  45
68  46  0  0  1  0  47
69  46  1  0  0  0  47
70  47  0  0  0  1  48
71  46  1  0  0  1  48
72  45  2  2  0  0  49
73  53  0  0  0  1  54
74  52  0  0  3  0  55
75  55  0  0  0  0  55
76  55  0  0  0  1  56
77  20  35  0  0  0  55
78  55  0  0  0  0  55
79  47  1  7  0  0  55
80  19  36  0  0  0  55
81  54  1  0  0  0  55
82  55  0  0  0  0  55
83  55  0  1  0  0  56
84  50  6  0  0  0  56
85  57  0  0  0  0  57
86  20  0  1  0  35  56
87  56  1  0  0  0  57
88  57  0  0  0  0  57
89  59  0  0  0  0  59
90  59  0  0  0  0  59
91  59  0  0  0  0  59
92  61  0  0  0  0  60
93  59  0  0  0  0  59
94  59  0  0  0  0  59
95  56  0  4  0  0  60
96  59  0  0  1  0  60
97  41  0  0  0  18  59
98  63  0  0  0  0  63
99  63  0  0  0  0  63
100  63  0  0  1  0  64
101  70  0  0  0  0  70
102  72  0  0  0  0  72
103  72  0  0  0  0  72
104  69  0  4  0  0  73
105  56  18  0  0  0  74
106  74  0  0  0  0  74
107  74  0  0  0  0  74
108  76  1  0  0  0  77
109  78  0  0  0  0  78
110  75  0  4  0  0  79
111  77  0  1  0  0  78
112  81  0  0  0  0  81
113  83  0  0  0  0  83
114  83  1  0  0  0  84
115  82  3  0  0  0  85
116  84  0  0  0  2  86
117  89  0  0  0  0  89
118  91  0  0  2  0  93
119  94  0  1  0  0  95
120  88  0  9  0  0  97
121  101  1  1  0  0  103
122  103  0  3  0  0  106
123  106  0  0  2  0  108
124  110  0  1  0  0  111
125  76  37  0  0  0  113
126  112  0  0  0  0  112
127  115  0  0  0  0  115
128  118  0  0  0  0  118
129  116  0  1  1  0  118
130  111  6  0  1  0  118
131  81  0  35  0  0  116
132  64  49  0  0  0  113
133  123  0  0  0  0  123
134  127  0  1  0  0  128
135  132  0  0  0  0  132
136  132  1  0  2  0  135
137  137  0  0  0  0  137
138  143  1  0  0  0  144
139  143  0  0  2  0  145
140  144  0  4  0  0  148
141  149  0  0  0  1  150
142  150  0  0  0  0  150
143  148  5  0  0  0  153
144  156  0  0  0  0  156
145  156  0  0  1  0  157
146  135  0  0  0  19  154
147  125  0  6  6  16  153
148  152  0  0  0  0  152
149  152  12  0  0  0  164
150  164  1  0  0  0  165
151  169  0  0  0  0  169
152  172  0  0  0  0  172
153  177  0  0  0  0  177
154  167  0  0  9  0  176
155  164  0  0  0  7  171
156  172  2  1  0  1  176
157  174  0  0  1  1  176
158  175  0  0  0  0  175
159  179  0  1  0  0  180
160  179  0  0  0  0  179
161  178  0  0  0  0  178
162  175  0  0  0  0  175
163  175  0  0  0  0  175
164  178  0  0  0  0  178
165  177  2  0  0  0  179
166  178  0  0  0  0  178
167  177  1  0  0  0  178
168  177  1  2  0  0  180
169  179  0  0  1  0  180
170  178  2  0  0  1  181
171  181  0  0  1  0  182
172  179  0  0  2  0  181
173  150  26  2  0  1  179
174  135  44  0  0  0  179
175  179  0  0  0  1  180
176  180  0  0  0  0  180
177  179  0  0  0  0  179
178  181  0  0  1  0  182
179  184  0  1  0  0  185
180  181  2  2  0  0  185
181  186  0  0  0  0  186
182  161  27  0  0  0  188
183  175  13  0  0  0  188
184  189  0  0  0  0  189
185  167  4  18  0  0  189
186  188  0  0  1  0  189
187  186  0  1  0  1  188
188  186  1  0  1  0  188
189  189  0  0  0  0  189
190  189  0  0  0  0  189
191  180  0  0  0  9  189
192  2  0  0  180  1  183
193  1  0  7  0  175  183
194  195  0  0  0  0  195
195  192  5  0  0  0  197
196  200  0  0  0  0  200
197  202  0  2  0  0  204
198  205  0  1  0  0  206
199  206  0  0  0  0  206
200  208  0  0  1  0  209
201  209  0  0  0  1  210
202  208  0  0  0  1  209
203  210  1  0  1  0  212
204  214  1  0  0  0  215
205  213  0  1  0  0  214
206  216  0  0  0  0  216
207  197  0  17  0  0  214
208  214  0  0  0  0  214
209  202  0  0  0  11  213
210  215  0  0  0  0  215
211  215  1  0  0  0  216
212  217  0  0  0  0  217
213  210  7  0  1  0  218
214  220  0  3  0  0  223
215  227  0  0  0  0  227
216  224  0  0  0  2  226
217  225  0  0  0  0  225
218  222  0  0  0  0  222
219  220  0  0  0  0  220
220  217  0  0  0  0  217
221  209  0  7  0  0  216
222  219  0  0  0  0  219
223  213  0  3  0  0  216
224  217  0  0  0  0  217
225  214  0  0  0  0  214
226  212  0  0  0  1  213
227  204  0  7  0  0  211
228  203  0  0  0  5  208
229  160  47  0  0  1  208
230  202  0  5  0  0  207
231  206  0  0  0  0  206
232  202  0  0  0  0  202
233  199  0  0  0  0  199
234  193  0  1  0  0  194
235  192  0  0  0  0  192
236  129  0  0  56  0  185
237  187  0  0  0  0  187
238  186  0  0  0  0  186
239  187  0  0  0  0  187
240  187  0  0  0  0  187
241  185  0  0  0  0  185
242  185  0  0  0  0  185
243  174  6  0  0  0  180
244  178  0  0  0  0  178
245  178  0  0  0  0  178
246  170  0  0  0  3  173
247  163  0  1  9  0  173
248  158  0  0  1  10  169
249  25  120  0  0  1  146
250  147  0  0  0  0  147
251  147  0  0  0  0  147
252  19  0  0  128  0  147
253  151  0  0  0  0  151
254  151  0  0  0  0  151
255  143  0  8  0  0  151
256  150  0  1  0  0  151
257  151  0  0  0  0  151
258  150  0  1  0  1  152
259  150  0  0  0  0  150
260  148  1  0  0  0  149
261  138  8  0  0  0  146
262  141  2  0  1  0  144
263  143  0  0  0  0  143
264  135  0  0  7  0  142
265  141  0  0  0  0  141
266  141  0  0  0  0  141
267  139  0  0  0  0  139
268  136  0  0  0  0  136
269  93  41  0  0  0  134
270  123  7  4  0  0  134
271  133  0  0  0  0  133
272  4  10  0  117  0  131
273  132  3  0  0  0  135
274  127  2  7  0  0  136
275  119  0  0  20  0  139
276  139  0  0  1  0  140
277  132  0  9  0  0  141
278  132  8  0  0  0  140
279  141  0  0  0  0  141
280  138  0  1  0  0  139
281  131  8  0  0  0  139
282  139  0  0  0  0  139
283  96  41  0  0  0  137
284  137  0  0  0  0  137
285  135  1  0  0  0  136
286  123  0  8  0  0  131
287  119  7  3  0  0  129
288  126  0  3  0  0  129
289  120  0  8  0  0  128
290  126  0  0  0  0  126
291  123  0  0  0  0  123
292  121  0  0  0  0  121
293  120  0  0  0  0  120
294  104  0  15  0  0  119
295  116  0  0  1  0  117
296  106  0  7  0  0  113
297  113  0  0  0  0  113
298  112  0  0  0  0  112
299  103  0  1  1  1  106
300  85  9  5  0  0  99
301  98  0  0  0  0  98
302  98  0  0  0  0  98
303  93  0  0  0  0  93
304  92  0  0  0  0  92
305  93  0  0  0  0  93
306  89  0  0  2  0  91
307  79  0  0  3  3  85
308  86  0  0  0  0  86
309  84  1  0  0  0  85
310  83  0  0  0  0  83
311  82  0  0  0  0  82
312  73  2  0  0  0  75
313  66  0  0  0  0  66
314  65  0  0  0  0  65
315  66  0  0  0  0  66
316  65  0  0  0  0  65
317  65  0  0  0  0  65
318  64  0  0  0  0  64
319  52  0  0  6  1  59
320  59  0  0  0  0  59
321  57  0  0  0  0  57
322  49  0  0  4  1  54
323  53  1  0  0  0  54
324  36  18  0  0  0  54
325  55  2  0  0  0  57
326  44  11  0  0  0  55
327  53  0  0  2  0  55
328  4  0  0  44  5  53
329  61  0  0  0  0  61
330  62  0  0  0  0  62
331  59  3  0  0  0  62
332  52  0  0  11  0  63
333  64  0  0  0  0  64
334  65  0  0  0  0  65
335  63  1  0  0  0  64
336  60  0  0  1  0  61
337  59  0  0  1  0  60
338  61  0  0  0  0  61
339  38  0  18  2  0  58
340  54  0  4  0  0  58
341  54  0  0  2  1  57
342  52  0  2  3  0  57
343  0  0  0  0  54  54
344  15  0  0  39  0  54
345  56  3  0  0  0  59
346  58  0  0  2  0  60
347  61  0  0  0  0  61
348  57  4  0  0  0  61
349  61  0  0  0  0  61
350  19  42  0  0  0  61
351  61  0  0  0  0  61
352  61  1  0  0  0  62
353  62  0  0  0  0  62
354  62  0  0  0  0  62
355  62  0  0  0  0  62
356  62  0  0  0  0  62
357  62  0  0  0  0  62
358  62  0  0  0  0  62
359  63  0  0  0  0  63
360  62  0  0  0  0  62
361  63  0  0  0  0  63
362  63  0  0  0  0  63
363  61  0  0  0  0  61
364  0  0  8  0  46  54
365  53  2  0  0  0  55
366  56  0  0  0  0  56
367  56  0  0  0  0  56
368  56  0  0  0  0  56
369  56  0  0  0  0  56
370  56  0  0  0  0  56
371  52  0  3  0  0  55
372  56  0  0  0  1  57
373  57  0  1  0  0  58
374  57  0  1  0  0  58
375  55  0  0  0  0  55
376  52  0  0  2  0  54
377  54  0  0  0  0  54
378  51  3  0  0  0  54
379  54  0  0  0  0  54
380  53  1  0  0  0  54
381  54  0  0  0  0  54
382  52  1  0  0  0  53
383  52  1  0  0  0  53
384  53  0  0  0  1  54
385  53  1  0  0  0  54
386  43  0  0  11  0  54
387  55  0  0  0  0  55
388  52  0  0  1  0  53
389  52  1  0  0  0  53
390  38  0  14  0  1  53
391  52  0  0  1  0  53
392  46  6  2  0  0  54
393  44  10  0  0  0  54
394  55  0  0  0  0  55
395  51  0  2  0  0  54
396  54  0  0  0  0  54
397  53  0  1  0  0  54
398  51  0  1  0  1  53
399  51  0  1  0  0  52
400  52  0  0  0  0  52
401  50  2  0  0  0  52
402  42  0  8  1  0  51
403  44  4  1  0  1  50
404  47  2  0  0  0  49
405  47  0  0  1  1  49
406  48  0  1  0  0  49
407  6  0  43  0  0  49
408  48  0  0  2  0  50
409  51  0  0  0  0  51
410  51  0  0  0  0  51
411  50  0  0  1  0  51
412  51  0  0  0  0  51
413  52  0  0  0  0  52
414  53  0  0  0  0  53
415  52  0  0  0  0  52
416  51  0  0  0  0  52
417  45  0  7  0  0  52
418  52  0  0  0  0  52
419  47  1  2  0  0  50
420  47  0  0  0  0  47
421  47  0  0  0  0  47
422  47  0  0  0  0  47
423  45  0  0  0  0  45
424  45  0  0  0  0  45
425  44  0  0  0  0  44
426  29  0  0  13  0  42
427  40  0  0  0  0  40
428  40  0  0  0  0  40
429  36  2  0  0  0  38
430  36  0  1  0  0  37
431  37  0  0  0  0  37
432  38  1  0  0  0  39
433  36  0  1  0  0  37
434  36  0  0  0  0  36
435  2  11  0  18  0  31
436  33  0  0  0  0  33
437  35  0  0  0  0  35
438  37  0  0  0  0  37
439  38  0  0  0  0  38
440  41  0  0  0  0  41
441  40  0  0  0  0  40
442  39  0  0  1  0  40
443  41  0  0  0  0  41
444  41  0  0  1  0  42
445  28  0  0  13  0  41
446  41  0  0  0  1  42
447  42  0  0  0  0  42
448  41  0  0  0  0  41
449  36  4  0  0  0  40
450  41  0  0  0  0  41
451  41  0  0  0  0  41
452  41  1  0  0  0  42
453  42  3  0  0  0  45
454  43  0  0  0  0  43
455  42  3  0  0  0  45
456  41  6  0  0  0  47
457  46  0  0  0  0  46
458  43  0  3  0  0  46
459  45  0  0  0  0  45
460  45  0  0  0  0  45
461  42  0  1  0  3  46
462  47  0  0  0  0  47
463  45  0  0  0  0  45
464  45  0  0  0  0  45
465  46  0  0  0  0  46
466  44  0  2  0  0  46
467  42  3  1  0  0  46
468  47  0  0  1  0  48
469  46  0  0  1  2  49
470  49  0  0  0  0  49
471  49  0  0  0  0  49
472  48  0  0  0  0  48
473  44  0  4  0  0  48
474  46  0  2  0  0  48
475  45  0  2  0  0  47
476  50  0  0  0  0  50
477  32  18  0  0  0  50
478  47  0  2  0  0  49
479  50  0  0  0  0  50
480  50  0  0  0  0  50
481  50  0  0  0  0  50
482  50  0  0  0  0  50
483  41  0  9  0  0  50
484  29  3  18  0  0  50
485  49  1  0  0  0  50
486  49  0  0  0  0  49
487  48  0  0  1  0  49
488  50  0  0  0  0  50
489  50  0  0  0  0  50
490  50  0  0  0  0  50
491  50  0  0  0  0  50
492  47  2  0  0  0  49
493  49  0  0  0  0  49
494  1  0  0  48  0  49
495  51  0  0  0  0  51
496  51  0  1  0  0  52
497  53  0  0  0  0  53
498  53  0  0  0  0  53
499  50  3  0  0  0  53
500  53  0  0  0  0  53
501  52  0  1  0  0  53
502  49  0  0  0  4  53
503  54  0  0  0  0  54
504  51  0  3  0  0  54
505  30  22  0  1  0  53
506  53  0  0  0  0  53
507  0  0  0  53  0  53
508  53  1  0  0  0  54
509  54  0  0  0  0  54
510  55  0  0  0  0  55
511  55  0  0  0  0  55
512  54  0  0  0  0  54
513  54  0  0  0  0  54
514  37  0  18  0  0  55
515  55  0  0  0  0  55
516  50  0  5  0  0  55
517  0  0  53  2  0  55
518  58  2  0  0  0  60
519  60  0  0  0  0  60
520  60  0  0  0  0  60
521  61  0  0  0  0  61
522  58  0  0  2  0  60
523  60  0  0  0  0  60
524  44  16  0  0  0  60
525  60  0  0  0  0  60
526  60  0  0  0  0  60
527  59  0  2  0  0  61
528  63  0  0  0  0  63
529  63  0  0  0  0  63
530  63  0  0  0  0  63
531  64  0  0  0  0  64
532  67  0  0  0  0  67
533  66  0  0  0  0  66
534  65  0  0  0  0  65
535  51  9  0  0  0  60
536  57  3  0  0  0  60
537  58  0  0  0  0  58
538  0  0  55  2  0  57
539  56  3  0  0  0  59
540  63  0  0  0  0  63
541  63  0  0  0  0  63
542  62  0  0  0  0  62
543  36  0  23  0  0  59
544  63  0  1  0  0  64
545  62  0  0  0  0  62
546  58  0  1  0  4  63
547  60  1  0  1  0  62
548  62  0  0  0  0  62
549  57  5  0  0  0  62
550  62  0  0  0  0  62
551  62  0  1  0  0  63
552  58  7  0  0  0  65
553  62  0  0  0  0  62
554  63  0  0  0  0  63
555  63  0  0  0  0  63
556  63  0  0  0  0  63
557  64  0  0  0  0  64
558  65  0  0  0  0  65
559  65  0  0  0  0  65
560  61  0  4  0  0  65
561  64  0  0  0  0  64
562  61  0  0  1  0  62
563  58  0  3  0  0  61
564  62  0  0  0  0  62
565  61  0  0  0  0  61
566  59  0  6  1  0  66
567  65  0  0  0  0  65
568  69  0  0  0  0  69
569  63  0  0  0  6  69
570  71  0  0  0  0  71
571  70  0  0  0  0  70
572  69  3  0  0  0  72
573  72  0  0  0  1  73
574  73  0  0  1  0  74
575  75  0  0  0  0  75
576  75  0  0  0  0  75
577  79  0  0  0  0  79
578  74  0  0  5  0  79
579  79  0  0  0  0  80
580  80  0  1  0  0  81
581  80  2  0  0  0  82
582  82  0  2  0  0  84
583  75  0  12  0  0  87
584  94  0  0  0  0  94
585  95  0  0  0  0  95
586  97  0  0  0  0  97
587  101  0  0  0  0  101
588  103  0  0  0  0  103
589  106  0  0  0  0  106
590  100  4  0  0  0  104
591  98  0  3  0  1  102
592  8  0  0  0  92  100
593  110  1  0  0  0  111
594  109  0  2  0  0  111
595  115  0  0  0  0  115
596  114  0  0  0  1  115
597  116  0  0  0  0  116
598  117  1  0  0  0  118
599  119  0  0  0  0  119
600  114  4  0  0  0  118
601  117  0  0  0  1  118
602  13  0  0  0  104  117
603  124  1  0  0  0  125
604  126  0  0  0  0  126
605  118  10  0  0  0  128
606  130  0  1  0  0  131
607  129  3  0  0  0  132
608  132  0  3  0  0  135
609  138  3  0  0  1  142
610  143  0  0  0  0  143
611  150  0  0  1  0  151
612  153  3  0  0  0  156
613  161  0  0  0  0  161
614  163  0  0  0  0  163
615  162  0  0  0  0  162
616  167  1  0  0  0  168
617  170  0  0  0  0  170
618  174  0  0  0  0  174
619  175  0  3  0  0  178
620  174  0  0  4  0  178
621  172  7  0  0  0  179
622  180  0  0  0  0  180
623  177  0  0  4  1  182
624  183  1  0  0  0  184
625  184  0  0  0  0  184
626  184  0  0  0  0  184
627  182  0  0  0  0  182
628  184  0  0  0  0  184
629  180  0  0  1  1  182
630  184  0  0  0  0  184
631  182  4  0  1  0  187
632  189  0  0  1  0  190
633  260  0  0  0  0  260
634  256  4  0  0  0  260
635  261  0  0  0  1  262
636  256  0  0  4  0  260
637  258  0  2  1  1  262
638  262  0  1  0  0  263
639  264  1  0  0  0  265
640  231  0  1  0  27  259
641  246  0  0  16  0  262
642  261  1  3  0  0  265
643  267  0  0  0  0  267
644  250  2  20  0  0  272
645  273  0  0  0  0  273
646  270  1  1  0  0  272
647  163  0  106  1  0  270
648  281  0  0  0  0  281
649  283  0  0  0  2  285
650  287  0  0  0  0  287
651  287  0  2  0  1  290
652  262  0  29  1  0  292
653  293  0  0  0  0  293
654  283  0  0  9  0  292
655  290  0  0  0  2  292
656  292  0  0  0  0  292
657  291  1  0  0  0  292
658  1  16  0  1  273  291
659  283  0  0  2  9  294
660  292  4  0  0  0  296
661  294  0  2  1  0  297
662  299  0  0  0  0  299
663  299  0  3  1  0  303
664  295  7  0  0  1  303
665  282  0  19  0  0  301
666  269  27  0  0  0  296
667  276  0  0  2  14  292
668  291  0  1  0  0  292
669  293  1  0  0  0  294
670  227  3  56  0  0  286
671  272  4  10  0  0  286
672  241  0  0  1  42  284
673  287  0  0  0  0  287
674  282  0  0  0  6  288
675  285  0  0  0  0  285
676  285  0  0  0  1  286
677  287  0  0  0  0  287
678  250  13  21  0  0  284
679  255  0  24  0  0  279
680  275  4  1  0  0  280
681  276  4  0  0  0  280
682  278  1  1  0  0  280
683  270  0  0  0  1  271
684  256  4  9  0  1  270
685  269  0  1  0  0  270
686  262  0  3  0  0  265
687  263  2  0  0  0  265
688  233  0  2  30  0  265
689  211  26  7  0  0  244
690  210  3  0  30  0  243
691  207  30  0  0  1  238
692  209  0  0  1  26  236
693  234  0  0  0  0  234
694  222  0  11  0  0  233
695  221  0  6  0  0  227
696  223  0  0  0  1  224
697  223  0  0  0  0  223
698  225  0  0  0  0  225
699  222  0  0  0  0  222
700  218  1  0  0  0  219
701  207  0  2  0  0  209
702  196  0  6  1  2  205
703  178  24  2  0  0  204
704  204  0  0  0  0  204
705  199  3  0  0  2  204
706  182  0  0  22  0  204
707  181  0  23  0  0  204
708  194  0  6  0  0  200
709  197  1  0  0  1  199
710  198  0  0  0  0  198
711  196  0  0  1  0  197
712  190  0  5  0  0  195
713  186  0  0  0  1  187
714  184  0  0  0  2  186
715  174  0  0  6  0  180
716  152  0  5  0  18  175
717  145  6  15  0  0  166
718  155  7  2  0  0  164
719  160  1  2  0  0  163
720  152  1  10  0  0  163
721  162  0  0  0  0  162
722  159  0  0  0  0  159
723  148  11  0  0  0  159
724  159  0  0  0  0  159
725  154  0  0  0  0  154
726  151  1  1  0  0  153
727  133  21  0  0  0  154
728  150  0  0  0  0  150
729  118  0  0  7  20  145
730  145  0  0  0  0  145
731  141  0  0  0  0  141
732  142  0  0  0  0  142
733  132  12  0  0  0  144
734  126  0  18  0  0  144
735  143  0  0  0  0  143
736  139  4  0  0  0  143
737  138  0  0  0  0  138
738  129  4  2  0  4  139
739  139  0  0  0  0  139
740  132  0  0  0  0  132
741  124  1  0  0  0  125
742  96  0  0  0  24  120
743  117  0  3  0  0  120
744  105  14  4  0  0  123
745  117  0  0  0  0  117
746  112  0  0  0  0  112
747  112  0  0  0  0  112
748  95  15  1  0  0  111
749  106  0  0  0  0  106
750  105  0  0  0  0  105
751  106  0  0  0  0  106
752  100  5  0  0  0  105
753  104  0  0  0  0  104
754  96  5  2  0  0  103
755  100  0  2  0  0  102
756  100  0  0  0  0  100
757  96  0  1  0  0  97
758  75  0  12  4  0  91
759  76  0  12  3  0  91
760  71  0  0  17  0  88
761  19  64  0  0  0  83
762  84  0  0  0  0  84
763  82  1  0  0  1  84
764  83  1  0  0  0  84
765  79  5  0  0  0  84
766  65  2  0  18  0  85
767  93  0  0  0  0  93
768  92  0  0  0  0  92
769  86  4  1  0  0  91
770  60  2  0  0  26  88
771  94  2  0  0  0  96
772  96  1  0  0  0  97
773  95  1  0  1  0  97
774  95  0  0  0  1  96
775  79  16  0  0  0  95
776  94  0  2  0  0  96
777  93  0  0  0  0  93
778  74  3  15  0  0  92
779  91  0  0  0  0  91
780  42  25  22  0  0  89
781  89  3  0  0  0  92
782  90  0  0  1  0  91
783  91  0  0  0  0  91
784  74  0  8  3  0  85
785  83  0  1  0  0  84
786  82  0  0  0  0  82
787  68  12  0  0  0  80
788  73  4  0  0  2  79
789  74  0  5  0  0  79
790  57  0  5  0  16  78
791  81  3  1  0  1  86
792  87  0  0  0  0  87
793  87  0  0  0  0  87
794  44  35  0  2  0  81
795  81  0  0  0  0  81
796  76  0  0  0  5  81
797  79  2  0  0  0  81
798  80  0  0  0  0  80
799  31  0  4  0  39  74
800  73  2  0  0  0  75
801  74  0  0  0  1  75
802  77  0  0  0  0  77
803  60  0  5  6  0  71
804  71  0  0  0  0  71
805  66  0  4  0  0  70
806  67  1  0  0  0  68
807  64  0  0  0  0  64
808  34  0  0  0  0  34
809  25  0  0  9  0  34
810  35  0  0  0  0  35
811  35  0  0  0  0  35
812  25  6  5  0  0  36
813  27  9  0  0  0  36
814  3  31  1  0  0  35
815  33  2  0  0  0  35
816  21  0  0  14  0  35
817  39  0  1  0  0  40
818  33  0  8  0  0  41
819  42  0  2  0  0  44
820  41  3  0  0  0  44
821  36  8  0  0  0  44
822  45  0  1  0  0  46
823  46  0  0  0  0  46
824  46  0  0  0  0  46
825  23  0  23  0  0  46
826  51  0  0  0  0  51
827  36  15  0  0  0  51
828  49  0  2  0  0  51
829  24  26  1  0  0  51
830  69  0  0  0  0  69
831  60  1  8  0  0  69
832  73  0  0  0  0  73
833  73  0  0  0  0  73
834  66  7  0  0  0  73
835  75  0  0  0  0  75
836  71  2  2  0  0  75
837  65  11  0  0  0  76
838  73  0  1  0  0  74
839  74  0  0  0  0  74
840  14  51  7  0  0  72
841  76  0  1  0  0  77
842  74  0  4  0  0  78
843  76  0  1  0  0  77
844  76  0  0  0  0  76
845  75  0  0  0  0  75
846  68  0  0  0  0  68
847  68  0  0  0  0  68
848  28  0  40  0  0  68
849  67  0  0  0  0  67
850  67  0  0  0  0  67
851  25  40  2  0  0  67
852  68  0  0  0  0  68
853  68  0  0  0  0  68
854  68  0  0  0  0  68
855  68  0  0  0  0  68
856  68  0  0  0  0  68
857  67  1  0  0  0  68
858  67  1  0  0  0  68
859  52  13  0  0  0  65
860  59  6  0  0  0  65
861  61  0  0  0  0  61
862  50  0  0  11  0  61
863  77  0  0  0  0  77
864  76  2  0  0  0  78
865  86  0  0  1  0  87
866  90  0  0  0  0  90
867  91  0  0  0  0  91
868  94  0  0  0  0  94
869  94  0  0  0  0  94
870  87  7  0  0  0  94
871  93  0  3  0  0  96
872  99  0  0  0  0  99
873  99  0  0  1  0  100
874  100  0  0  0  0  100
875  98  0  0  0  1  99
876  100  0  0  0  0  100
877  100  0  0  0  0  100
878  99  1  1  0  0  101
879  101  1  0  0  0  102
880  101  0  0  1  0  102
881  104  0  0  0  0  104
882  78  24  2  1  0  105
883  105  0  0  0  0  105
884  92  0  19  0  0  111
885  105  0  0  7  0  112
886  111  0  0  0  1  112
887  115  0  2  0  1  118
888  104  0  13  0  2  119
889  120  0  0  0  0  120
890  121  0  0  0  0  121
891  120  1  0  0  0  121
892  115  0  0  5  0  120
893  120  0  0  0  0  120
894  124  0  0  0  0  124
895  121  0  5  0  0  126
896  128  0  0  0  0  128
897  130  0  0  0  0  130
898  130  0  0  0  0  130
899  132  0  0  0  0  132
900  134  0  0  0  0  134
901  129  0  3  0  0  132
902  115  17  0  0  0  132
903  132  0  0  1  0  133
904  133  0  0  0  0  133
905  134  0  1  0  0  135
906  136  0  0  0  0  136
907  136  0  0  0  0  136
908  138  0  0  0  0  138
909  137  0  0  0  0  137
910  134  0  0  4  0  138
911  132  0  8  0  0  140
912  141  0  0  0  1  142
913  142  0  0  0  0  142
914  141  0  0  0  0  141
915  135  7  0  0  0  142
916  120  0  20  0  0  140
917  137  3  0  0  0  140
918  135  3  1  0  1  140
919  140  0  0  0  0  140
920  1  0  0  0  130  131
921  131  0  0  1  2  134
922  136  0  0  0  0  136
923  134  3  0  0  0  137
924  136  0  0  0  0  136
925  111  22  0  0  0  133
926  110  22  0  0  0  132
927  133  0  0  0  0  133
928  133  1  0  0  0  134
929  134  0  0  0  2  136
930  135  1  0  0  0  136
931  125  15  0  0  0  140
932  139  2  0  0  0  141
933  138  0  3  0  0  141
934  145  1  0  0  0  146
935  140  5  0  0  1  146
936  154  0  0  0  0  154
937  156  0  0  0  1  157
938  141  17  0  0  0  158
939  160  0  1  0  0  161
940  146  16  1  0  1  164
941  152  12  3  0  0  167
942  167  0  0  0  0  167
943  166  0  0  0  0  166
944  169  4  0  0  0  173
945  173  1  3  0  0  177
946  181  0  0  0  0  181
947  188  0  0  0  0  188
948  186  0  0  4  0  190
949  195  0  0  0  0  195
950  187  0  0  0  0  187
951  190  0  0  0  0  190
952  189  1  0  0  0  190
953  187  0  0  2  0  189
954  15  0  0  175  0  190
955  187  2  0  0  11  200
956  200  0  0  0  0  200
957  196  4  1  0  0  201
958  35  0  0  0  165  200
959  219  0  0  0  0  219
960  220  0  0  0  0  220
961  221  0  0  0  1  222
962  223  0  0  0  0  223
963  232  0  0  1  0  233
964  228  0  0  0  6  234
965  236  0  0  0  0  236
966  240  0  0  0  0  240
967  244  0  1  0  1  246
968  242  4  0  0  0  246
969  245  0  0  0  1  246
970  248  0  0  0  0  248
971  246  0  0  1  0  247
972  251  0  0  1  0  252
973  251  0  0  5  0  256
974  227  0  28  0  0  255
975  244  9  0  1  0  254
976  227  0  4  0  27  258
977  220  28  0  11  0  259
978  229  0  0  0  31  260
979  266  0  0  0  0  266
980  271  0  0  3  0  274
981  274  0  0  0  0  274
982  275  0  0  0  0  275
983  275  0  0  0  2  277
984  275  1  0  1  0  277
985  279  0  1  0  0  280
986  278  1  1  0  0  280
987  275  1  0  0  4  280
988  275  0  6  0  0  281
989  282  0  0  0  0  282
990  282  0  0  0  0  282
991  286  0  0  0  0  286
992  285  0  0  1  1  287
993  274  0  0  0  12  286
994  281  0  1  0  0  282
995  283  0  0  0  0  283
996  282  0  0  0  0  282
997  279  5  0  0  0  284
998  287  0  0  0  0  287
999  289  0  1  0  0  290
1000  282  0  0  0  8  290
1001  275  18  0  0  0  293
1002  229  0  63  0  3  295
1003  302  1  0  0  1  304
1004  303  0  0  0  0  303
1005  294  2  2  0  7  305
1006  305  0  0  0  0  305
1007  308  0  0  1  0  309
1008  310  0  0  0  1  311
1009  314  0  0  0  0  314
1010  310  1  0  5  1  317
1011  321  0  0  0  0  321
1012  316  1  0  1  0  318
1013  292  0  26  0  0  318
1014  319  0  0  0  1  320
1015  303  1  0  1  0  305
1016  306  0  0  2  0  308
1017  307  0  0  0  0  307
1018  311  0  0  0  0  311
1019  304  5  0  3  0  312
1020  311  0  0  0  0  311
1021  132  177  1  1  0  311
1022  311  0  1  0  0  312
1023  310  3  0  0  0  313
1024  300  14  0  0  0  314
1025  305  0  10  0  0  315
1026  312  0  1  0  0  313
1027  311  0  0  0  0  311
1028  309  0  0  0  0  309
1029  306  1  0  0  0  307
1030  249  53  0  0  0  302
1031  264  6  0  1  29  300
1032  245  0  1  0  53  299
1033  291  0  8  0  0  299
1034  303  0  0  7  0  310
1035  307  1  0  0  0  308
1036  303  0  0  1  0  304
1037  262  0  39  0  0  301
1038  291  0  12  0  0  303
1039  297  0  0  0  0  297
1040  292  0  0  0  0  292
1041  285  0  0  2  0  287
1042  282  1  0  0  0  283
1043  266  2  0  0  11  279
1044  265  11  0  1  0  277
1045  284  0  0  0  0  284
1046  276  0  0  0  0  276
1047  272  1  0  0  0  273
1048  272  0  0  1  0  273
1049  270  1  0  0  0  271
1050  270  0  0  0  0  270
1051  268  0  0  0  0  268
1052  266  0  0  0  0  266
1053  254  0  0  6  0  260
1054  254  0  0  0  1  255
1055  193  0  58  0  0  251
1056  131  11  81  0  0  223
1057  143  0  81  0  0  224
1058  216  11  0  0  0  227
1059  223  2  0  2  0  227
1060  225  0  1  0  0  226
1061  225  0  0  0  4  229
1062  231  0  0  0  0  231
1063  226  0  0  0  0  226
1064  219  0  0  2  0  221
1065  206  6  2  0  1  215
1066  212  0  0  0  1  213
1067  180  15  14  0  0  209
1068  171  11  0  1  28  211
1069  164  0  0  0  47  211
1070  209  0  0  0  0  209
1071  184  20  2  0  0  206
1072  119  2  59  25  0  205
1073  206  0  0  0  1  207
1074  207  0  0  0  0  207
1075  204  0  2  0  0  206
1076  145  77  0  1  0  223
1077  222  0  1  0  0  223
1078  219  0  0  2  1  222
1079  228  0  0  0  0  228
1080  222  0  0  0  0  222
1081  190  29  0  0  0  219
1082  211  8  0  0  0  219
1083  201  8  5  2  0  216
1084  214  0  0  0  0  214
1085  213  0  0  1  0  214
1086  212  0  0  0  0  212
1087  211  0  0  0  0  211
1088  203  0  7  0  0  210
1089  208  0  0  0  0  208
1090  200  0  1  0  1  202
1091  201  0  0  0  0  201
1092  199  0  0  0  0  199
1093  187  4  4  0  0  195
1094  190  0  4  0  0  194
1095  187  0  0  4  0  191
1096  176  0  4  0  0  180
1097  165  7  2  0  0  174
1098  175  0  0  0  0  175
1099  144  0  26  0  0  170
1100  171  1  0  0  1  173
1101  165  7  0  0  0  172
1102  167  1  0  0  0  168
1103  155  0  1  7  0  163
1104  178  0  0  5  0  183
1105  186  0  0  0  0  186
1106  185  1  0  0  0  186
1107  182  0  2  0  0  184
1108  178  0  1  6  0  185
1109  183  0  0  0  0  183
1110  187  0  0  1  0  188
1111  185  0  0  0  1  186
1112  178  0  7  1  0  186
1113  186  1  0  0  0  187
1114  188  0  0  0  0  188
1115  174  0  0  0  9  183
1116  188  0  0  0  0  188
1117  188  1  0  0  0  189
1118  188  0  0  0  0  188
1119  149  0  0  0  28  177
1120  177  0  0  0  0  177
1121  137  34  4  0  0  175
1122  19  0  0  0  152  171
1123  181  10  0  0  0  191
1124  199  0  0  0  0  199
1125  201  1  0  0  0  202
1126  204  0  0  0  1  205
1127  202  4  0  0  0  206
1128  207  1  3  0  0  211
1129  214  1  0  0  0  215
1130  214  0  0  0  1  215
1131  208  0  1  0  6  215
1132  174  0  0  0  40  214
1133  218  0  4  1  0  223
1134  223  0  0  1  0  224
1135  226  1  0  0  0  227
1136  230  0  0  0  0  230
1137  211  0  12  3  2  228
1138  227  0  0  1  0  228
1139  216  0  11  0  0  227
1140  195  35  0  0  0  230
1141  236  1  0  1  0  238
1142  241  0  0  0  0  241
1143  236  0  7  0  1  244
1144  243  1  0  0  0  244
1145  203  6  33  0  0  242
1146  245  0  0  1  0  246
1147  219  0  1  28  0  248
1148  252  0  0  0  0  252
1149  251  0  2  0  0  253
1150  251  0  1  0  0  252
1151  229  23  0  0  0  252
1152  258  0  0  0  1  259
1153  261  0  0  0  0  261
1154  264  0  0  0  1  265
1155  266  0  0  0  0  266
1156  267  0  0  0  1  268
1157  267  2  0  0  0  269
1158  268  1  0  0  0  269
1159  251  1  19  0  0  271
1160  273  1  0  0  0  274
1161  266  7  0  0  0  273
1162  276  0  1  0  0  277
1163  275  0  0  3  0  278
1164  269  0  11  0  0  280
1165  258  24  1  0  0  283
1166  272  11  0  0  0  283
1167  274  0  2  1  0  277
1168  274  4  0  0  0  278
1169  267  2  0  3  6  278
1170  209  0  0  0  72  281
1171  281  0  0  0  0  281
1172  283  0  0  0  0  283
1173  276  1  4  0  1  282
1174  282  0  0  1  0  283
1175  271  10  0  1  0  282
1176  250  6  24  0  0  280
1177  187  91  0  0  0  278
1178  257  0  1  21  0  279
1179  272  0  7  0  0  279
1180  279  0  0  0  0  279
1181  165  0  0  1  112  278
1182  254  26  0  0  1  281
1183  281  0  4  0  0  285
1184  282  0  4  0  0  286
1185  286  0  0  1  0  287
1186  283  0  0  4  0  287
1187  284  1  3  0  0  288
1188  224  2  0  62  0  288
1189  284  0  5  0  0  289
1190  217  2  70  0  0  289
1191  273  17  0  0  0  290
1192  286  0  0  5  0  291
1193  289  0  0  0  3  292
1194  292  0  0  0  0  292
1195  276  16  0  0  0  292
1196  284  0  0  0  8  292
1197  277  0  1  9  0  287
1198  197  1  0  87  0  285
1199  280  0  0  4  0  284
1200  261  19  6  0  0  286
1201  265  12  0  0  6  283
1202  276  1  0  4  0  281
1203  276  0  3  0  0  279
1204  272  0  0  0  7  279
1205  270  0  7  0  0  277
1206  267  0  0  1  1  269
1207  253  8  4  0  3  268
1208  267  0  0  0  0  267
1209  266  0  0  0  0  266
1210  238  27  2  1  0  268
1211  262  0  1  0  0  263
1212  262  0  0  0  0  262
1213  262  0  0  0  0  262
1214  257  1  0  0  0  258
1215  242  14  0  0  0  256
1216  253  0  1  0  0  254
1217  249  0  0  0  1  250
1218  249  0  0  0  0  249
1219  223  4  19  0  0  246
1220  212  29  0  0  0  241
1221  239  0  0  1  0  240
1222  235  0  0  0  0  235
1223  222  0  0  3  0  225
1224  216  0  7  0  0  223
1225  216  0  0  1  0  217
1226  216  2  0  0  1  219
1227  218  0  0  0  1  219
1228  214  0  0  0  0  214
1229  213  0  0  0  0  213
1230  207  0  0  0  1  208
1231  205  0  0  0  0  205
1232  185  15  3  0  0  203
1233  196  3  1  0  0  200
1234  191  0  0  9  0  200
1235  194  0  0  0  0  194
1236  188  0  3  1  0  192
1237  174  16  0  0  0  190
1238  188  0  0  2  0  190
1239  171  0  0  9  0  180
1240  165  1  13  0  0  179
1241  167  11  0  0  0  178
1242  161  0  0  1  0  162
1243  2  2  0  151  0  155
1244  158  0  0  0  0  158
1245  154  0  6  0  0  160
1246  141  24  0  0  0  165
1247  99  8  51  0  0  158
1248  147  0  12  0  0  159
1249  131  25  3  0  0  159
1250  156  0  3  0  0  159
1251  158  0  0  1  0  159
1252  152  0  0  1  1  154
1253  153  1  0  0  0  154
1254  139  9  5  0  0  153
1255  149  0  0  1  0  150
1256  140  6  1  0  1  148
1257  147  0  0  0  0  147
1258  141  0  1  0  4  146
1259  146  1  0  0  0  147
1260  145  1  0  0  0  146
1261  144  0  0  0  0  144
1262  141  0  1  0  0  142
1263  137  0  2  0  0  139
1264  134  0  0  0  0  134
1265  133  0  0  0  0  133
1266  134  0  0  0  0  134
1267  123  6  0  0  0  129
1268  125  1  0  0  2  128
1269  120  1  1  0  0  122
1270  121  0  1  0  0  122
1271  112  10  0  0  0  122
1272  122  0  1  0  0  123
1273  122  0  0  0  0  122
1274  59  61  1  0  0  121
1275  120  1  0  1  0  122
1276  122  0  0  0  0  122
1277  119  0  0  0  0  119
1278  115  4  0  0  0  119
1279  117  0  5  0  0  122
1280  119  0  0  0  1  120
1281  116  2  0  0  2  120
1282  108  8  4  0  0  120
1283  119  0  0  0  0  119
1284  117  3  0  0  0  120
1285  120  0  0  1  0  121
1286  115  0  0  0  0  115
1287  110  5  0  0  0  115
1288  116  0  0  0  0  116
1289  119  0  0  0  0  119
1290  119  0  1  0  0  120
1291  120  0  0  0  0  120
1292  120  0  0  0  0  120
1293  114  5  0  0  0  119
1294  115  0  0  0  0  115
1295  115  0  0  0  0  115
1296  115  0  0  0  0  115
1297  114  0  0  0  0  114
1298  114  0  0  0  0  114
1299  113  0  0  0  0  113
1300  101  12  0  0  0  113
1301  113  0  0  0  0  113
1302  113  0  0  0  0  113
1303  112  0  0  0  0  112
1304  106  0  0  0  0  106
1305  104  0  0  0  0  104
1306  104  0  0  0  0  104
1307  101  0  0  1  0  102
1308  97  4  1  0  0  102
1309  13  11  0  0  73  97
1310  100  0  0  0  0  100
1311  97  3  0  0  0  100
1312  99  0  0  1  0  100
1313  99  0  0  0  0  99
1314  99  0  1  0  0  100
1315  101  0  0  0  0  101
1316  94  1  3  0  0  98
1317  75  19  5  0  0  99
1318  99  1  0  0  0  100
1319  101  0  0  0  0  101
1320  96  1  0  4  0  101
1321  98  0  3  0  0  101
1322  103  0  0  0  0  103
1323  103  0  0  0  0  103
1324  106  0  0  0  0  106
1325  104  0  0  0  0  104
1326  101  0  0  0  2  103
1327  104  0  0  0  0  104
1328  104  0  0  0  0  104
1329  103  0  0  0  0  103
1330  102  0  0  0  0  102
1331  102  0  0  0  0  102
1332  102  0  0  0  1  103
1333  102  0  0  0  0  102
1334  100  0  0  0  0  100
1335  95  0  9  0  0  104
1336  103  0  0  0  0  103
1337  100  0  0  0  0  100
1338  18  0  0  0  80  98
1339  104  0  1  0  1  106
1340  103  5  0  0  0  108
1341  108  0  0  0  0  108
1342  111  0  0  0  0  111
1343  109  0  0  0  4  113
1344  92  0  0  1  19  112
1345  112  0  0  0  0  112
1346  110  0  1  0  0  111
1347  83  0  18  1  4  106
1348  107  0  0  0  0  107
1349  71  35  0  0  0  106
1350  108  0  0  0  0  108
1351  110  0  0  0  0  110
1352  42  0  0  67  0  109
1353  107  0  0  0  1  108
1354  103  4  1  0  0  108
1355  107  0  0  0  0  107
1356  107  0  0  0  0  107
1357  107  0  0  0  0  107
1358  108  0  0  0  0  108
1359  108  0  0  0  0  108
1360  107  1  0  0  0  108
1361  107  1  0  0  0  108
1362  108  0  0  0  0  108
1363  101  0  6  0  0  107
1364  0  0  0  13  89  102
1365  107  0  0  0  0  107
1366  107  0  0  1  0  108
1367  110  0  1  0  0  111
1368  111  0  0  0  0  111
1369  108  4  0  0  0  112
1370  113  0  0  0  0  113
1371  113  0  0  0  0  113
1372  114  0  0  0  0  114
1373  114  0  0  0  0  114
1374  113  0  0  0  0  113
1375  109  0  0  0  3  112
1376  4  0  0  0  104  108
1377  44  66  0  0  0  110
1378  127  0  0  0  0  127
1379  130  0  1  0  0  131
1380  135  0  0  0  0  135
1381  136  0  0  0  0  136
1382  137  0  0  0  0  137
1383  117  13  14  0  0  144
1384  143  3  2  0  0  148
1385  152  0  0  3  0  155
1386  160  0  0  0  0  160
1387  166  0  0  0  0  166
1388  169  0  0  0  0  169
1389  167  1  2  0  0  170
1390  169  3  0  0  0  172
1391  177  0  0  0  0  177
1392  181  0  0  0  0  181
1393  181  0  0  0  0  181
1394  164  14  6  0  0  184
1395  186  0  0  0  1  187
1396  189  0  0  0  0  189
1397  186  2  1  0  0  189
1398  178  0  0  1  11  190
1399  186  5  9  0  0  200
1400  203  0  0  0  0  203
1401  212  1  0  0  0  213
1402  217  0  0  0  0  217
1403  220  0  0  0  0  220
1404  220  0  0  1  0  221
1405  223  0  5  0  0  228
1406  235  0  0  0  0  235
1407  231  0  9  0  0  240
1408  232  1  8  0  0  241
1409  242  0  2  0  1  245
1410  127  28  91  0  1  247
1411  256  0  0  1  0  257
1412  252  8  0  0  0  260
1413  246  0  0  16  0  262
1414  255  3  12  0  0  270
1415  269  1  0  1  0  271
1416  254  0  19  0  0  273
1417  282  0  0  0  0  282
1418  286  0  0  0  0  286
1419  287  1  0  0  0  288
1420  291  0  0  0  0  291
1421  289  0  0  0  0  289
1422  289  0  0  0  0  289
1423  286  0  0  0  0  286
1424  281  0  5  0  0  286
1425  270  12  0  2  1  285
1426  284  0  0  0  0  284
1427  283  0  0  0  0  283
1428  266  0  17  0  0  283
1429  284  0  1  0  0  285
1430  148  0  135  0  0  283
1431  287  0  0  0  0  287
1432  279  8  0  0  0  287
1433  283  0  0  5  0  288
1434  288  0  1  0  0  289
1435  271  0  1  12  1  285
1436  284  0  0  0  0  284
1437  284  0  1  0  0  285
1438  284  3  0  0  0  287
1439  255  4  8  0  17  284
1440  282  0  0  0  0  282
1441  276  9  0  0  0  285
1442  269  0  9  0  0  278
1443  270  1  1  0  8  280
1444  270  9  0  0  0  279
1445  277  0  0  1  0  278
1446  276  0  2  0  0  278
1447  220  0  0  2  50  272
1448  266  0  5  0  0  271
1449  257  0  16  0  0  273
1450  272  2  0  0  0  274
1451  271  0  0  3  0  274
1452  257  4  0  0  13  274
1453  271  9  0  0  0  280
1454  276  0  0  1  3  280
1455  265  0  15  0  0  280
1456  272  5  1  0  1  279
1457  280  0  0  0  0  280
1458  282  0  0  0  0  282
1459  282  0  0  0  0  282
1460  281  0  0  1  0  282
1461  285  0  0  0  0  285
1462  270  6  0  0  9  285
1463  280  0  0  0  4  284
1464  273  0  10  1  0  284
1465  281  3  0  0  0  284
1466  238  39  0  0  0  277
1467  259  0  0  11  1  271
1468  258  1  7  2  0  268
1469  195  73  0  0  0  268
1470  266  2  10  0  0  278
1471  275  5  1  0  0  281
1472  278  0  0  0  0  278
1473  277  0  2  0  0  279
1474  265  0  0  10  2  277
1475  277  0  1  0  0  278
1476  281  0  0  0  0  281
1477  273  0  1  0  0  274
1478  275  0  0  0  0  275
1479  273  0  0  0  0  273
1480  239  27  0  0  0  266
1481  252  11  2  0  0  265
1482  257  0  0  0  6  263
1483  258  0  0  0  0  258
1484  257  4  0  0  0  261
1485  233  1  15  0  11  261
1486  256  1  0  0  0  257
1487  222  1  0  9  0  232
1488  221  3  4  0  0  228
1489  205  17  0  0  7  229
1490  233  0  0  0  0  233
1491  219  0  0  15  0  234
1492  229  0  1  0  0  230
1493  219  0  0  7  3  229
1494  225  2  0  0  0  227
1495  211  0  0  0  15  226
1496  202  1  12  1  0  215
1497  204  7  0  0  0  211
1498  201  0  1  0  0  202
1499  201  0  2  0  0  203
1500  195  0  2  0  8  205
1501  188  3  1  1  0  193
1502  222  0  0  0  0  222
1503  224  0  0  1  0  225
1504  223  1  0  0  0  224
1505  212  13  0  0  0  225
1506  218  0  7  0  0  225
1507  211  7  0  0  2  220
1508  211  0  0  3  8  222
1509  219  4  0  1  0  224
1510  225  0  0  0  0  225
1511  222  0  0  2  0  224
1512  221  0  3  0  0  224
1513  230  0  0  1  0  231
1514  229  0  0  0  0  229
1515  207  1  22  1  0  231
1516  231  0  5  0  0  236
1517  234  1  0  0  1  236
1518  232  0  0  5  0  237
1519  236  1  0  0  0  237
1520  242  0  0  0  0  242
1521  235  4  6  1  0  246
1522  245  0  5  0  0  250
1523  245  0  0  1  0  246
1524  201  19  0  0  28  248
1525  213  0  39  1  0  253
1526  262  0  0  0  0  262
1527  232  0  33  1  0  266
1528  270  1  0  2  0  273
1529  280  0  0  0  0  280
1530  290  0  1  0  0  291
1531  288  0  5  0  1  294
1532  297  0  0  1  0  298
1533  232  0  69  0  0  301
1534  254  0  2  47  0  303
1535  278  12  19  0  1  310
1536  292  0  1  24  0  317
1537  322  0  0  1  0  323
1538  257  13  58  0  0  328
1539  332  0  0  0  0  332
1540  327  3  0  0  1  331
1541  327  0  0  3  0  330
1542  329  0  0  2  0  331
1543  334  0  0  0  0  334
1544  293  36  3  0  1  333
1545  335  0  1  0  0  336
1546  274  0  0  63  3  340
1547  339  0  0  0  1  340
1548  318  1  0  4  14  337
1549  321  0  16  0  0  337
1550  335  0  0  2  0  337
1551  340  1  0  5  0  346
1552  347  0  2  1  0  350
1553  350  0  0  0  1  351
1554  339  0  0  9  1  349
1555  190  0  1  146  2  339
1556  317  15  10  1  0  343
1557  325  0  0  2  17  344
1558  342  0  1  0  0  343
1559  341  1  0  0  0  342
1560  348  0  0  0  1  349
1561  340  0  6  0  0  346
1562  339  0  0  0  0  339
1563  335  0  0  1  0  336
1564  318  14  0  0  0  332
1565  325  0  0  1  1  327
1566  306  0  17  0  2  325
1567  322  0  0  2  0  324
1568  317  0  1  0  4  322
1569  306  8  2  5  0  321
1570  317  0  0  2  2  321
1571  325  0  0  0  0  325
1572  325  0  0  0  0  325
1573  313  0  6  4  0  323
1574  323  0  0  0  1  324
1575  320  0  0  5  0  325
1576  325  1  0  0  0  326
1577  325  0  1  0  0  326
1578  324  4  0  0  0  328
1579  329  0  0  0  0  329
1580  326  0  0  0  0  326
1581  305  0  0  23  0  328
1582  329  0  0  0  0  329
1583  328  0  0  4  0  332
1584  331  0  0  1  0  332
1585  327  8  0  0  0  335
1586  333  0  0  0  0  333
1587  326  0  0  0  6  332
1588  332  0  0  0  0  332
1589  179  146  1  0  0  326
1590  322  0  5  1  0  328
1591  287  30  13  0  1  331
1592  330  0  0  0  1  331
1593  325  1  0  4  0  330
1594  321  0  4  3  0  328
1595  308  12  2  0  1  323
1596  71  0  1  243  0  315
1597  329  0  0  0  0  329
1598  330  0  0  0  0  330
1599  323  4  1  0  0  328
1600  326  0  2  0  0  328
1601  324  0  0  1  0  325
1602  318  1  4  0  0  323
1603  322  0  0  0  0  322
1604  322  1  0  1  0  324
1605  321  0  0  0  0  321
1606  319  0  0  0  0  319
1607  310  0  0  1  0  311
1608  309  0  1  0  0  310
1609  311  2  0  0  0  313
1610  310  0  0  0  0  310
1611  299  0  0  1  2  302
1612  304  0  2  0  0  306
1613  298  6  0  0  0  304
1614  300  2  1  0  0  303
1615  298  2  4  0  0  304
1616  301  0  0  2  0  303
1617  300  2  0  0  0  302
1618  287  1  13  0  0  301
1619  295  10  0  0  0  305
1620  295  0  0  2  0  297
1621  296  0  0  0  0  296
1622  282  11  0  0  0  293
1623  292  0  0  0  0  292
1624  272  14  0  0  0  286
1625  281  0  0  0  0  281
1626  280  0  0  0  0  280
1627  269  1  0  1  7  278
1628  275  0  0  0  0  275
1629  202  0  11  54  0  267
1630  262  5  0  0  0  267
1631  257  0  1  1  0  259
1632  254  0  0  0  0  254
1633  255  0  1  0  0  256
1634  256  0  1  0  0  257
1635  251  0  0  0  0  251
1636  243  0  0  0  0  243
1637  241  0  0  0  0  241
1638  226  6  0  0  0  232
1639  230  1  0  0  0  231
1640  233  0  0  0  0  233
1641  229  0  2  0  0  231
1642  226  0  4  0  0  230
1643  226  0  0  1  0  227
1644  227  0  0  0  0  227
1645  212  0  0  0  7  219
1646  217  0  0  0  0  217
1647  213  1  0  0  0  214
1648  209  0  0  0  0  209
1649  205  0  0  0  0  205
1650  203  1  0  0  0  204
1651  201  1  0  0  0  202
1652  2  0  0  0  189  191
1653  191  1  0  0  0  192
1654  189  0  0  2  1  192
1655  140  53  0  0  0  193
1656  194  0  1  0  0  195
1657  193  0  0  0  0  193
1658  188  0  0  0  0  188
1659  164  20  2  0  0  186
1660  158  26  0  0  1  185
1661  185  0  0  0  0  185
1662  180  5  1  0  0  186
1663  183  0  0  0  0  183
1664  178  2  1  0  0  181
1665  41  134  0  0  0  175
1666  36  6  132  1  0  175
1667  186  0  0  0  0  186
1668  190  0  0  0  0  190
1669  193  0  0  0  2  195
1670  196  0  0  0  0  196
1671  197  0  0  0  0  197
1672  189  0  6  0  0  195
1673  175  0  0  16  0  191
1674  185  0  0  0  0  185
1675  186  0  0  0  0  186
1676  186  0  0  0  0  186
1677  184  0  1  0  0  185
1678  181  1  0  0  0  182
1679  179  1  0  0  0  180
1680  176  0  0  0  0  177
1681  175  0  0  0  0  175
1682  172  1  0  0  0  173
1683  165  0  2  0  0  167
1684  153  7  0  0  0  160
1685  154  4  0  0  0  158
1686  156  0  0  0  0  156
1687  146  11  0  0  0  157
1688  157  0  0  0  0  157
1689  141  0  0  1  14  156
1690  157  0  0  0  0  157
1691  153  0  0  0  0  153
1692  153  0  0  0  0  153
1693  152  1  0  0  0  153
1694  39  1  98  0  0  138
1695  122  5  10  0  0  137
1696  138  0  0  0  0  138
1697  139  0  0  0  0  139
1698  137  0  0  1  0  138
1699  137  0  0  0  0  137
1700  135  0  0  0  0  135
1701  133  1  0  0  0  134
1702  133  0  0  0  0  133
1703  111  10  1  0  0  122
1704  120  0  2  0  0  122
1705  27  89  0  0  0  116
1706  116  0  0  0  0  116
1707  27  0  0  88  0  115
1708  117  0  0  0  0  117
1709  117  0  0  1  0  118
1710  118  0  0  0  0  118
1711  116  0  3  0  0  119
1712  104  9  2  0  0  115
1713  112  0  0  0  0  112
1714  104  7  1  0  0  112
1715  109  0  0  0  0  109
1716  105  0  0  0  0  105
1717  104  0  0  0  0  104
1718  99  0  0  0  3  102
1719  91  0  0  4  0  95
1720  2  25  0  61  0  88
1721  92  0  1  0  0  93
1722  92  0  1  0  0  93
1723  92  0  0  0  1  93
1724  89  0  0  0  0  89
1725  23  46  5  0  0  74
1726  74  0  0  0  0  74
1727  75  0  0  0  0  75
1728  36  0  0  37  0  73
1729  72  0  0  0  0  72
1730  73  0  0  0  0  73
1731  71  0  1  0  0  72
1732  73  0  0  0  0  73
1733  71  0  0  2  0  73
1734  72  0  0  0  0  72
1735  74  0  0  0  0  74
1736  72  2  0  0  0  74
1737  75  0  0  0  0  75
1738  71  2  3  0  0  76
1739  44  0  28  0  0  72
1740  71  0  0  1  0  72
1741  72  0  0  0  1  73
1742  72  0  0  0  0  72
1743  70  0  0  0  0  70
1744  70  0  0  0  0  70
1745  71  0  0  0  0  71
1746  71  0  0  0  0  71
1747  69  2  0  0  0  71
1748  70  0  2  0  0  72
1749  69  0  0  0  1  70
1750  64  0  0  1  5  70
1751  71  0  0  0  0  71
1752  70  0  1  0  0  71
1753  71  0  0  0  0  71
1754  25  37  2  0  0  64
1755  61  1  0  0  0  62
1756  0  0  0  59  0  59
1757  59  0  0  0  0  59
1758  0  0  1  0  58  59
1759  71  0  0  0  0  71
1760  78  0  0  0  1  79
1761  82  0  0  0  0  82
1762  79  0  0  0  3  82
1763  83  0  0  1  0  84
1764  85  0  0  0  0  85
1765  82  0  0  1  0  83
1766  83  0  0  0  1  84
1767  83  0  0  0  0  83
1768  80  0  0  0  0  80
1769  78  0  0  0  0  78
1770  75  0  0  4  0  79
1771  81  0  0  0  0  81
1772  82  0  0  0  0  82
1773  82  2  0  0  0  84
1774  82  0  2  2  0  86
1775  89  1  0  0  0  90
1776  90  0  0  1  0  91
1777  92  0  0  0  0  92
1778  93  0  0  0  0  93
1779  88  0  0  0  6  94
1780  93  5  1  0  0  99
1781  103  0  0  1  0  104
1782  102  1  0  0  0  103
1783  104  0  0  0  1  105
1784  101  0  1  3  0  105
1785  94  0  10  0  0  104
1786  109  0  0  0  0  109
1787  108  0  0  0  0  108
1788  110  0  1  0  0  111
1789  120  0  0  0  0  120
1790  121  0  0  2  0  123
1791  129  0  0  0  0  129
1792  134  1  0  0  0  135
1793  134  1  1  0  0  136
1794  134  0  7  0  0  141
1795  139  0  2  0  0  141
1796  140  0  1  0  0  141
1797  58  83  0  0  0  141
1798  145  13  0  0  0  158
1799  158  0  0  0  0  158
1800  145  0  1  11  0  157
1801  159  0  0  0  0  159
1802  168  0  0  0  0  168
1803  166  0  3  0  0  169
1804  168  0  0  0  1  169
1805  84  0  84  0  0  168
1806  177  0  1  0  0  178
1807  177  2  0  0  0  179
1808  180  0  0  0  0  180
1809  173  0  8  1  0  182
1810  165  20  0  0  0  185
1811  185  0  0  0  1  186
1812  191  0  3  0  0  194
1813  185  0  8  0  0  193
1814  177  17  0  0  0  194
1815  184  1  0  0  15  200
1816  207  0  1  0  0  208
1817  207  0  0  0  0  207
1818  208  0  2  0  0  210
1819  211  2  1  0  0  214
1820  207  0  8  0  0  215
1821  206  9  1  0  0  216
1822  209  8  0  0  0  217
1823  220  0  0  0  0  220
1824  221  0  0  0  0  221
1825  218  0  0  0  3  221
1826  52  0  5  0  164  221
1827  20  24  0  177  0  221
1828  244  8  0  0  0  252
1829  235  19  0  1  0  255
1830  263  0  0  0  0  263
1831  265  4  0  0  0  269
1832  272  0  0  0  0  272
1833  231  20  0  15  6  272
1834  279  0  0  0  0  279
1835  282  0  0  0  0  282
1836  280  0  0  0  0  280
1837  279  0  0  0  0  279
1838  279  0  0  0  0  279
1839  281  0  3  0  0  284
1840  269  7  11  0  0  287
1841  290  0  0  0  0  290
1842  283  12  0  1  0  296
1843  298  0  0  0  0  298
1844  294  1  0  0  2  297
1845  301  1  0  0  0  302
1846  305  0  0  0  0  305
1847  310  0  0  0  0  310
1848  309  0  1  0  0  310
1849  305  3  0  0  1  309
1850  314  2  0  0  1  317
1851  315  0  3  0  0  318
1852  319  0  0  0  0  319
1853  315  0  0  1  0  316
1854  188  0  0  125  1  314
1855  323  0  0  0  0  323
1856  321  0  0  0  0  321
1857  312  0  0  1  11  324
1858  322  0  0  0  0  322
1859  317  0  3  0  0  320
1860  51  0  262  0  0  313
1861  330  1  0  0  0  331
1862  338  1  0  0  0  339
1863  345  0  0  0  0  345
1864  343  0  1  2  0  346
1865  349  0  0  0  0  349
1866  339  0  0  0  10  349
1867  350  1  0  1  0  352
1868  354  0  0  0  0  354
1869  349  1  0  1  0  351
1870  353  0  0  0  0  353
1871  341  0  0  8  0  349
1872  341  7  6  0  0  354
1873  350  0  2  0  0  352
1874  350  0  0  0  0  350
1875  348  0  1  0  1  350
1876  350  0  0  0  0  350
1877  346  3  0  0  0  349
1878  241  0  96  4  0  341
1879  337  3  2  0  0  342
1880  312  23  5  0  0  340
1881  338  3  0  0  0  341
1882  345  0  0  0  0  345
1883  346  0  0  0  0  346
1884  343  1  0  1  0  345
1885  334  3  1  0  10  348
1886  348  0  0  0  0  348
1887  344  0  0  1  3  348
1888  339  0  7  0  0  346
1889  325  0  0  0  18  343
1890  341  0  2  0  0  343
1891  341  0  0  0  0  341
1892  331  0  1  2  0  334
1893  310  0  22  0  0  332
1894  329  0  0  1  0  330
1895  322  0  6  0  0  328
1896  282  40  0  0  0  322
1897  322  0  0  0  0  322
1898  322  0  0  0  0  322
1899  317  6  1  1  0  325
1900  325  0  0  0  0  325
1901  326  0  1  0  0  327
1902  322  3  0  0  0  325
1903  322  0  0  1  0  323
1904  313  1  8  0  0  322
1905  118  2  0  193  0  313
1906  307  0  11  0  0  318
1907  257  61  0  0  0  318
1908  305  3  0  0  18  326
1909  318  11  0  0  2  331
1910  325  1  0  1  0  327
1911  326  0  0  0  0  326
1912  325  0  0  0  1  326
1913  327  0  0  1  0  328
1914  321  8  0  0  0  329
1915  318  0  0  0  1  319
1916  314  0  0  1  0  315
1917  314  0  0  1  0  315
1918  293  18  0  0  0  311
1919  310  0  0  0  0  310
1920  312  0  0  2  0  314
1921  309  0  0  0  1  310
1922  302  0  5  0  0  307
1923  217  0  0  74  0  291
1924  279  7  0  0  11  297
1925  283  0  7  4  0  294
1926  288  4  1  0  0  293
1927  292  1  0  1  0  294
1928  291  1  0  0  0  292
1929  280  0  10  0  0  290
1930  274  2  10  0  0  286
1931  277  4  0  0  0  281
1932  276  4  0  0  0  280
1933  275  0  1  1  1  278
1934  276  1  0  0  0  277
1935  250  23  1  0  1  275
1936  243  1  30  0  0  274
1937  274  0  0  0  0  274
1938  270  0  0  9  0  279
1939  261  0  0  0  17  278
1940  279  0  1  0  0  280
1941  275  0  1  0  0  276
1942  265  2  0  1  1  269
1943  248  0  22  0  0  270
1944  270  0  0  0  0  270
1945  263  0  0  0  0  263
1946  261  0  0  0  0  261
1947  254  6  0  0  0  260
1948  250  8  0  0  0  258
1949  227  28  0  0  0  255
1950  252  0  0  1  0  253
1951  251  0  0  0  0  251
1952  251  0  0  0  0  251
1953  245  0  1  0  1  247
1954  244  0  0  0  0  244
1955  233  0  0  0  0  233
1956  232  1  0  0  0  233
1957  229  0  0  1  0  230
1958  227  0  0  0  0  227
1959  218  0  0  0  0  218
1960  194  0  18  0  1  213
1961  205  0  0  3  0  208
1962  200  0  4  1  0  205
1963  202  0  0  0  0  202
1964  194  3  0  1  0  198
1965  198  2  2  0  0  202
1966  182  16  1  0  0  199
1967  197  4  0  0  0  201
1968  197  0  0  0  3  200
1969  198  0  0  1  0  199
1970  200  0  0  0  1  201
1971  190  7  0  0  0  197
1972  193  0  0  0  0  193
1973  191  2  0  0  0  193
1974  190  3  0  0  0  193
1975  185  0  1  6  0  192
1976  193  0  0  0  0  193
1977  172  0  0  22  0  194
1978  194  0  0  1  0  195
1979  187  0  5  0  0  192
1980  181  0  9  0  0  190
1981  149  38  0  0  2  189
1982  174  8  8  0  0  190
1983  181  4  0  0  1  186
1984  182  0  0  1  2  185
1985  180  0  0  3  0  183
1986  186  0  0  0  0  186
1987  190  0  0  0  0  190
1988  187  0  0  1  0  188
1989  187  0  0  0  0  187
1990  184  0  0  1  0  185
1991  184  0  0  0  0  184
1992  179  0  0  4  0  183
1993  182  0  0  0  0  182
1994  181  0  0  0  0  181
1995  177  2  0  0  1  180
1996  177  0  0  0  0  177
1997  172  0  0  0  0  172
1998  172  0  0  0  0  172
1999  164  0  2  0  0  166
2000  164  0  0  0  0  164
2001  128  0  31  0  1  160
2002  157  0  0  1  1  159
2003  156  1  0  0  0  157
2004  3  0  0  0  146  149
2005  147  1  2  0  0  150
2006  88  56  3  0  0  147
2007  154  1  0  1  2  158
2008  158  3  0  0  0  161
2009  157  1  0  1  0  159
2010  162  5  1  0  0  168
2011  168  0  0  0  0  168
2012  162  0  0  1  1  164
2013  144  0  18  0  1  163
2014  160  3  0  0  0  163
2015  163  0  0  1  0  164
2016  164  0  1  0  0  165
2017  164  0  0  0  0  164
2018  161  0  0  0  1  162
2019  159  0  0  0  0  159
2020  159  0  0  0  0  159
2021  158  0  0  0  0  158
2022  158  0  0  0  0  158
2023  153  2  1  0  0  156
2024  138  14  3  0  0  155
2025  156  0  1  0  0  157
2026  159  0  0  0  0  159
2027  156  0  0  0  0  156
2028  154  0  3  0  0  157
2029  110  0  0  0  43  153
2030  153  2  0  0  0  155
2031  154  0  0  1  0  155
2032  156  0  0  0  0  156
2033  155  0  0  0  0  155
2034  147  0  0  0  7  154
2035  152  0  0  0  0  152
2036  140  11  0  0  0  151
2037  147  0  3  0  0  150
2038  148  0  0  0  0  148
2039  143  0  0  1  0  144
2040  142  0  1  0  0  143
2041  143  0  0  0  0  143
2042  142  0  0  0  1  143
2043  130  0  0  0  11  141
2044  131  10  0  0  0  141
2045  132  0  0  0  7  139
2046  1  0  0  0  130  131
2047  134  0  0  0  0  134
2048  123  0  13  0  0  136
2049  138  0  0  0  0  138
2050  136  0  0  0  0  136
2051  138  0  0  0  0  138
2052  138  0  1  0  0  139
2053  140  0  0  0  0  140
2054  142  0  1  0  0  143
2055  135  0  0  9  0  144
2056  146  0  0  0  0  146
2057  145  0  0  0  0  145
2058  142  2  1  0  0  145
2059  139  0  2  0  0  141
2060  136  1  0  0  1  138
2061  12  0  9  0  110  131
2062  134  0  0  1  0  135
2063  137  0  0  0  0  137
2064  127  8  2  0  0  137
2065  127  0  3  0  0  130
2066  128  0  0  0  0  128
2067  128  0  1  0  0  129
2068  110  18  0  0  0  128
2069  128  0  0  0  1  129
2070  126  1  1  0  1  129
2071  128  0  0  0  1  129
2072  128  0  0  2  0  130
2073  130  0  1  0  0  131
2074  129  0  0  0  0  129
2075  127  0  0  1  0  128
2076  127  0  0  0  1  128
2077  130  0  0  1  0  131
2078  94  0  0  0  38  132
2079  129  0  4  0  0  133
2080  112  0  20  0  0  132
2081  129  0  0  0  0  129
2082  86  42  0  0  0  128
2083  129  0  0  0  1  130
2084  131  0  0  0  0  131
2085  131  0  0  0  0  131
2086  129  0  0  0  0  129
2087  128  0  0  0  0  128
2088  126  0  2  0  0  128
2089  129  0  0  1  0  130
2090  126  4  0  0  0  130
2091  130  0  0  0  0  130
2092  128  0  0  2  0  130
2093  130  0  0  0  0  130
2094  129  0  0  1  0  130
2095  125  0  5  0  0  130
2096  125  5  0  0  0  130
2097  99  0  17  13  0  129
2098  130  0  0  0  0  130
2099  131  0  1  0  0  132
2100  125  7  0  0  0  132
2101  132  0  0  0  1  133
2102  137  0  0  0  0  137
2103  138  0  0  0  0  138
2104  139  0  0  0  0  139
2105  134  0  0  0  0  134
2106  130  1  4  0  0  135
2107  124  0  6  4  0  134
2108  124  5  0  0  0  129
2109  132  0  0  0  0  132
2110  129  0  0  0  0  129
2111  130  0  0  0  0  130
2112  132  0  0  0  0  132
2113  130  1  0  0  0  131
2114  132  0  0  0  0  132
2115  124  0  0  0  9  133
2116  132  0  0  0  1  133
2117  130  0  0  0  0  130
2118  129  0  1  1  0  131
2119  130  0  1  0  2  133
2120  130  0  2  0  0  132
2121  126  3  2  0  0  131
2122  127  0  1  0  0  128
2123  124  0  0  4  0  128
2124  125  4  0  0  0  129
2125  116  0  2  6  0  124
2126  117  2  6  0  0  125
2127  119  0  0  8  2  129
2128  126  0  0  1  8  135
2129  137  0  0  1  0  138
2130  139  0  0  0  0  139
2131  123  0  15  0  0  138
2132  131  0  3  0  0  134
2133  130  3  1  0  0  134
2134  139  0  0  0  0  139
2135  142  0  0  0  0  142
2136  145  0  0  0  0  145
2137  126  12  7  0  0  145
2138  147  0  0  0  0  147
2139  122  1  25  0  0  148
2140  125  0  1  22  0  148
2141  123  0  0  27  0  150
2142  150  1  2  0  0  153
2143  155  0  0  0  0  155
2144  154  0  0  0  0  154
2145  154  0  0  0  0  154
2146  153  0  0  0  0  153
2147  54  7  70  0  20  151
2148  156  5  0  0  1  162
2149  161  1  0  0  0  162
2150  164  0  0  0  0  164
2151  150  4  8  0  0  162
2152  149  10  1  0  0  160
2153  159  0  0  0  0  159
2154  142  8  9  0  0  159
2155  156  4  1  0  0  161
2156  159  0  0  0  0  159
2157  125  0  34  0  0  159
2158  133  21  5  0  0  159
2159  151  1  9  1  0  162
2160  115  0  30  13  0  158
2161  162  0  0  0  2  164
2162  169  0  0  0  0  169
2163  156  10  4  0  2  172
2164  172  0  0  0  0  172
2165  173  0  0  0  0  173
2166  173  1  0  0  0  174
2167  162  1  0  0  13  176
2168  181  0  0  0  0  181
2169  181  0  0  0  0  181
2170  181  0  0  0  0  181
2171  183  0  0  0  0  183
2172  173  0  9  0  0  182
2173  144  0  33  0  2  179
2174  180  0  0  0  0  180
2175  174  0  7  0  0  181
2176  184  0  1  0  0  185
2177  185  0  0  0  0  185
2178  177  0  0  2  7  186
2179  184  0  2  0  0  186
2180  177  9  0  0  0  186
2181  189  0  0  0  0  189
2182  186  0  2  0  0  188
2183  189  0  0  0  0  189
2184  176  11  0  0  5  192
2185  186  1  9  0  0  196
2186  194  0  0  2  0  196
2187  196  0  0  0  0  196
2188  197  0  0  0  0  197
2189  184  0  0  2  12  198
2190  177  0  0  0  21  198
2191  198  0  0  0  0  198
2192  193  4  5  0  0  202
2193  197  0  5  0  0  202
2194  152  1  49  0  0  202
2195  205  1  0  0  0  206
2196  199  0  5  0  0  204
2197  199  0  0  0  0  199
2198  197  3  0  0  0  200
2199  183  0  1  17  0  201
2200  203  0  0  0  1  204
2201  204  0  6  0  0  210
2202  186  24  0  0  0  210
2203  211  0  0  0  0  211
2204  211  0  0  0  0  211
2205  216  0  0  0  0  216
2206  216  0  0  0  0  216
2207  219  0  0  1  0  220
2208  227  2  0  0  0  229
2209  226  5  0  0  0  231
2210  234  0  0  0  1  235
2211  233  0  0  0  0  233
2212  220  0  10  0  0  230
2213  0  27  0  191  0  218
2214  224  2  0  0  13  239
2215  235  0  4  0  0  239
2216  239  4  0  0  0  243
2217  216  25  0  0  0  241
2218  219  16  0  0  0  235
2219  237  0  0  0  1  238
2220  178  0  0  58  0  236
2221  241  0  0  0  0  241
2222  233  0  0  8  1  242
2223  239  3  2  0  0  244
2224  243  0  2  0  1  246
2225  246  3  0  0  0  249
2226  250  0  0  0  0  250
2227  245  0  0  2  0  247
2228  245  0  0  2  0  247
2229  225  1  0  14  5  245
2230  249  0  0  0  0  249
2231  249  0  0  0  0  249
2232  192  0  26  0  23  241
2233  233  8  0  0  0  241
2234  236  0  0  6  0  242
2235  220  0  23  0  0  243
2236  234  5  0  0  0  239
2237  234  0  0  2  1  237
2238  214  20  2  0  0  236
2239  6  0  1  219  0  226
2240  236  0  1  1  0  238
2241  236  0  3  1  0  240
2242  239  0  0  0  1  240
2243  239  0  0  1  0  240
2244  77  0  159  0  0  236
2245  240  0  0  0  3  243
2246  234  0  12  0  0  246
2247  225  23  1  0  0  249
2248  248  0  0  0  0  248
2249  236  0  0  1  10  247
2250  243  4  0  0  0  247
2251  5  0  0  234  0  239
2252  248  0  0  0  0  248
2253  219  0  0  0  30  249
2254  245  12  0  0  0  257
2255  256  0  0  1  0  257
2256  257  0  0  0  1  258
2257  254  4  0  0  0  258
2258  254  6  0  0  0  260
2259  255  1  4  0  0  260
2260  263  0  0  0  0  263
2261  266  0  0  0  0  266
2262  264  0  2  0  0  266
2263  252  0  11  1  0  264
2264  234  22  11  0  0  267
2265  264  0  0  0  1  265
2266  255  4  5  0  0  264
2267  264  0  0  1  1  266
2268  263  0  3  0  0  266
2269  265  0  0  0  0  265
2270  268  0  0  0  0  268
2271  258  6  4  0  0  268
2272  270  0  0  0  0  270
2273  269  1  1  0  0  271
2274  270  1  0  0  0  271
2275  263  2  1  0  0  266
2276  73  0  1  182  0  256
2277  230  0  0  37  1  268
2278  271  0  0  0  0  271
2279  273  0  0  1  0  274
2280  278  2  0  0  0  280
2281  284  0  0  0  0  284
2282  281  0  0  0  0  281
2283  274  10  1  0  0  285
2284  278  0  0  0  9  287
2285  282  1  0  0  0  283
2286  265  6  0  0  10  281
2287  30  69  0  5  168  272
2288  266  14  0  0  1  281
2289  252  5  0  0  36  293
2290  304  0  0  0  0  304
2291  302  3  0  0  5  310
2292  285  19  0  0  6  310
2293  312  0  0  0  1  313
2294  289  0  23  0  0  312
2295  291  0  24  0  0  315
2296  310  2  1  0  0  313
2297  293  0  0  6  4  303
2298  51  6  0  229  0  286
2299  295  8  0  0  0  303
2300  241  0  41  25  1  308
2301  315  1  0  0  5  321
2302  316  2  1  0  0  319
2303  309  0  6  0  0  315
2304  303  0  14  0  0  317
2305  302  12  0  0  0  314
2306  310  0  0  0  1  311
2307  304  0  9  0  0  313
2308  303  5  1  0  1  310
2309  303  0  0  0  3  306
2310  288  4  11  0  0  303
2311  302  0  1  0  0  303
2312  293  1  0  5  1  300
2313  290  0  0  8  0  298
2314  292  0  0  0  1  293
2315  290  0  0  0  1  291
2316  281  1  5  0  0  287
2317  288  0  0  0  1  289
2318  277  12  1  0  0  290
2319  290  0  0  1  0  291
2320  286  0  4  0  0  290
2321  283  0  1  5  0  289
2322  279  0  0  0  11  290
2323  267  13  7  0  1  288
2324  286  0  0  1  0  287
2325  283  0  0  0  4  287
2326  282  3  0  0  0  285
2327  280  0  0  0  0  280
2328  202  0  0  0  76  278
2329  275  0  1  3  0  279
2330  275  0  4  0  0  279
2331  278  0  0  1  0  279
2332  273  5  0  0  0  278
2333  278  2  0  0  0  280
2334  280  0  0  0  0  280
2335  278  0  0  0  0  278
2336  270  0  0  2  0  272
2337  207  0  60  1  0  268
2338  269  0  0  0  0  269
2339  268  0  0  0  1  269
2340  262  0  8  0  0  270
2341  268  0  0  0  1  269
2342  267  0  0  0  1  268
2343  265  0  0  0  0  265
2344  261  0  0  0  0  261
2345  259  0  0  0  1  260
2346  246  0  11  0  0  257
2347  234  15  0  0  0  249
2348  246  0  0  0  0  246
2349  243  0  0  0  0  243
2350  234  7  0  0  0  241
2351  238  0  0  0  1  239
2352  235  0  3  0  0  238
2353  229  0  7  0  1  237
2354  234  0  0  0  0  234
2355  230  4  0  0  0  234
2356  227  5  0  0  1  233
2357  228  0  0  1  0  229
2358  161  0  67  0  0  228
2359  219  9  0  1  0  229
2360  220  0  0  4  1  225
2361  220  0  0  0  1  221
2362  218  0  0  0  0  218
2363  41  0  0  0  170  211
2364  215  1  0  0  0  216
2365  215  0  0  0  0  215
2366  215  0  0  0  0  215
2367  214  0  0  0  0  214
2368  213  1  0  0  0  214
2369  209  0  0  0  0  209
2370  199  0  1  4  4  208
2371  208  0  0  0  0  208
2372  206  0  0  0  0  206
2373  188  7  10  0  0  205
2374  198  0  3  0  0  201
2375  199  0  0  0  0  199
2376  42  129  1  0  4  176
2377  175  0  1  0  0  176
2378  172  4  0  0  0  176
2379  172  0  3  0  1  176
2380  167  0  3  0  0  170
2381  163  4  0  0  0  167
2382  146  7  0  0  0  153
2383  149  0  0  0  0  149
2384  143  0  1  1  0  145
2385  144  0  0  0  0  144
2386  139  0  0  0  1  140
2387  137  0  0  0  0  137
2388  132  0  0  0  0  132
2389  126  0  0  0  0  126
2390  115  0  0  0  0  115
2391  108  0  2  0  0  110
2392  84  15  0  0  0  99
2393  98  0  0  0  0  98
2394  96  3  0  0  0  99
2395  86  1  0  6  0  93
2396  89  0  0  0  0  89
2397  83  1  3  0  0  87
2398  75  0  0  1  0  76
2399  70  3  0  0  0  73
2400  75  0  0  0  0  75
2401  76  0  0  0  0  76
2402  63  12  0  0  0  75
2403  73  1  0  0  0  74
2404  69  0  0  0  0  69
2405  64  0  0  0  0  64
2406  63  0  0  0  0  63
2407  63  0  0  0  0  63
2408  58  0  0  0  0  58
2409  54  0  3  0  0  57
2410  57  0  0  0  0  57
2411  49  0  6  0  0  55
2412  46  0  7  0  0  53
2413  46  2  1  0  0  49
2414  47  2  0  0  0  49
2415  0  47  0  0  0  47
2416  34  0  16  0  0  50
2417  50  0  0  0  0  50
2418  50  0  0  0  0  50
2419  36  0  17  0  0  53
2420  59  0  1  0  0  60
2421  60  0  0  1  0  61
2422  63  0  0  0  0  63
2423  62  0  0  0  0  62
2424  53  8  1  0  0  62
2425  62  0  0  0  0  62
2426  63  0  0  0  0  63
2427  64  0  0  0  0  64
2428  63  0  0  0  1  64
2429  65  0  1  0  0  66
2430  66  0  0  0  0  66
2431  65  0  1  0  0  66
2432  66  0  0  0  0  66
2433  62  0  0  3  0  65
2434  55  0  1  0  9  65
2435  4  0  0  59  0  63
2436  68  0  0  0  0  68
2437  67  0  1  0  0  68
2438  68  0  0  0  0  68
2439  67  1  0  0  0  68
2440  68  0  0  0  1  69
2441  69  0  0  0  0  69
2442  64  0  0  4  0  68
2443  67  0  0  0  0  67
2444  68  0  0  0  0  68
2445  69  1  0  0  0  70
2446  69  0  1  0  0  70
2447  67  0  0  2  0  69
2448  63  0  0  0  6  69
2449  69  0  0  0  0  69
2450  70  0  0  0  0  70
2451  66  1  0  1  0  68
2452  68  0  0  0  0  68
2453  63  0  4  0  0  67
2454  64  1  2  0  0  67
2455  66  0  0  0  1  67
2456  68  1  0  0  0  69
2457  66  1  2  0  0  69
2458  66  0  1  1  0  68
2459  67  2  0  0  0  69
2460  68  0  0  0  0  68
2461  67  0  0  1  0  68
2462  64  1  2  0  0  67
2463  54  12  1  0  0  67
2464  68  0  0  0  0  68
2465  69  0  0  0  0  69
2466  69  0  0  0  1  70
2467  68  0  2  0  0  70
2468  71  0  0  0  0  71
2469  70  0  1  0  0  71
2470  67  2  2  0  0  71
2471  16  0  0  0  55  71
2472  50  30  0  0  0  80
2473  82  0  1  0  0  83
2474  84  0  0  1  0  85
2475  85  0  0  0  0  85
2476  87  1  0  0  0  88
2477  88  1  0  0  0  89
2478  88  0  0  0  0  88
2479  89  0  0  0  0  89
2480  89  0  0  0  0  89
2481  81  0  7  0  0  88
2482  88  0  0  0  0  88
2483  87  0  0  0  1  88
2484  54  0  0  34  1  89
2485  87  0  0  0  0  87
2486  86  1  0  0  0  87
2487  81  0  1  4  1  87
2488  87  0  0  0  0  87
2489  88  0  0  0  0  88
2490  88  0  0  0  0  88
2491  86  0  0  0  0  86
2492  84  0  1  0  0  85
2493  85  0  0  0  0  85
2494  82  0  2  0  1  85
2495  85  0  0  1  0  86
2496  87  0  0  0  0  87
2497  69  15  0  1  0  85
2498  85  0  0  0  0  85
2499  84  2  0  0  1  87
2500  87  0  0  0  0  87
2501  89  0  0  0  0  89
2502  81  0  1  9  0  91
2503  93  0  1  0  0  94
2504  83  10  1  0  0  94
2505  95  0  0  0  0  95
2506  93  2  0  1  0  96
2507  96  1  0  0  0  97
2508  99  3  0  0  1  103
2509  102  0  3  0  0  105
2510  102  4  2  0  0  108
2511  107  0  0  0  0  107
2512  115  0  0  0  0  115
2513  117  0  1  0  0  118
2514  124  0  0  0  1  125
2515  137  0  0  8  0  145
2516  143  0  0  1  2  146
2517  147  9  0  0  0  156
2518  156  1  3  0  0  160
2519  164  0  0  0  0  164
2520  151  0  0  0  17  168
2521  167  0  1  1  0  169
2522  146  22  0  0  0  168
2523  169  0  0  0  0  169
2524  172  0  0  0  0  172
2525  171  0  0  0  0  171
2526  157  10  1  0  0  168
2527  158  4  7  0  0  169
2528  167  5  0  0  0  172
2529  170  2  0  0  0  172
2530  178  0  0  4  0  182
2531  182  0  1  0  1  184
2532  187  0  0  0  0  187
2533  186  0  4  0  0  190
2534  191  0  0  10  0  201
2535  200  0  0  2  0  202
2536  209  0  0  0  0  209
2537  214  0  0  0  1  215
2538  217  0  2  0  0  219
2539  219  0  0  0  0  219
2540  214  0  1  2  0  217
2541  127  0  0  90  0  217
2542  214  1  9  0  0  224
2543  180  49  0  0  0  229
2544  235  0  1  0  0  236
2545  241  1  2  0  0  244
2546  246  0  0  0  0  246
2547  253  0  0  0  0  253
2548  253  6  0  0  0  259
2549  264  0  0  1  0  265
2550  267  1  0  0  0  268
2551  265  7  0  0  0  272
2552  273  0  0  1  0  274
2553  270  0  0  0  8  278
2554  280  3  0  0  0  283
2555  270  0  0  13  0  283
2556  278  2  9  0  0  289
2557  299  1  0  0  0  300
2558  281  16  3  0  2  302
2559  305  0  2  0  0  307
2560  310  0  1  0  0  311
2561  307  0  2  0  0  309
2562  303  0  7  0  0  310
2563  313  0  0  0  0  313
2564  312  0  0  1  0  313
2565  301  2  0  7  4  314
2566  319  0  0  0  0  319
2567  319  0  0  0  0  319
2568  318  0  0  0  0  318
2569  308  6  0  6  0  320
2570  319  0  0  0  0  319
2571  320  0  0  0  0  320
2572  319  0  0  0  0  319
2573  319  0  0  0  1  320
2574  309  8  0  0  0  317
2575  318  0  1  0  0  319
2576  308  7  0  0  1  316
2577  302  0  15  0  0  317
2578  305  6  3  0  0  314
2579  312  0  0  2  0  314
2580  3  0  0  310  0  313
2581  319  0  0  0  1  320
2582  320  0  0  0  0  320
2583  307  0  0  12  1  320
2584  319  0  0  0  0  319
2585  302  0  17  0  1  320
2586  320  2  0  0  0  322
2587  323  0  0  0  0  323
2588  324  0  0  0  0  324
2589  324  0  1  0  0  325
2590  324  0  0  1  0  325
2591  322  2  0  0  1  325
2592  313  2  11  0  0  326
2593  289  29  7  0  0  325
2594  319  6  0  0  0  325
2595  218  0  1  105  0  324
2596  307  0  19  0  0  326
2597  307  15  2  0  0  324
2598  306  15  0  2  0  323
2599  319  5  1  0  0  325
2600  9  7  0  0  293  309
2601  194  121  0  0  0  315
2602  321  0  0  0  0  321
2603  319  0  0  0  0  319
2604  309  1  0  0  8  318
2605  312  1  0  0  0  313
2606  318  0  0  0  0  318
2607  304  4  0  1  0  309
2608  310  0  0  0  0  310
2609  309  0  1  0  0  310
2610  311  0  0  0  0  311
2611  284  1  14  0  0  299
2612  292  0  0  0  0  292
2613  290  0  0  0  0  290
2614  274  0  6  0  0  280
2615  263  4  1  0  1  269
2616  260  0  0  0  0  260
2617  260  1  0  0  0  261
2618  234  22  0  0  0  256
2619  240  0  12  0  0  252
2620  231  3  19  0  0  253
2621  251  0  1  0  0  252
2622  239  10  0  2  0  251
2623  246  0  0  3  0  249
2624  249  0  0  0  0  249
2625  244  0  0  0  0  244
2626  243  0  0  0  0  243
2627  2  0  0  216  0  218
2628  221  0  0  0  0  221
2629  217  0  0  7  0  224
2630  217  0  3  0  0  220
2631  215  4  0  0  0  219
2632  178  0  19  7  8  212
2633  209  0  0  3  0  212
2634  185  0  0  27  0  212
2635  206  0  0  0  0  206
2636  195  0  11  0  0  206
2637  203  3  0  0  0  206
2638  205  1  0  0  0  206
2639  202  0  0  0  0  202
2640  191  0  1  0  0  192
2641  188  0  2  0  0  190
2642  177  10  3  0  1  191
2643  183  0  0  0  0  183
2644  174  0  0  0  0  174
2645  166  0  0  0  0  166
2646  164  2  0  0  0  166
2647  165  0  0  0  0  165
2648  25  0  0  125  0  150
2649  152  1  0  0  0  153
2650  155  0  0  0  0  155
2651  153  3  0  0  0  156
2652  146  0  10  0  0  156
2653  146  7  0  0  0  153
2654  151  0  0  0  0  151
2655  145  0  0  0  5  150
2656  147  0  1  0  0  148
2657  142  4  0  0  1  147
2658  147  0  0  0  0  147
2659  142  0  2  0  2  146
2660  145  0  0  0  1  146
2661  147  0  0  0  0  147
2662  115  0  28  0  0  143
2663  128  11  0  2  2  143
2664  129  11  3  0  0  143
2665  140  0  0  2  0  142
2666  39  6  67  0  26  138
2667  149  0  0  0  2  151
2668  154  0  0  0  0  154
2669  156  0  1  0  0  157
2670  151  6  3  0  1  161
2671  166  0  2  0  0  168
2672  165  0  1  2  1  169
2673  164  4  0  0  0  168
2674  167  0  0  0  2  169
2675  176  1  0  0  0  177
2676  166  12  0  0  0  178
2677  164  4  13  0  0  181
2678  93  83  0  0  1  177
2679  186  0  0  0  1  187
2680  189  0  2  0  0  191
2681  193  2  1  0  0  196
2682  193  0  0  1  0  194
2683  191  2  0  0  0  193
2684  172  2  0  0  16  190
2685  187  0  1  0  0  188
2686  49  0  130  0  0  179
2687  120  58  10  0  0  188
2688  172  18  0  0  1  191
2689  182  0  9  0  0  191
2690  182  11  0  0  0  193
2691  194  0  0  1  0  195
2692  199  0  0  0  0  199
2693  197  0  0  0  2  199
2694  197  0  0  0  0  197
2695  195  0  0  0  0  195
2696  196  0  0  0  0  196
2697  200  0  0  0  0  200
2698  196  0  0  0  0  196
2699  193  0  0  1  0  194
2700  187  0  3  0  0  190
2701  182  1  6  0  0  189
2702  75  0  0  88  21  184
2703  183  4  0  0  0  187
2704  187  0  0  1  0  188
2705  183  1  5  0  0  189
2706  187  3  0  0  0  190
2707  187  0  1  0  0  188
2708  161  0  26  0  0  187
2709  156  0  0  32  0  188
2710  187  0  0  1  1  189
2711  190  0  1  0  0  191
2712  192  0  0  0  0  192
2713  182  0  10  0  0  192
2714  189  0  1  0  0  190
2715  113  76  0  0  0  189
2716  191  0  0  1  0  192
2717  194  1  0  0  0  195
2718  197  0  0  0  0  197
2719  190  0  5  1  1  197
2720  196  0  0  1  0  197
2721  196  0  0  0  0  196
2722  194  0  1  0  0  195
2723  189  4  0  0  0  193
2724  192  0  0  0  0  192
2725  186  0  4  0  0  190
2726  102  84  2  0  1  189
2727  103  0  0  4  81  188
2728  108  0  0  0  81  189
2729  189  0  0  1  0  190
2730  190  0  1  0  1  192
2731  190  0  1  0  0  191
2732  189  0  0  1  1  191
2733  186  0  5  0  0  191
2734  169  21  0  0  0  190
2735  189  0  0  0  0  189
2736  189  0  0  0  0  189
2737  188  0  0  0  0  188
2738  183  3  0  0  1  187
2739  186  0  0  0  1  187
2740  187  0  0  0  0  187
2741  166  1  18  0  0  185
2742  182  0  1  0  0  183
2743  182  0  0  0  0  182
2744  163  0  17  0  0  180
2745  145  35  0  0  0  180
2746  179  0  0  0  0  179
2747  180  0  0  0  0  180
2748  179  0  0  0  0  179
2749  169  0  10  0  0  179
2750  159  0  17  1  0  177
2751  155  21  0  0  0  176
2752  175  0  0  0  0  175
2753  173  0  0  1  0  174
2754  173  0  0  0  0  173
2755  130  1  35  0  0  166
2756  93  6  61  0  0  160
2757  160  0  0  0  0  160
2758  156  0  0  0  0  156
2759  150  5  0  0  0  155
2760  149  0  0  0  6  155
2761  150  0  0  3  0  153
2762  149  0  0  0  0  149
2763  147  0  0  0  1  148
2764  144  0  0  0  1  145
2765  136  0  0  0  4  140
2766  132  4  0  0  0  136
2767  131  0  0  0  2  133
2768  126  0  0  0  0  126
2769  124  0  0  0  0  124
2770  121  0  0  0  0  121
2771  114  0  1  0  0  115
2772  109  0  0  0  0  109
2773  103  0  0  0  0  103
2774  94  0  1  0  0  95
2775  95  0  0  0  0  95
2776  86  0  0  1  0  87
2777  82  0  0  0  2  84
2778  80  0  1  0  0  81
2779  72  0  5  0  0  77
2780  73  2  0  0  0  75
2781  63  7  0  0  0  70
2782  60  4  0  0  0  64
2783  62  0  0  0  0  62
2784  57  2  0  0  0  59
2785  58  0  0  0  0  58
2786  58  0  0  0  0  58
2787  58  0  0  0  0  58
2788  36  0  1  0  2  39
2789  39  0  0  0  0  39
2790  39  0  0  0  0  39
2791  0  0  0  0  0  0
2792  0  0  0  0  0  0
2793  0  0  0  0  0  0
2794  0  0  0  0  0  0
2795  0  0  0  0  0  0
2796  0  0  0  0  0  0
2797  0  0  0  0  0  0
2798  0  0  0  0  0  0
2799  0  0  0  0  0  0
2800  0  0  0  0  0  0
2801  0  0  0  0  0  0
2802  0  0  0  0  0  0
2803  0  0  0  0  0  0
2804  0  0  0  0  0  0
2805  0  0  0  0  0  0
2806  0  0  0  0  0  0
2807  0  0  0  0  0  0
2808  0  0  0  0  0  0
2809  0  0  0  0  0  0
2810  0  0  0  0  0  0
2811  0  0  0  0  0  0
2812  0  0  0  0  0  0
2813  0  0  0  0  0  0
2814  0  0  0  0  0  0
2815  0  0  0  0  0  0
2816  0  0  0  0  0  0
2817  0  0  0  0  0  0
2818  0  0  0  0  0  0
2819  0  0  0  0  0  0
2820  0  0  0  0  0  0
2821  0  0  0  0  0  0
2822  0  0  0  0  0  0
2823  0  0  0  0  0  0
2824  0  0  0  0  0  0
