Position	CountMatch	CountA	CountT	CountG	CountC	Depth
1  4069  0  0  0  0  3899
2  4281  0  0  0  0  4284
3  4826  0  0  6  8  4814
4  4751  86  129  26  0  4997
5  4975  16  180  12  0  5183
6  5177  101  23  0  9  5314
7  4556  761  52  0  33  5401
8  3865  65  94  1851  0  5871
9  6286  50  47  14  0  6395
10  6165  165  214  19  0  6563
11  6649  0  57  27  22  6759
12  6806  43  0  4  18  6873
13  6954  17  0  13  24  7014
14  6995  68  0  26  13  7104
15  6276  232  712  0  23  7249
16  7042  201  53  0  29  7331
17  7335  0  19  39  16  7412
18  6021  1371  55  0  36  7488
19  7531  62  127  0  9  7738
20  7651  72  84  0  20  7834
21  7712  47  0  86  60  7907
22  7677  172  106  77  0  8033
23  8144  0  10  21  24  8204
24  8231  0  26  12  18  8291
25  8228  0  52  9  62  8357
26  8032  71  309  74  0  8494
27  8287  458  22  0  15  8784
28  8825  0  82  6  4  8926
29  8657  100  230  0  37  9024
30  8853  62  189  24  0  9133
31  8732  135  338  37  0  9247
32  8722  75  459  62  0  9326
33  8692  77  606  46  0  9424
34  8591  753  110  0  60  9518
35  9227  0  174  212  29  9648
36  9700  0  43  13  20  9791
37  9583  163  85  0  34  9873
38  9054  150  734  52  0  9994
39  9494  396  167  0  35  10100
40  10044  0  51  49  26  10182
41  10022  151  33  0  43  10258
42  10017  179  130  16  0  10349
43  10227  0  65  103  7  10409
44  10328  74  0  12  42  10465
45  10305  0  55  54  35  10457
46  9888  164  381  43  0  10494
47  7837  401  111  0  2125  10481
48  10336  30  265  13  0  10653
49  10368  67  197  38  0  10683
50  10543  88  0  12  33  10687
51  10134  109  523  16  0  10795
52  10695  0  71  44  27  10844
53  10709  110  0  15  33  10872
54  10828  41  0  19  9  10902
55  10827  40  0  9  15  10901
56  9470  183  1109  75  0  10851
57  9953  753  65  0  67  10852
58  10627  0  81  80  17  10819
59  8855  112  1844  17  0  10838
60  10340  417  138  0  13  10912
61  10854  0  53  17  8  10940
62  10791  104  0  11  44  10959
63  10853  54  0  32  16  10965
64  10906  18  0  2  42  10978
65  10812  27  0  24  52  10926
66  9954  49  760  46  0  10821
67  9943  634  115  0  60  10766
68  10627  63  0  27  31  10760
69  10351  216  126  0  39  10740
70  10446  90  0  36  107  10685
71  10345  80  215  0  61  10706
72  10347  62  164  96  0  10677
73  10283  240  0  18  83  10629
74  10489  0  53  71  25  10643
75  10311  146  0  21  139  10627
76  9793  0  649  93  30  10575
77  10175  263  103  0  53  10605
78  9975  298  198  133  0  10611
79  10319  0  84  82  39  10534
80  8724  1619  121  22  0  10496
81  10277  0  74  43  59  10460
82  10092  132  232  29  0  10492
83  9600  280  512  72  0  10477
84  10262  0  140  18  57  10487
85  10264  82  0  95  70  10519
86  10462  85  0  13  35  10603
87  10499  60  0  36  13  10615
88  10426  110  0  22  23  10590
89  10439  57  0  13  25  10553
90  10199  101  0  36  119  10459
91  9817  225  283  0  34  10367
92  9860  293  134  0  16  10313
93  9713  313  183  0  56  10272
94  9937  118  0  67  39  10169
95  9710  220  235  0  16  10186
96  10074  0  23  23  15  10142
97  9956  47  0  64  30  10105
98  9354  95  554  32  0  10047
99  8719  427  584  236  0  9975
100  8289  1391  210  0  72  9972
101  9168  520  185  0  73  9955
102  9838  0  43  27  33  9947
103  9717  112  0  17  82  9939
104  9736  65  0  39  52  9900
105  8681  282  732  69  0  9777
106  8635  171  875  56  0  9747
107  8827  808  63  0  10  9718
108  9539  0  75  47  31  9702
109  8539  73  971  112  0  9703
110  9101  509  91  0  28  9739
111  9505  145  0  22  30  9707
112  8925  448  295  37  0  9710
113  9529  0  50  94  25  9707
114  9588  0  83  40  11  9729
115  9613  0  49  6  35  9712
116  9598  0  22  20  11  9664
117  9421  0  114  31  33  9600
118  9338  125  0  57  42  9566
119  9022  271  229  0  13  9538
120  9169  113  186  24  0  9496
121  8461  694  236  36  0  9433
122  9323  0  63  15  20  9424
123  9216  0  101  26  36  9387
124  8605  0  600  66  41  9317
125  8751  334  0  54  107  9250
126  7957  346  0  826  36  9173
127  8854  246  0  27  18  9145
128  8046  165  0  778  43  9039
129  8835  103  0  64  12  9013
130  8855  26  0  18  40  8949
131  6258  89  2189  161  0  8700
132  7088  1149  405  0  21  8664
133  8497  103  0  36  44  8686
134  8211  332  109  0  39  8695
135  8334  128  74  0  90  8631
136  8352  0  123  40  16  8540
137  7822  85  542  56  0  8512
138  7291  993  83  0  45  8421
139  8205  103  0  28  52  8398
140  7846  88  409  36  0  8383
141  7277  74  922  50  0  8323
142  7010  689  494  0  80  8277
143  8038  34  0  23  155  8255
144  8019  125  102  77  0  8317
145  8083  0  104  52  38  8277
146  7984  0  77  34  17  8123
147  7785  91  172  0  47  8098
148  7888  0  76  24  68  8066
149  7885  78  110  35  0  8102
150  7401  167  98  340  0  8011
151  7759  122  0  11  21  7919
152  7779  17  0  14  63  7880
153  7072  142  486  0  38  7742
154  7516  55  0  17  67  7657
155  7059  273  138  70  0  7550
156  7214  131  0  62  35  7447
157  7192  0  61  41  16  7316
158  7152  41  0  9  53  7261
159  6745  143  181  0  42  7118
160  6784  117  60  55  0  7018
161  6804  0  17  23  20  6871
162  6742  44  0  17  16  6822
163  5671  0  72  62  757  6570
164  5915  111  437  28  0  6495
165  5931  333  83  0  31  6380
166  5872  317  64  0  21  6278
167  6038  26  0  80  42  6190
168  6027  18  0  41  23  6115
169  5328  145  439  0  28  5941
170  5180  118  477  0  34  5813
171  5408  175  83  21  0  5693
172  5409  67  133  5  0  5616
173  4975  0  45  42  417  5481
174  5366  33  0  17  10  5428
175  5119  123  40  14  0  5303
176  5115  0  3  10  18  5147
177  4739  55  89  24  0  4913
178  4232  217  19  0  3  4475
179  4146  12  16  0  4  4179
180  2278  18  9  0  0  2306
181  1805  0  0  0  0  1805
182  0  0  0  0  0  0
183  0  0  0  0  0  0
