Position	CountMatch	CountA	CountT	CountG	CountC	Depth
1  4168  0  0  0  0  4130
2  4266  0  0  0  0  4266
3  4463  5  6  0  3  4476
4  4600  24  13  0  11  4646
5  3512  0  13  1158  13  4696
6  5220  95  163  20  0  5485
7  5291  0  355  131  27  5798
8  5407  440  70  0  40  5956
9  5933  60  73  8  0  6072
10  6008  0  75  15  45  6143
11  5913  187  79  22  0  6201
12  5857  0  40  372  18  6286
13  5938  237  125  85  0  6385
14  6354  0  49  42  4  6449
15  5953  77  444  23  0  6497
16  5964  470  79  0  63  6576
17  6028  479  31  0  91  6629
18  6600  45  0  6  22  6673
19  6219  98  301  67  0  6685
20  6109  491  63  0  26  6689
21  2082  4559  28  0  31  6700
22  6510  0  24  322  51  6906
23  6493  70  383  21  0  6966
24  5970  887  140  0  35  7032
25  6881  0  60  122  5  7068
26  6566  67  423  26  0  7082
27  6592  410  57  0  25  7084
28  7038  15  0  9  21  7083
29  6436  61  553  29  0  7079
30  6347  645  66  0  15  7073
31  6776  213  54  0  26  7069
32  6934  64  23  0  41  7062
33  6675  79  237  37  0  7028
34  6667  282  40  0  16  7005
35  6953  12  0  19  10  6994
36  6769  52  124  0  33  6978
37  6624  297  19  0  22  6962
38  6674  74  159  25  0  6932
39  6801  0  58  19  14  6892
40  6828  20  0  11  11  6870
41  6536  96  173  0  15  6820
42  5081  1531  40  26  0  6678
43  6480  93  68  1  0  6642
44  6532  0  36  12  25  6605
45  6505  14  0  16  42  6577
46  6380  44  55  8  0  6487
47  6106  0  219  16  2  6343
48  4495  26  0  7  1281  5809
49  4611  915  112  3  0  5641
50  5134  172  43  0  7  5356
51  5198  10  4  1  0  5213
52  4991  0  3  0  0  4994
53  2038  0  0  0  0  2038
